date,total_confirmed,total_deaths,total_recovered,total_infected,mortality_rate,recovery_rate,daily_growth_rate
03-03-2020,1,0,0,1,0,0,1
03-04-2020,1,0,0,1,0,0,1.0
03-05-2020,1,0,0,1,0,0,1.0
03-06-2020,1,0,0,1,0,0,1.0
03-07-2020,1,0,0,1,0,0,1.0
03-08-2020,1,0,0,1,0,0,1.0
03-09-2020,1,0,0,1,0,0,1.0
03-10-2020,1,0,0,1,0,0,1.0
03-11-2020,1,0,0,1,0,0,1.0
03-12-2020,1,0,0,1,0,0,1.0
03-13-2020,1,0,1,0,0,100.0,1.0
03-14-2020,1,0,1,0,0,100.0,1.0
03-15-2020,8,0,1,7,0,12.5,8.0
03-16-2020,17,0,1,16,0,5.88,2.125
03-17-2020,34,0,1,33,0,2.94,2.0
03-18-2020,52,0,1,51,0,1.92,1.5294117647058822
03-19-2020,69,0,1,68,0,1.45,1.3269230769230769
03-20-2020,85,0,1,84,0,1.18,1.2318840579710144
03-21-2020,85,0,1,84,0,1.18,1.0
03-22-2020,112,0,1,111,0,0.89,1.3176470588235294
03-23-2020,127,0,1,126,0,0.79,1.1339285714285714
03-24-2020,154,0,1,153,0,0.65,1.2125984251968505
03-25-2020,172,0,1,171,0,0.58,1.1168831168831168
03-26-2020,212,0,1,211,0,0.47,1.2325581395348837
03-27-2020,235,1,18,217,0.43,7.66,1.1084905660377358
03-28-2020,246,1,18,228,0.41,7.32,1.0468085106382978
03-29-2020,259,3,18,241,1.16,6.95,1.0528455284552845
03-30-2020,268,5,26,242,1.87,9.7,1.0347490347490347
03-31-2020,274,5,30,244,1.82,10.95,1.0223880597014925
04-01-2020,278,5,36,242,1.8,12.95,1.0145985401459854
04-02-2020,299,5,45,254,1.67,15.05,1.0755395683453237
04-03-2020,310,5,58,252,1.61,18.71,1.0367892976588629
04-04-2020,323,5,74,249,1.55,22.91,1.0419354838709678
04-05-2020,345,5,110,235,1.45,31.88,1.068111455108359
04-06-2020,349,6,126,223,1.72,36.1,1.0115942028985507
04-07-2020,353,6,138,215,1.7,39.09,1.011461318051576
04-08-2020,358,6,150,208,1.68,41.9,1.0141643059490084
04-09-2020,372,7,161,211,1.88,43.28,1.0391061452513966
04-10-2020,372,7,170,202,1.88,45.7,1.0
04-11-2020,381,7,177,204,1.84,46.46,1.0241935483870968
04-12-2020,389,7,201,188,1.8,51.67,1.020997375328084
04-13-2020,391,7,215,176,1.79,54.99,1.0051413881748072
04-14-2020,397,7,235,162,1.76,59.19,1.0153452685421995
04-15-2020,401,7,250,151,1.75,62.34,1.0100755667506298
04-16-2020,402,7,259,143,1.74,64.43,1.0024937655860349
04-17-2020,407,7,265,142,1.72,65.11,1.0124378109452736
04-18-2020,413,7,269,144,1.69,65.13,1.0147420147420148
04-19-2020,417,7,276,141,1.68,66.19,1.0096852300242132
04-20-2020,425,7,282,143,1.65,66.35,1.0191846522781776
04-21-2020,428,7,297,131,1.64,69.39,1.0070588235294118
04-22-2020,435,7,315,120,1.61,72.41,1.016355140186916
04-23-2020,437,7,318,119,1.6,72.77,1.0045977011494254
04-24-2020,441,7,326,115,1.59,73.92,1.0091533180778032
04-25-2020,444,7,332,112,1.58,74.77,1.0068027210884354
04-26-2020,447,7,337,110,1.57,75.39,1.0067567567567568
04-27-2020,449,7,342,107,1.56,76.17,1.0044742729306488
04-28-2020,449,8,348,101,1.78,77.51,1.0
04-29-2020,451,8,356,95,1.77,78.94,1.0044543429844097
04-30-2020,453,8,362,91,1.77,79.91,1.0044345898004434
05-01-2020,459,8,364,95,1.74,79.3,1.0132450331125828
05-02-2020,460,9,367,93,1.96,79.78,1.0021786492374727
05-03-2020,461,9,367,94,1.95,79.61,1.0021739130434784
05-04-2020,465,9,370,95,1.94,79.57,1.0086767895878526
05-05-2020,471,9,375,96,1.91,79.62,1.0129032258064516
05-06-2020,473,9,377,96,1.9,79.7,1.0042462845010616
05-07-2020,494,9,381,113,1.82,77.13,1.0443974630021142
05-08-2020,508,9,385,123,1.77,75.79,1.0283400809716599
05-09-2020,522,9,387,135,1.72,74.14,1.0275590551181102
05-10-2020,540,9,389,151,1.67,72.04,1.0344827586206897
05-11-2020,562,9,390,172,1.6,69.4,1.0407407407407407
05-12-2020,576,9,390,186,1.56,67.71,1.0249110320284698
05-13-2020,582,9,392,190,1.55,67.35,1.0104166666666667
05-14-2020,586,9,393,193,1.54,67.06,1.006872852233677
05-15-2020,596,9,401,195,1.51,67.28,1.0170648464163823
05-16-2020,607,9,404,203,1.48,66.56,1.0184563758389262
05-17-2020,613,9,408,205,1.47,66.56,1.0098846787479407
05-18-2020,629,9,413,216,1.43,65.66,1.0261011419249593
05-19-2020,649,9,417,232,1.39,64.25,1.0317965023847377
05-20-2020,672,9,446,226,1.34,66.37,1.0354391371340523
05-21-2020,684,9,457,227,1.32,66.81,1.0178571428571428
05-22-2020,700,9,461,239,1.29,65.86,1.023391812865497
05-23-2020,704,9,470,234,1.28,66.76,1.0057142857142858
05-24-2020,708,9,471,237,1.27,66.53,1.0056818181818181
05-25-2020,711,9,479,232,1.27,67.37,1.0042372881355932
05-26-2020,718,9,586,132,1.25,81.62,1.009845288326301
05-27-2020,720,9,586,134,1.25,81.39,1.0027855153203342
05-28-2020,728,9,497,231,1.24,68.27,1.011111111111111
05-29-2020,730,9,507,223,1.23,69.45,1.0027472527472527
05-30-2020,734,9,507,227,1.23,69.07,1.0054794520547945
05-31-2020,739,9,522,217,1.22,70.64,1.0068119891008174
06-01-2020,746,9,535,211,1.21,71.72,1.0094722598105548
06-02-2020,755,9,549,206,1.19,72.72,1.0120643431635388
06-03-2020,757,9,561,196,1.19,74.11,1.0026490066225167
06-04-2020,765,9,566,199,1.18,73.99,1.010568031704095
06-05-2020,784,9,571,213,1.15,72.83,1.0248366013071895
06-06-2020,795,9,586,209,1.13,73.71,1.0140306122448979
06-07-2020,808,9,607,201,1.11,75.12,1.0163522012578616
06-08-2020,831,9,627,204,1.08,75.45,1.0284653465346534
06-09-2020,845,9,657,188,1.07,77.75,1.016847172081829
06-10-2020,863,9,663,200,1.04,76.83,1.021301775147929
06-11-2020,890,9,670,220,1.01,75.28,1.0312862108922365
06-12-2020,915,9,671,244,0.98,73.33,1.0280898876404494
06-13-2020,953,9,678,275,0.94,71.14,1.0415300546448087
06-14-2020,961,9,682,279,0.94,70.97,1.0083945435466946
06-15-2020,979,9,692,287,0.92,70.68,1.0187304890738813
06-16-2020,981,9,693,288,0.92,70.64,1.0020429009193055
06-17-2020,987,9,693,294,0.91,70.21,1.0061162079510704
06-18-2020,1001,9,697,304,0.9,69.63,1.0141843971631206
06-19-2020,1008,9,708,300,0.89,70.24,1.006993006993007
06-20-2020,1015,9,722,293,0.89,71.13,1.0069444444444444
06-21-2020,1033,9,739,294,0.87,71.54,1.0177339901477833
06-22-2020,1042,9,751,291,0.86,72.07,1.0087124878993223
06-23-2020,1047,9,772,275,0.86,73.73,1.0047984644913628
06-24-2020,1071,9,782,289,0.84,73.02,1.0229226361031518
06-25-2020,1086,9,797,289,0.83,73.39,1.0140056022408963
06-26-2020,1104,9,830,274,0.82,75.18,1.0165745856353592
06-27-2020,1111,9,841,270,0.81,75.7,1.006340579710145
06-28-2020,1121,9,860,261,0.8,76.72,1.009000900090009
06-29-2020,1128,9,867,261,0.8,76.86,1.0062444246208742
06-30-2020,1132,9,882,250,0.8,77.92,1.00354609929078
07-01-2020,1133,9,886,247,0.79,78.2,1.0008833922261484
07-02-2020,1136,9,889,247,0.79,78.26,1.002647837599294
07-03-2020,1147,10,897,250,0.87,78.2,1.0096830985915493
07-04-2020,1150,10,902,248,0.87,78.43,1.002615518744551
07-05-2020,1164,10,942,222,0.86,80.93,1.0121739130434784
07-06-2020,1167,10,957,210,0.86,82.01,1.0025773195876289
07-07-2020,1169,10,969,200,0.86,82.89,1.0017137960582692
07-08-2020,1169,10,977,192,0.86,83.58,1.0
07-09-2020,1169,10,982,187,0.86,84.0,1.0
07-10-2020,1173,10,986,187,0.85,84.06,1.003421727972626
07-11-2020,1176,10,991,185,0.85,84.27,1.0025575447570332
07-12-2020,1179,10,997,182,0.85,84.56,1.0025510204081634
07-13-2020,1183,10,1008,175,0.85,85.21,1.003392705682782
07-14-2020,1198,10,1013,185,0.83,84.56,1.0126796280642434
07-15-2020,1201,10,1016,185,0.83,84.6,1.0025041736227045
07-16-2020,1206,10,1019,187,0.83,84.49,1.0041631973355538
07-17-2020,1209,10,1021,188,0.83,84.45,1.0024875621890548
07-18-2020,1214,11,1022,192,0.91,84.18,1.0041356492969395
07-19-2020,1218,11,1024,194,0.9,84.07,1.0032948929159802
07-20-2020,1223,11,1028,195,0.9,84.06,1.0041050903119868
07-21-2020,1113,11,1034,79,0.99,92.9,1.0899427636958299
07-22-2020,1120,11,1035,85,0.98,92.41,1.0062893081761006
07-23-2020,1131,11,1035,96,0.97,91.51,1.0098214285714286
07-24-2020,1146,11,1035,111,0.96,90.31,1.013262599469496
07-25-2020,1154,11,1036,118,0.95,89.77,1.006980802792321
07-26-2020,1168,11,1041,127,0.94,89.13,1.0121317157712304
07-27-2020,1176,11,1041,135,0.94,88.52,1.0068493150684932
07-28-2020,1182,11,1042,140,0.93,88.16,1.0051020408163265
07-29-2020,1187,11,1049,138,0.93,88.37,1.0042301184433164
07-30-2020,1191,11,1072,119,0.92,90.01,1.0033698399326032
07-31-2020,1193,11,1084,109,0.92,90.86,1.0016792611251049
08-01-2020,1208,11,1094,114,0.91,90.56,1.0125733445096397
08-02-2020,1213,11,1099,114,0.91,90.6,1.0041390728476822
08-03-2020,1218,11,1131,87,0.9,92.86,1.0041220115416323
08-04-2020,1224,11,1155,69,0.9,94.36,1.0049261083743843
08-05-2020,1231,11,1160,71,0.89,94.23,1.005718954248366
08-06-2020,1232,11,1171,61,0.89,95.05,1.0008123476848092
08-07-2020,1237,11,1178,59,0.89,95.23,1.0040584415584415
08-08-2020,1246,11,1178,68,0.88,94.54,1.0072756669361358
08-09-2020,1252,11,1187,65,0.88,94.81,1.0048154093097914
08-10-2020,1268,11,1187,81,0.87,93.61,1.012779552715655
08-11-2020,1283,11,1189,94,0.86,92.67,1.0118296529968454
08-12-2020,1303,11,1215,88,0.84,93.25,1.0155884645362432
08-13-2020,1320,11,1222,98,0.83,92.58,1.0130468150422103
08-14-2020,1329,11,1229,100,0.83,92.48,1.0068181818181818
08-15-2020,1339,11,1229,110,0.82,91.78,1.0075244544770505
08-16-2020,1378,11,1236,142,0.8,89.7,1.029126213592233
08-17-2020,1398,11,1241,157,0.79,88.77,1.0145137880986939
08-18-2020,1438,11,1243,195,0.76,86.44,1.0286123032904149
08-19-2020,1482,11,1259,223,0.74,84.95,1.0305980528511822
08-20-2020,1498,11,1261,237,0.73,84.18,1.0107962213225372
08-21-2020,1532,11,1262,270,0.72,82.38,1.0226969292389854
08-22-2020,1576,11,1268,308,0.7,80.46,1.0287206266318538
08-23-2020,1609,12,1320,289,0.75,82.04,1.0209390862944163
08-24-2020,1639,14,1335,304,0.85,81.45,1.0186451211932877
08-25-2020,1716,14,1344,372,0.82,78.32,1.0469798657718121
08-26-2020,1756,15,1355,401,0.85,77.16,1.0233100233100234
08-27-2020,1801,15,1364,437,0.83,75.74,1.025626423690205
08-28-2020,1869,15,1367,502,0.8,73.14,1.0377568017767906
08-29-2020,1893,15,1447,446,0.79,76.44,1.0128410914927768
08-30-2020,1966,15,1468,498,0.76,74.67,1.0385631273111464
08-31-2020,2034,15,1508,526,0.74,74.14,1.034587995930824
09-01-2020,2097,15,1564,533,0.72,74.58,1.0309734513274336
09-02-2020,2161,15,1610,551,0.69,74.5,1.0305197901764425
09-03-2020,2233,15,1648,585,0.67,73.8,1.033317908375752
09-04-2020,2301,16,1676,625,0.7,72.84,1.0304523063143753
09-05-2020,2353,16,1700,653,0.68,72.25,1.0225988700564972
09-06-2020,2411,16,1756,655,0.66,72.83,1.0246493837654058
09-07-2020,2478,17,1817,661,0.69,73.33,1.0277892990460389
09-08-2020,2581,19,1885,696,0.74,73.03,1.0415657788539145
09-09-2020,2659,19,1919,740,0.71,72.17,1.0302208446338628
09-10-2020,2739,20,1981,758,0.73,72.33,1.0300864986837157
09-11-2020,2945,21,2084,861,0.71,70.76,1.0752099306316174
09-12-2020,3062,22,2156,906,0.72,70.41,1.0397283531409167
09-13-2020,3314,24,2206,1108,0.72,66.57,1.0822991508817765
09-14-2020,3528,26,2255,1273,0.74,63.92,1.0645745322872662
09-15-2020,3677,26,2311,1366,0.71,62.85,1.042233560090703
09-16-2020,3852,26,2349,1503,0.67,60.98,1.0475931465868915
09-17-2020,4131,26,2415,1716,0.63,58.46,1.0724299065420562
09-18-2020,4344,29,2511,1833,0.67,57.8,1.0515613652868554
09-19-2020,4540,30,2672,1868,0.66,58.85,1.0451197053406998
09-20-2020,4779,30,2844,1935,0.63,59.51,1.0526431718061673
09-21-2020,5045,32,3527,1518,0.63,69.91,1.0556601799539653
09-22-2020,5679,33,3707,1972,0.58,65.28,1.1256689791873142
09-23-2020,6042,35,3812,2230,0.58,63.09,1.06391970417327
09-24-2020,6591,36,3937,2654,0.55,59.73,1.0908639523336643
09-25-2020,7211,39,4035,3176,0.54,55.96,1.094067668032165
09-26-2020,8061,43,4131,3930,0.53,51.25,1.1178754680349465
09-27-2020,8492,45,4222,4270,0.53,49.72,1.053467311747922
09-28-2020,9226,51,4359,4867,0.55,47.25,1.0864342910975036
09-29-2020,10049,57,4496,5553,0.57,44.74,1.0892044222848472
09-30-2020,11825,61,4626,7199,0.52,39.12,1.1767340033834213
10-01-2020,13101,69,4752,8349,0.53,36.27,1.107906976744186
10-02-2020,13650,79,4929,8721,0.58,36.11,1.0419051980764826
10-03-2020,14749,88,5101,9648,0.6,34.59,1.0805128205128205
10-04-2020,15640,101,5240,10400,0.65,33.5,1.0604108753135806
10-05-2020,17464,110,5292,12172,0.63,30.3,1.1166240409207162
10-06-2020,19001,122,5386,13615,0.64,28.35,1.0880096197892808
10-07-2020,20200,131,5575,14625,0.65,27.6,1.0631019420030525
10-08-2020,21517,144,5777,15740,0.67,26.85,1.0651980198019801
10-09-2020,22763,166,5906,16857,0.73,25.95,1.0579077008876703
10-10-2020,23998,181,6045,17953,0.75,25.19,1.0542547115933751
10-11-2020,24926,191,6101,18825,0.77,24.48,1.0386698891574297
10-12-2020,26073,207,6219,19854,0.79,23.85,1.046016207975608
10-13-2020,28127,225,6361,21766,0.8,22.62,1.0787788133317993
10-14-2020,30550,257,6466,24084,0.84,21.17,1.0861449852454936
10-15-2020,33009,282,6565,26444,0.85,19.89,1.0804909983633388
10-16-2020,34548,310,6692,27856,0.9,19.37,1.0466236480959739
10-17-2020,36053,330,6773,29280,0.92,18.79,1.043562579599398
10-18-2020,37573,345,6912,30661,0.92,18.4,1.0421601531079245
10-19-2020,38937,380,7006,31931,0.98,17.99,1.036302664147127
10-20-2020,40972,414,7123,33849,1.01,17.39,1.052263913501297
10-21-2020,43620,443,7223,36397,1.02,16.56,1.0646295030752708
10-22-2020,46441,481,7340,39101,1.04,15.8,1.0646721687299403
10-23-2020,48930,508,7449,41481,1.04,15.22,1.0535948838310976
10-24-2020,50750,540,7508,43242,1.06,14.79,1.0371959942775393
10-25-2020,53087,579,7508,45579,1.09,14.14,1.0460492610837437
10-26-2020,55055,624,7508,47547,1.13,13.64,1.0370712227098913
10-27-2020,58855,668,7508,51347,1.13,12.76,1.0690218872037054
10-28-2020,61942,700,7508,54434,1.13,12.12,1.0524509387477698
10-29-2020,65385,740,7508,57877,1.13,11.48,1.0555842562397082
10-30-2020,69306,772,7600,61706,1.11,10.97,1.0599678825418675
10-31-2020,72607,829,7600,65007,1.14,10.47,1.0476293538798949
11-01-2020,75866,866,7740,68126,1.14,10.2,1.0448854793614941
11-02-2020,81743,913,7858,73885,1.12,9.61,1.0774655313315582
11-03-2020,86576,967,7993,78583,1.12,9.23,1.059124328688695
11-04-2020,91234,1029,8188,83046,1.13,8.97,1.0538024394751433
11-05-2020,95864,1069,8336,87528,1.12,8.7,1.050748624416336
11-06-2020,101248,1136,8506,92742,1.12,8.4,1.0561628974380373
11-07-2020,104802,1181,8629,96173,1.13,8.23,1.0351019279393172
11-08-2020,109321,1233,8808,100513,1.13,8.06,1.0431194061182039
11-09-2020,114986,1295,9033,105953,1.13,7.86,1.0518198699243513
11-10-2020,120982,1386,9249,111733,1.15,7.64,1.052145478580001
11-11-2020,126401,1467,9416,116985,1.16,7.45,1.0447917872080144
11-12-2020,132086,1547,9564,122522,1.17,7.24,1.044975910000712
11-13-2020,136555,1618,9729,126826,1.18,7.12,1.033834017231198
11-14-2020,141305,1704,9879,131426,1.21,6.99,1.034784519058255
11-15-2020,143678,1772,10067,133611,1.23,7.01,1.0167934609532572
11-16-2020,149539,1843,10311,139228,1.23,6.9,1.0407926056877184
11-17-2020,155993,1909,90267,65726,1.22,57.87,1.0431593096115395
11-18-2020,163926,1969,94896,69030,1.2,57.89,1.0508548460507843
11-19-2020,169395,2053,100280,69115,1.21,59.2,1.0333626148384027
11-20-2020,174335,2116,103834,70501,1.21,59.56,1.029162608105316
11-21-2020,178161,2172,108353,69808,1.22,60.82,1.0219462529038918
11-22-2020,183429,2236,114018,69411,1.22,62.16,1.0295687608399144
11-23-2020,188410,2302,120014,68396,1.22,63.7,1.027154920977599
11-24-2020,192996,2380,125433,67563,1.23,64.99,1.0243405339419351
11-25-2020,198021,2442,131181,66840,1.23,66.25,1.0260368090530374
11-26-2020,203021,2509,135650,67371,1.24,66.82,1.0252498472384242
11-27-2020,207601,2570,140400,67201,1.24,67.63,1.022559242639924
11-28-2020,210709,2626,142710,67999,1.25,67.73,1.0149710261511264
11-29-2020,214307,2694,148572,65735,1.26,69.33,1.0170756825764442
11-30-2020,219430,2751,155026,64404,1.25,70.65,1.0239049587740952
12-01-2020,223617,2802,162959,60658,1.25,72.87,1.0190812559814064
12-02-2020,227208,2854,168429,58779,1.26,74.13,1.0160587075222367
12-03-2020,231237,2909,173369,57868,1.26,74.97,1.0177326502587938
12-04-2020,234353,2960,177195,57158,1.26,75.61,1.0134753521279034
12-05-2020,237513,3010,182463,55050,1.27,76.82,1.0134839323584508
12-06-2020,240089,3056,187444,52645,1.27,78.07,1.010845722128894
12-07-2020,244069,3116,192033,52036,1.28,78.68,1.0165771859602064
12-08-2020,247131,3162,197058,50073,1.28,79.74,1.012545632587506
12-09-2020,250219,3206,202058,48161,1.28,80.75,1.0124953971780148
12-10-2020,253121,3250,206638,46483,1.28,81.64,1.0115978402919044
12-11-2020,255459,3286,209746,45713,1.29,82.11,1.009236689172372
12-12-2020,257275,3335,213344,43931,1.3,82.92,1.0071087728363455
12-13-2020,259614,3365,218467,41147,1.3,84.15,1.0090914391215626
12-14-2020,262477,3407,222654,39823,1.3,84.83,1.0110279106673754
12-15-2020,265024,3437,226245,38779,1.3,85.37,1.0097037073724555
12-16-2020,267585,3465,230274,37311,1.29,86.06,1.0096632757787973
12-17-2020,269806,3496,233390,36416,1.3,86.5,1.0083001663022966
12-18-2020,271514,3518,236550,34964,1.3,87.12,1.0063304744890773
12-19-2020,272797,3545,239126,33671,1.3,87.66,1.004725354861996
12-20-2020,274949,3568,243106,31843,1.3,88.42,1.0078886498018673
12-21-2020,277448,3604,246168,31280,1.3,88.73,1.009088958315906
12-22-2020,279892,3627,249256,30636,1.3,89.05,1.0088088578760706
12-23-2020,281983,3652,252158,29825,1.3,89.42,1.0074707387135038
12-24-2020,283690,3681,254496,29194,1.3,89.71,1.0060535564200679
12-25-2020,285306,3711,256312,28994,1.3,89.84,1.0056963587013994
12-26-2020,286356,3729,258651,27705,1.3,90.32,1.00368025909024
12-27-2020,287946,3758,261514,26432,1.31,90.82,1.0055525290198215
12-28-2020,289748,3778,264061,25687,1.3,91.13,1.0062581178415397
12-29-2020,291393,3801,266622,24771,1.3,91.5,1.0056773472120601
12-30-2020,293067,3815,268843,24224,1.3,91.73,1.0057448188528895
12-31-2020,294494,3834,270551,23943,1.3,91.87,1.004869193733856
01-01-2021,295765,3851,271834,23931,1.3,91.91,1.0043158774032748
01-02-2021,296668,3877,273986,22682,1.31,92.35,1.0030530995892009
01-03-2021,298208,3903,276485,21723,1.31,92.72,1.0051909879056724
01-04-2021,299831,3919,278929,20902,1.31,93.03,1.0054425099259576
01-05-2021,301303,3940,281020,20283,1.31,93.27,1.0049094323135366
01-06-2021,302856,3955,282727,20129,1.31,93.35,1.0051542799109203
01-07-2021,304071,3968,284343,19728,1.3,93.51,1.0040118075917268
01-08-2021,305163,3989,285393,19770,1.31,93.52,1.003591266513413
01-09-2021,305959,4009,286983,18976,1.31,93.8,1.0026084420457264
01-10-2021,307209,4024,288785,18424,1.31,94.0,1.0040855147258292
01-11-2021,308670,4043,290430,18240,1.31,94.09,1.0047557200472643
01-12-2021,309846,4076,292104,17742,1.32,94.27,1.0038098940616191
01-13-2021,310968,4091,293531,17437,1.32,94.39,1.0036211537344357
01-14-2021,312043,4107,294802,17241,1.32,94.47,1.003456947338633
01-15-2021,312851,4121,295705,17146,1.32,94.52,1.002589386719138
01-16-2021,313557,4137,297245,16312,1.32,94.8,1.0022566653135199
01-17-2021,314514,4145,298868,15646,1.32,95.03,1.003052076655919
01-18-2021,315544,4153,300340,15204,1.32,95.18,1.0032748939633849
01-19-2021,316427,4170,301893,14534,1.32,95.41,1.0027983419111122
01-20-2021,317405,4187,303108,14297,1.32,95.5,1.0030907602701413
01-21-2021,318181,4198,304200,13981,1.32,95.61,1.0024448260109324
01-22-2021,318911,4207,304996,13915,1.32,95.64,1.0022942916138928
01-23-2021,319519,4217,306246,13273,1.32,95.85,1.001906488017033
01-24-2021,320453,4224,307707,12746,1.32,96.02,1.0029231438506003
01-25-2021,321298,4239,308883,12415,1.32,96.14,1.0026368921495508
01-26-2021,322241,4248,310005,12236,1.32,96.2,1.0029349700278247
01-27-2021,323111,4262,311080,12031,1.32,96.28,1.0026998426643412
01-28-2021,324169,4269,311888,12281,1.32,96.21,1.0032744165317802
01-29-2021,325033,4281,312594,12439,1.32,96.17,1.002665276445311
01-30-2021,325674,4304,313551,12123,1.32,96.28,1.0019721074475514
01-31-2021,326855,4316,314581,12274,1.32,96.24,1.0036263257122153
02-01-2021,328062,4326,315464,12598,1.32,96.16,1.0036927689648314
02-02-2021,329194,4334,316442,12752,1.32,96.13,1.0034505672708207
02-03-2021,330474,4344,317218,13256,1.31,95.99,1.0038882847196486
02-04-2021,331768,4354,317948,13820,1.31,95.83,1.0039155879131187
02-05-2021,332990,4362,318556,14434,1.31,95.67,1.0036832967615925
02-06-2021,333855,4369,319490,14365,1.31,95.7,1.002597675605874
02-07-2021,335154,4379,320335,14819,1.31,95.58,1.0038909107247158
02-08-2021,336839,4385,321278,15561,1.3,95.38,1.0050275395788204
02-09-2021,338322,4395,322148,16174,1.3,95.22,1.0044026968373614
02-10-2021,340177,4411,323206,16971,1.3,95.01,1.0054829422857514
02-11-2021,341984,4421,324070,17914,1.29,94.76,1.0053119405485968
02-12-2021,343563,4433,324711,18852,1.29,94.51,1.004617175072518
02-13-2021,344803,4444,325892,18911,1.29,94.52,1.0036092361517392
02-14-2021,347250,4455,327099,20151,1.28,94.2,1.007096806002268
02-15-2021,349562,4473,328231,21331,1.28,93.9,1.0066580273578114
02-16-2021,352219,4491,329511,22708,1.28,93.55,1.0076009406056723
02-17-2021,355106,4503,330805,24301,1.27,93.16,1.0081966049531683
02-18-2021,356744,4512,332027,24717,1.26,93.07,1.0046127071916555
02-19-2021,357611,4528,332892,24719,1.27,93.09,1.0024303141748705
02-20-2021,359811,4543,334191,25620,1.26,92.88,1.0061519360422357
02-21-2021,363728,4554,335876,27852,1.25,92.34,1.0108862708477506
02-22-2021,368278,4570,337359,30919,1.24,91.6,1.0125093476443936
02-23-2021,372417,4589,339214,33203,1.23,91.08,1.0112387924339765
02-24-2021,376441,4611,341021,35420,1.22,90.59,1.0108050921413363
02-25-2021,380268,4627,342600,37668,1.22,90.09,1.0101662677551064
02-26-2021,383912,4650,343840,40072,1.21,89.56,1.009582715348123
02-27-2021,386496,4675,346287,40209,1.21,89.6,1.0067307091208402
02-28-2021,391090,4701,348599,42491,1.2,89.14,1.0118862808411988
03-01-2021,397158,4727,351256,45902,1.19,88.44,1.015515610217597
03-02-2021,402282,4756,354143,48139,1.18,88.03,1.012901666339341
03-03-2021,407617,4793,355781,51836,1.18,87.28,1.0132618411959768
03-04-2021,413350,4833,356648,56702,1.17,86.28,1.0140646734557195
03-05-2021,417934,4862,358848,59086,1.16,85.86,1.0110898754082496
03-06-2021,421415,4900,362765,58650,1.16,86.08,1.0083290663119058
03-07-2021,427717,4935,367315,60402,1.15,85.88,1.01495437988681
03-08-2021,435130,4987,371454,63676,1.15,85.37,1.0173315533401759
03-09-2021,442202,5046,375478,66724,1.14,84.91,1.016252614161285
03-10-2021,448851,5106,379305,69546,1.14,84.51,1.0150361147168037
03-11-2021,457151,5169,382949,74202,1.13,83.77,1.0184916598158409
03-12-2021,464856,5224,385533,79323,1.12,82.94,1.0168543872812266
03-13-2021,469000,5285,390127,78873,1.13,83.18,1.0089145886037827
03-14-2021,477053,5346,396195,80858,1.12,83.05,1.0171705756929637
03-15-2021,486470,5428,401319,85151,1.12,82.5,1.0197399450375535
03-16-2021,495380,5497,406654,88726,1.11,82.09,1.0183156206960347
03-17-2021,504915,5553,412387,92528,1.1,81.67,1.0192478501352498
03-18-2021,514107,5627,416971,97136,1.09,81.11,1.018205044413416
03-19-2021,521461,5701,420452,101009,1.09,80.63,1.0143044152287364
03-20-2021,526666,5788,426754,99912,1.1,81.03,1.0099815710091455
03-21-2021,535455,5876,434167,101288,1.1,81.08,1.0166879958075896
03-22-2021,544724,5985,441239,103485,1.1,81.0,1.017310511620958
03-23-2021,553727,6077,447888,105839,1.1,80.89,1.0165276360138344
03-24-2021,562857,6181,456188,106669,1.1,81.05,1.0164882694902
03-25-2021,571290,6277,463893,107397,1.1,81.2,1.0149824911123073
03-26-2021,577734,6374,468037,109697,1.1,81.01,1.011279735335819
03-27-2021,582133,6472,476090,106043,1.11,81.78,1.0076142307705622
03-28-2021,589316,6554,485507,103809,1.11,82.38,1.0123391046376
03-29-2021,597256,6651,494417,102839,1.11,82.78,1.0134732469507022
03-30-2021,605007,6747,503952,101055,1.12,83.3,1.0129776846109542
03-31-2021,611577,6858,513144,98433,1.12,83.91,1.0108593784865298
04-01-2021,618059,6940,520498,97561,1.12,84.21,1.0105988289291454
04-02-2021,622833,7039,525703,97130,1.13,84.41,1.0077241816719762
04-03-2021,626875,7130,534492,92383,1.14,85.26,1.006489701091625
04-04-2021,632907,7201,543761,89146,1.14,85.91,1.009622333000997
04-05-2021,639444,7283,552764,86680,1.14,86.44,1.01032853168001
04-06-2021,645449,7383,561894,83555,1.14,87.05,1.0093909709059745
04-07-2021,650681,7469,570327,80354,1.15,87.65,1.0081059851359286
04-08-2021,655456,7565,576771,78685,1.15,88.0,1.007338465392412
04-09-2021,659250,7646,581170,78080,1.16,88.16,1.0057883366694331
04-10-2021,662395,7708,588353,74042,1.16,88.82,1.004770572620402
04-11-2021,665735,7773,596293,69442,1.17,89.57,1.0050423085923053
04-12-2021,669300,7855,604044,65256,1.17,90.25,1.0053549835895663
04-13-2021,672090,7937,610614,61476,1.18,90.85,1.0041685342895563
04-14-2021,676175,7987,617096,59079,1.18,91.26,1.006078055022393
04-15-2021,679138,8057,621870,57268,1.19,91.57,1.0043820017007432
04-16-2021,681870,8117,625912,55958,1.19,91.79,1.0040227464815692
04-17-2021,683466,8178,631944,51522,1.2,92.46,1.0023406221127193
04-18-2021,685973,8246,638481,47492,1.2,93.08,1.0036680683457553
04-19-2021,689482,8308,644486,44996,1.2,93.47,1.0051153616833315
04-20-2021,692181,8372,649718,42463,1.21,93.87,1.003914532939221
04-21-2021,695390,8429,654493,40897,1.21,94.12,1.0046360706231463
04-22-2021,697487,8474,658287,39200,1.21,94.38,1.003015573994449
04-23-2021,699164,8514,661432,37732,1.22,94.6,1.0024043458874503
04-24-2021,700423,8563,664772,35651,1.22,94.91,1.0018007220051375
04-25-2021,702154,8615,668337,33817,1.23,95.18,1.0024713637330585
04-26-2021,704540,8660,671127,33413,1.23,95.26,1.0033981149434454
04-27-2021,706355,8707,675212,31143,1.23,95.59,1.0025761489766372
04-28-2021,708265,8754,678175,30090,1.24,95.75,1.002704022764757
04-29-2021,709817,8801,680907,28910,1.24,95.93,1.0021912702166562
04-30-2021,711373,8836,682503,28870,1.24,95.94,1.0021921143055181
05-01-2021,712077,8871,685010,27067,1.25,96.2,1.000989635535788
05-02-2021,712901,8897,688519,24382,1.25,96.58,1.001157178226512
05-03-2021,714173,8925,691218,22955,1.25,96.79,1.0017842589644284
05-04-2021,715703,8955,694427,21276,1.25,97.03,1.002142338060946
05-05-2021,716923,8988,696524,20399,1.25,97.15,1.0017046176975646
05-06-2021,717930,9014,698201,19729,1.26,97.25,1.0014046138846153
05-07-2021,718632,9047,699460,19172,1.26,97.33,1.0009778112072207
05-08-2021,719233,9076,701191,18042,1.26,97.49,1.000836311213528
05-09-2021,719233,9076,703577,15656,1.26,97.82,1.0
05-10-2021,720998,9125,705392,15606,1.27,97.84,1.0024540030838407
05-11-2021,721853,9151,707302,14551,1.27,97.98,1.001185856271446
05-12-2021,721853,9151,708854,12999,1.27,98.2,1.0
05-13-2021,722754,9203,710410,12344,1.27,98.29,1.0012481765678054
05-14-2021,722754,9203,710445,12309,1.27,98.3,1.0
05-15-2021,722754,9203,710445,12309,1.27,98.3,1.0
05-16-2021,724154,9259,710445,13709,1.28,98.11,1.0019370352844814
05-17-2021,725258,9276,710445,14813,1.28,97.96,1.0015245375983561
05-18-2021,726432,9295,710445,15987,1.28,97.8,1.0016187342986909
05-19-2021,726432,9295,710445,15987,1.28,97.8,1.0
05-20-2021,726432,9295,710445,15987,1.28,97.8,1.0
05-21-2021,726432,9295,710445,15987,1.28,97.8,1.0
05-22-2021,726432,9295,710445,15987,1.28,97.8,1.0
05-23-2021,726432,9295,710608,15824,1.28,97.82,1.0
05-24-2021,731436,9384,711614,19822,1.28,97.29,1.0068884630633013
05-25-2021,731436,9384,712458,18978,1.28,97.41,1.0
05-26-2021,731436,9384,712929,18507,1.28,97.47,1.0
05-27-2021,734039,9423,713331,20708,1.28,97.18,1.0035587529189156
05-28-2021,734659,9436,713633,21026,1.28,97.14,1.0008446417697152
05-29-2021,734659,9436,713902,20757,1.28,97.17,1.0
05-30-2021,734659,9436,714702,19957,1.28,97.28,1.0
05-31-2021,736534,9462,715796,20738,1.28,97.18,1.0025522044921522
06-01-2021,737284,9472,716960,20324,1.28,97.24,1.0010182829305911
06-02-2021,737888,9489,718123,19765,1.29,97.32,1.0008192229859865
06-03-2021,738521,9500,719049,19472,1.29,97.36,1.0008578537664252
06-04-2021,739015,9509,719676,19339,1.29,97.38,1.0006689044725878
06-05-2021,739319,9516,720190,19129,1.29,97.41,1.0004113583621441
06-06-2021,739847,9530,721016,18831,1.29,97.45,1.0007141707436167
06-07-2021,740502,9541,721895,18607,1.29,97.49,1.000885318180651
06-08-2021,741101,9549,722807,18294,1.29,97.53,1.0008089107119225
06-09-2021,741699,9561,723637,18062,1.29,97.56,1.000806907560508
06-10-2021,742178,9570,724469,17709,1.29,97.61,1.0006458145420176
06-11-2021,742521,9577,725082,17439,1.29,97.65,1.000462153283983
06-12-2021,742831,9582,725557,17274,1.29,97.67,1.0004174966095234
06-13-2021,743331,9592,726219,17112,1.29,97.7,1.0006731006110408
06-14-2021,743877,9602,726932,16945,1.29,97.72,1.0007345314536862
06-15-2021,744377,9614,727670,16707,1.29,97.76,1.0006721541330086
06-16-2021,744844,9622,728266,16578,1.29,97.77,1.0006273702707096
06-17-2021,745366,9635,728886,16480,1.29,97.79,1.0007008178893835
06-18-2021,745667,9647,729368,16299,1.29,97.81,1.0004038284547456
06-19-2021,745978,9656,729663,16315,1.29,97.81,1.0004170762552185
06-20-2021,746480,9662,730185,16295,1.29,97.82,1.000672942097488
06-21-2021,747000,9671,730831,16169,1.29,97.84,1.0006966027221091
06-22-2021,747504,9683,731418,16086,1.3,97.85,1.0006746987951807
