date,total_confirmed,total_deaths,total_recovered,total_infected,mortality_rate,recovery_rate,daily_growth_rate
03-14-2020,1,0,0,1,0.0,0.0,1
03-15-2020,1,0,0,1,0.0,0.0,1.0
03-16-2020,5,0,0,5,0.0,0.0,5.0
03-17-2020,7,0,0,7,0.0,0.0,1.4
03-18-2020,8,0,0,8,0.0,0.0,1.1428571428571428
03-19-2020,8,0,0,8,0.0,0.0,1.0
03-20-2020,17,0,0,17,0.0,0.0,2.125
03-21-2020,17,0,0,17,0.0,0.0,1.0
03-22-2020,19,0,0,19,0.0,0.0,1.1176470588235294
03-23-2020,36,0,0,36,0.0,0.0,1.8947368421052633
03-24-2020,40,0,0,40,0.0,0.0,1.1111111111111112
03-25-2020,41,0,0,41,0.0,0.0,1.025
03-26-2020,50,0,0,50,0.0,0.0,1.2195121951219512
03-27-2020,54,0,0,54,0.0,0.0,1.08
03-28-2020,60,0,0,60,0.0,0.0,1.1111111111111112
03-29-2020,70,0,0,70,0.0,0.0,1.1666666666666667
03-30-2020,70,0,0,70,0.0,0.0,1.0
03-31-2020,75,0,0,75,0.0,0.0,1.0714285714285714
04-01-2020,82,0,0,82,0.0,0.0,1.0933333333333333
04-02-2020,84,0,0,84,0.0,0.0,1.024390243902439
04-03-2020,89,0,0,89,0.0,0.0,1.0595238095238095
04-04-2020,102,0,0,102,0.0,0.0,1.146067415730337
04-05-2020,104,0,4,100,0.0,3.85,1.0196078431372548
04-06-2020,105,0,4,101,0.0,3.81,1.0096153846153846
04-07-2020,105,0,7,98,0.0,6.67,1.0
04-08-2020,110,0,7,103,0.0,6.36,1.0476190476190477
04-09-2020,110,0,7,103,0.0,6.36,1.0
04-10-2020,118,0,7,111,0.0,5.93,1.0727272727272728
04-11-2020,120,0,18,102,0.0,15.0,1.0169491525423728
04-12-2020,126,0,25,101,0.0,19.84,1.05
04-13-2020,127,0,42,85,0.0,33.07,1.007936507936508
04-14-2020,134,0,49,85,0.0,36.57,1.0551181102362204
04-15-2020,136,0,54,82,0.0,39.71,1.0149253731343284
04-16-2020,138,0,60,78,0.0,43.48,1.0147058823529411
04-17-2020,143,0,65,78,0.0,45.45,1.036231884057971
04-18-2020,144,0,69,75,0.0,47.92,1.006993006993007
04-19-2020,147,0,76,71,0.0,51.7,1.0208333333333333
04-20-2020,147,0,76,71,0.0,51.7,1.0
04-21-2020,150,0,84,66,0.0,56.0,1.0204081632653061
04-22-2020,153,0,84,69,0.0,54.9,1.02
04-23-2020,154,0,87,67,0.0,56.49,1.0065359477124183
04-24-2020,176,0,87,89,0.0,49.43,1.1428571428571428
04-25-2020,183,0,88,95,0.0,48.09,1.0397727272727273
04-26-2020,191,0,92,99,0.0,48.17,1.0437158469945356
04-27-2020,207,0,93,114,0.0,44.93,1.0837696335078535
04-28-2020,212,0,95,117,0.0,44.81,1.0241545893719808
04-29-2020,225,0,98,127,0.0,43.56,1.0613207547169812
04-30-2020,243,0,104,139,0.0,42.8,1.08
05-01-2020,249,0,109,140,0.0,43.78,1.0246913580246915
05-02-2020,255,0,120,135,0.0,47.06,1.0240963855421688
05-03-2020,259,0,124,135,0.0,47.88,1.0156862745098039
05-04-2020,261,0,128,133,0.0,49.04,1.0077220077220077
05-05-2020,261,0,129,132,0.0,49.43,1.0
05-06-2020,268,0,130,138,0.0,48.51,1.0268199233716475
05-07-2020,271,0,133,138,0.0,49.08,1.0111940298507462
05-08-2020,273,0,136,137,0.0,49.82,1.007380073800738
05-09-2020,280,0,140,140,0.0,50.0,1.0256410256410255
05-10-2020,284,0,140,144,0.0,49.3,1.0142857142857142
05-11-2020,285,0,150,135,0.0,52.63,1.0035211267605635
05-12-2020,286,0,153,133,0.0,53.5,1.0035087719298246
05-13-2020,287,0,164,123,0.0,57.14,1.0034965034965035
05-14-2020,287,0,168,119,0.0,58.54,1.0
05-15-2020,287,0,177,110,0.0,61.67,1.0
05-16-2020,289,0,178,111,0.0,61.59,1.0069686411149825
05-17-2020,292,0,197,95,0.0,67.47,1.0103806228373702
05-18-2020,297,0,203,94,0.0,68.35,1.0171232876712328
05-19-2020,308,0,209,99,0.0,67.86,1.037037037037037
05-20-2020,314,0,216,98,0.0,68.79,1.0194805194805194
05-21-2020,320,0,217,103,0.0,67.81,1.019108280254777
05-22-2020,321,0,222,99,0.0,69.16,1.003125
05-23-2020,325,0,227,98,0.0,69.85,1.0124610591900312
05-24-2020,327,0,237,90,0.0,72.48,1.0061538461538462
05-25-2020,336,0,238,98,0.0,70.83,1.0275229357798166
05-26-2020,339,0,244,95,0.0,71.98,1.0089285714285714
05-27-2020,346,0,245,101,0.0,70.81,1.0206489675516224
05-28-2020,349,0,245,104,0.0,70.2,1.0086705202312138
05-29-2020,355,0,247,108,0.0,69.58,1.0171919770773639
05-30-2020,359,1,250,109,0.28,69.64,1.0112676056338028
05-31-2020,370,1,256,114,0.27,69.19,1.0306406685236769
06-01-2020,377,1,262,115,0.27,69.5,1.018918918918919
06-02-2020,384,2,269,115,0.52,70.05,1.0185676392572944
06-03-2020,397,2,271,126,0.5,68.26,1.0338541666666667
06-04-2020,410,2,280,130,0.49,68.29,1.0327455919395465
06-05-2020,420,2,282,138,0.48,67.14,1.024390243902439
06-06-2020,431,2,283,148,0.46,65.66,1.026190476190476
06-07-2020,439,2,290,149,0.46,66.06,1.0185614849187936
06-08-2020,451,2,297,154,0.44,65.85,1.0273348519362187
06-09-2020,463,2,300,163,0.43,64.79,1.0266075388026608
06-10-2020,476,2,307,169,0.42,64.5,1.0280777537796977
06-11-2020,494,2,313,181,0.4,63.36,1.0378151260504203
06-12-2020,510,2,321,189,0.39,62.94,1.0323886639676114
06-13-2020,541,2,332,209,0.37,61.37,1.0607843137254902
06-14-2020,582,2,332,250,0.34,57.04,1.0757855822550833
06-15-2020,612,2,338,274,0.33,55.23,1.0515463917525774
06-16-2020,636,2,338,298,0.31,53.14,1.0392156862745099
06-17-2020,639,2,347,292,0.31,54.3,1.0047169811320755
06-18-2020,646,2,350,296,0.31,54.18,1.0109546165884193
06-19-2020,661,2,351,310,0.3,53.1,1.0232198142414861
06-20-2020,702,2,357,345,0.28,50.85,1.0620272314674735
06-21-2020,728,2,359,369,0.27,49.31,1.037037037037037
06-22-2020,787,2,370,417,0.25,47.01,1.081043956043956
06-23-2020,798,2,371,427,0.25,46.49,1.013977128335451
06-24-2020,830,2,376,454,0.24,45.3,1.0401002506265664
06-25-2020,850,2,385,465,0.24,45.29,1.0240963855421688
06-26-2020,858,2,398,460,0.23,46.39,1.0094117647058825
06-27-2020,878,2,413,465,0.23,47.04,1.0233100233100234
06-28-2020,900,2,443,457,0.22,49.22,1.0250569476082005
06-29-2020,1001,2,443,558,0.2,44.26,1.1122222222222222
06-30-2020,1025,2,447,578,0.2,43.61,1.023976023976024
07-01-2020,1042,3,480,562,0.29,46.07,1.0165853658536586
07-02-2020,1063,3,493,570,0.28,46.38,1.0201535508637236
07-03-2020,1081,3,512,569,0.28,47.36,1.0169332079021638
07-04-2020,1092,3,523,569,0.27,47.89,1.0101757631822386
07-05-2020,1105,3,567,538,0.27,51.31,1.0119047619047619
07-06-2020,1113,3,575,538,0.27,51.66,1.0072398190045249
07-07-2020,1172,3,595,577,0.26,50.77,1.0530098831985624
07-08-2020,1194,3,610,584,0.25,51.09,1.0187713310580204
07-09-2020,1210,3,623,587,0.25,51.49,1.0134003350083751
07-10-2020,1252,3,635,617,0.24,50.72,1.034710743801653
07-11-2020,1299,4,663,636,0.31,51.04,1.0375399361022364
07-12-2020,1337,4,684,653,0.3,51.16,1.029253271747498
07-13-2020,1378,4,710,668,0.29,51.52,1.030665669409125
07-14-2020,1416,4,737,679,0.28,52.05,1.0275761973875182
07-15-2020,1435,4,752,683,0.28,52.4,1.0134180790960452
07-16-2020,1473,4,770,703,0.27,52.27,1.0264808362369338
07-17-2020,1485,4,811,674,0.27,54.61,1.0081466395112015
07-18-2020,1539,5,819,720,0.32,53.22,1.0363636363636364
07-19-2020,1582,5,834,748,0.32,52.72,1.0279402209226771
07-20-2020,1629,5,838,791,0.31,51.44,1.029709228824273
07-21-2020,1655,5,848,807,0.3,51.24,1.0159607120933087
07-22-2020,1689,5,867,822,0.3,51.33,1.0205438066465258
07-23-2020,1710,5,889,821,0.29,51.99,1.0124333925399644
07-24-2020,1729,5,900,829,0.29,52.05,1.011111111111111
07-25-2020,1752,5,907,845,0.29,51.77,1.0133024869866976
07-26-2020,1821,5,918,903,0.27,50.41,1.0393835616438356
07-27-2020,1879,5,975,904,0.27,51.89,1.0318506315211422
07-28-2020,1926,5,1005,921,0.26,52.18,1.0250133049494412
07-29-2020,1963,5,1036,927,0.25,52.78,1.0192107995846313
07-30-2020,1994,5,1085,909,0.25,54.41,1.0157921548650026
07-31-2020,2022,5,1106,916,0.25,54.7,1.0140421263791375
08-01-2020,2042,5,1119,923,0.24,54.8,1.009891196834817
08-02-2020,2062,5,1144,918,0.24,55.48,1.0097943192948091
08-03-2020,2092,5,1169,923,0.24,55.88,1.01454898157129
08-04-2020,2099,5,1222,877,0.24,58.22,1.0033460803059273
08-05-2020,2104,5,1237,867,0.24,58.79,1.0023820867079563
08-06-2020,2111,5,1258,853,0.24,59.59,1.0033269961977187
08-07-2020,2128,5,1297,831,0.23,60.95,1.0080530554239697
08-08-2020,2134,6,1300,834,0.28,60.92,1.0028195488721805
08-09-2020,2140,7,1346,794,0.33,62.9,1.0028116213683225
08-10-2020,2152,7,1392,760,0.33,64.68,1.005607476635514
08-11-2020,2171,7,1478,693,0.32,68.08,1.0088289962825279
08-12-2020,2189,8,1524,665,0.37,69.62,1.0082911100875174
08-13-2020,2200,8,1558,642,0.36,70.82,1.0050251256281406
08-14-2020,2293,8,1604,689,0.35,69.95,1.0422727272727272
08-15-2020,2352,8,1631,721,0.34,69.35,1.0257304840819887
08-16-2020,2453,8,1648,805,0.33,67.18,1.0429421768707483
08-17-2020,2540,8,1661,879,0.31,65.39,1.0354667753770892
08-18-2020,2577,10,1683,894,0.39,65.31,1.0145669291338584
08-19-2020,2644,10,1698,946,0.38,64.22,1.025999223903764
08-20-2020,2717,11,1705,1012,0.4,62.75,1.0276096822995462
08-21-2020,2780,11,1712,1068,0.4,61.58,1.0231873389768127
08-22-2020,2889,11,1754,1135,0.38,60.71,1.039208633093525
08-23-2020,3089,12,1755,1334,0.39,56.81,1.069228106611284
08-24-2020,3306,14,1785,1521,0.42,53.99,1.070249271608935
08-25-2020,3537,15,1806,1731,0.42,51.06,1.0698729582577133
08-26-2020,3625,15,1810,1815,0.41,49.93,1.0248798416737348
08-27-2020,3672,15,1863,1809,0.41,50.74,1.0129655172413794
08-28-2020,3742,16,1866,1876,0.43,49.87,1.0190631808278867
08-29-2020,3843,16,1904,1939,0.42,49.54,1.0269909139497595
08-30-2020,4020,16,1918,2102,0.4,47.71,1.0460577673692428
08-31-2020,4063,16,2013,2050,0.39,49.54,1.0106965174129354
09-01-2020,4142,16,2044,2098,0.39,49.35,1.0194437607679054
09-02-2020,4218,17,2071,2147,0.4,49.1,1.018348623853211
09-03-2020,4255,18,2163,2092,0.42,50.83,1.0087719298245614
09-04-2020,4304,18,2191,2113,0.42,50.91,1.0115158636897768
09-05-2020,4349,18,2199,2150,0.41,50.56,1.0104553903345725
09-06-2020,4374,19,2235,2139,0.43,51.1,1.005748447919062
09-07-2020,4409,19,2271,2138,0.43,51.51,1.0080018289894832
09-08-2020,4439,20,2307,2132,0.45,51.97,1.0068042640054433
09-09-2020,4460,21,2325,2135,0.47,52.13,1.0047307952241495
09-10-2020,4479,22,2352,2127,0.49,52.51,1.0042600896860987
09-11-2020,4534,22,2450,2084,0.49,54.04,1.0122795266800626
09-12-2020,4565,22,2544,2021,0.48,55.73,1.0068372298191441
09-13-2020,4591,22,2556,2035,0.48,55.67,1.005695509309967
09-14-2020,4602,22,2736,1866,0.48,59.45,1.0023959921585712
09-15-2020,4624,22,2767,1857,0.48,59.84,1.004780530204259
09-16-2020,4634,22,2789,1845,0.47,60.19,1.0021626297577855
09-17-2020,4653,23,2817,1836,0.49,60.54,1.004100129477773
09-18-2020,4671,25,2845,1826,0.54,60.91,1.0038684719535784
09-19-2020,4689,26,2910,1779,0.55,62.06,1.0038535645472062
09-20-2020,4711,26,2961,1750,0.55,62.85,1.0046918319471103
09-21-2020,4722,27,2973,1749,0.57,62.96,1.002334960730206
09-22-2020,4738,27,2991,1747,0.57,63.13,1.0033883947479882
09-23-2020,4779,27,2995,1784,0.56,62.67,1.0086534402701561
09-24-2020,4789,27,3050,1739,0.56,63.69,1.0020924879681943
09-25-2020,4798,29,3080,1718,0.6,64.19,1.001879306744623
09-26-2020,4811,29,3091,1720,0.6,64.25,1.0027094622759483
09-27-2020,4820,29,3099,1721,0.6,64.29,1.0018707129494908
09-28-2020,4832,29,3117,1715,0.6,64.51,1.0024896265560166
09-29-2020,4836,29,3125,1711,0.6,64.62,1.0008278145695364
09-30-2020,4840,29,3154,1686,0.6,65.17,1.0008271298593878
10-01-2020,4843,29,3181,1662,0.6,65.68,1.0006198347107438
10-02-2020,4847,29,3197,1650,0.6,65.96,1.0008259343382202
10-03-2020,4852,29,3211,1641,0.6,66.18,1.001031565917062
10-04-2020,4866,29,3216,1650,0.6,66.09,1.0028854080791427
10-05-2020,4867,29,3226,1641,0.6,66.28,1.0002055076037812
10-06-2020,4873,29,3246,1627,0.6,66.61,1.0012327922745017
10-07-2020,4883,29,3408,1475,0.59,69.79,1.0020521239482865
10-08-2020,4885,29,3542,1343,0.59,72.51,1.000409584271964
10-09-2020,4890,30,3555,1335,0.61,72.7,1.0010235414534288
10-10-2020,4892,30,3566,1326,0.61,72.89,1.0004089979550101
10-11-2020,4896,31,3606,1290,0.63,73.65,1.0008176614881439
10-12-2020,4905,32,3877,1028,0.65,79.04,1.0018382352941178
10-13-2020,4908,32,4130,778,0.65,84.15,1.000611620795107
10-14-2020,4940,33,4398,542,0.67,89.03,1.006519967400163
10-15-2020,4953,33,4601,352,0.67,92.89,1.0026315789473683
10-16-2020,4965,34,4664,301,0.68,93.94,1.0024227740763174
10-17-2020,4971,34,4768,203,0.68,95.92,1.0012084592145014
10-18-2020,4974,34,4783,191,0.68,96.16,1.0006035003017502
10-19-2020,4992,34,4797,195,0.68,96.09,1.0036188178528347
10-20-2020,4996,34,4797,199,0.68,96.02,1.0008012820512822
10-21-2020,5012,34,4798,214,0.68,95.73,1.0032025620496396
10-22-2020,5017,34,4803,214,0.68,95.73,1.000997605746209
10-23-2020,5052,34,4806,246,0.67,95.13,1.0069762806458042
10-24-2020,5060,34,4806,254,0.67,94.98,1.0015835312747428
10-25-2020,5066,34,4830,236,0.67,95.34,1.0011857707509881
10-26-2020,5073,34,4848,225,0.67,95.56,1.0013817607579945
10-27-2020,5084,35,4851,233,0.69,95.42,1.0021683422038241
10-28-2020,5129,35,4851,278,0.68,94.58,1.0088512981904012
10-29-2020,5131,35,4851,280,0.68,94.54,1.0003899395593683
10-30-2020,5134,35,4878,256,0.68,95.01,1.000584681348665
10-31-2020,5137,35,4879,258,0.68,94.98,1.0005843396961434
11-01-2020,5146,35,4921,225,0.68,95.63,1.0017519953280125
11-02-2020,5155,35,4922,233,0.68,95.48,1.0017489312087058
11-03-2020,5162,35,4930,232,0.68,95.51,1.0013579049466537
11-04-2020,5174,35,4930,244,0.68,95.28,1.002324680356451
11-05-2020,5192,36,4940,252,0.69,95.15,1.0034789331271743
11-06-2020,5208,36,4953,255,0.69,95.1,1.0030816640986133
11-07-2020,5213,36,4953,260,0.69,95.01,1.0009600614439325
11-08-2020,5222,36,4960,262,0.69,94.98,1.001726453098024
11-09-2020,5242,38,4967,275,0.72,94.75,1.0038299502106474
11-10-2020,5262,40,4967,295,0.76,94.39,1.0038153376573826
11-11-2020,5312,41,4974,338,0.77,93.64,1.0095020904599012
11-12-2020,5319,41,4974,345,0.77,93.51,1.0013177710843373
11-13-2020,5362,42,4993,369,0.78,93.12,1.008084226358338
11-14-2020,5394,42,4994,400,0.78,92.58,1.0059679224170086
11-15-2020,5455,45,4995,460,0.82,91.57,1.0113088616981831
11-16-2020,5491,45,5004,487,0.82,91.13,1.0065994500458295
11-17-2020,5507,46,5008,499,0.84,90.94,1.0029138590420688
11-18-2020,5543,46,5087,456,0.83,91.77,1.0065371345560197
11-19-2020,5572,46,5137,435,0.83,92.19,1.005231823922064
11-20-2020,5586,46,5159,427,0.82,92.36,1.0025125628140703
11-21-2020,5620,46,5163,457,0.82,91.87,1.0060866451843895
11-22-2020,5665,47,5164,501,0.83,91.16,1.0080071174377223
11-23-2020,5726,47,5197,529,0.82,90.76,1.0107678729037952
11-24-2020,5750,47,5241,509,0.82,91.15,1.0041914076143905
11-25-2020,5779,47,5317,462,0.81,92.01,1.0050434782608695
11-26-2020,5851,47,5345,506,0.8,91.35,1.0124589029243813
11-27-2020,5872,47,5397,475,0.8,91.91,1.0035891300632371
11-28-2020,5891,47,5480,411,0.8,93.02,1.0032356948228882
11-29-2020,5919,48,5480,439,0.81,92.58,1.004753013070786
11-30-2020,5934,49,5516,418,0.83,92.96,1.0025342118601115
12-01-2020,5948,49,5544,404,0.82,93.21,1.0023592854735424
12-02-2020,5994,50,5575,419,0.83,93.01,1.00773369199731
12-03-2020,6011,50,5596,415,0.83,93.1,1.0028361695028363
12-04-2020,6043,51,5672,371,0.84,93.86,1.0053235734486774
12-05-2020,6084,51,5696,388,0.84,93.62,1.0067847095813338
12-06-2020,6129,51,5696,433,0.83,92.94,1.007396449704142
12-07-2020,6191,51,5696,495,0.82,92.0,1.0101158427149617
12-08-2020,6237,51,5715,522,0.82,91.63,1.0074301405265709
12-09-2020,6278,53,5715,563,0.84,91.03,1.0065736732403399
12-10-2020,6349,53,5789,560,0.83,91.18,1.0113093341828607
12-11-2020,6428,54,5826,602,0.84,90.63,1.0124429043943928
12-12-2020,6528,56,5892,636,0.86,90.26,1.015556938394524
12-13-2020,6659,56,5955,704,0.84,89.43,1.0200674019607843
12-14-2020,6747,56,5996,751,0.83,88.87,1.0132151974770987
12-15-2020,6832,57,6036,796,0.83,88.35,1.0125981917889433
12-16-2020,6954,57,6057,897,0.82,87.1,1.0178571428571428
12-17-2020,7032,57,6089,943,0.81,86.59,1.0112165660051768
12-18-2020,7105,57,6089,1016,0.8,85.7,1.0103811149032993
12-19-2020,7232,59,6089,1143,0.82,84.2,1.0178747361013372
12-20-2020,7293,63,6091,1202,0.86,83.52,1.0084347345132743
12-21-2020,7402,65,6100,1302,0.88,82.41,1.0149458384752503
12-22-2020,7511,66,6163,1348,0.88,82.05,1.014725749797352
12-23-2020,7598,66,6163,1435,0.87,81.11,1.0115830115830116
12-24-2020,7670,69,6203,1467,0.9,80.87,1.0094761779415635
12-25-2020,7743,69,6203,1540,0.89,80.11,1.0095176010430247
12-26-2020,7817,72,6227,1590,0.92,79.66,1.0095570192431873
12-27-2020,7970,74,6289,1681,0.93,78.91,1.0195727261097607
12-28-2020,8021,75,6339,1682,0.94,79.03,1.0063989962358846
12-29-2020,8128,79,6339,1789,0.97,77.99,1.0133399825458171
12-30-2020,8250,86,6369,1881,1.04,77.2,1.015009842519685
12-31-2020,8383,92,6542,1841,1.1,78.04,1.0161212121212122
01-01-2021,8460,94,6598,1862,1.11,77.99,1.0091852558749852
01-02-2021,8567,98,6685,1882,1.14,78.03,1.012647754137116
01-03-2021,8676,101,6752,1924,1.16,77.82,1.0127232403408428
01-04-2021,8848,105,6816,2032,1.19,77.03,1.0198248040571691
01-05-2021,8955,110,6878,2077,1.23,76.81,1.0120931283905967
01-06-2021,9058,112,6940,2118,1.24,76.62,1.0115019542155221
01-07-2021,9225,113,6940,2285,1.22,75.23,1.0184367410024289
01-08-2021,9368,115,6940,2428,1.23,74.08,1.01550135501355
01-09-2021,9461,118,6956,2505,1.25,73.52,1.009927412467976
01-10-2021,9630,120,6974,2656,1.25,72.42,1.017862805200296
01-11-2021,9784,124,6974,2810,1.27,71.28,1.0159916926272066
01-12-2021,9950,125,6974,2976,1.26,70.09,1.016966475878986
01-13-2021,10122,128,6974,3148,1.26,68.9,1.017286432160804
01-14-2021,10316,133,6974,3342,1.29,67.6,1.0191661726931436
01-15-2021,10573,138,7028,3545,1.31,66.47,1.0249127568825127
01-16-2021,10850,140,7193,3657,1.29,66.29,1.026198808285255
01-17-2021,11032,142,7363,3669,1.29,66.74,1.0167741935483872
01-18-2021,11259,146,7412,3847,1.3,65.83,1.0205765047135607
01-19-2021,11548,148,7580,3968,1.28,65.64,1.0256683542055245
01-20-2021,11860,153,7812,4048,1.29,65.87,1.0270176653966054
01-21-2021,12170,162,7973,4197,1.33,65.51,1.0261382799325465
01-22-2021,12443,165,8184,4259,1.33,65.77,1.0224322103533279
01-23-2021,12647,172,8319,4328,1.36,65.78,1.0163947601060837
01-24-2021,12975,174,8420,4555,1.34,64.89,1.0259350043488575
01-25-2021,13311,177,8681,4630,1.33,65.22,1.0258959537572254
01-26-2021,13885,181,8861,5024,1.3,63.82,1.0431222297348057
01-27-2021,14166,183,9042,5124,1.29,63.83,1.020237666546633
01-28-2021,14529,186,9234,5295,1.28,63.56,1.0256247352816603
01-29-2021,14784,188,9519,5265,1.27,64.39,1.0175511046871775
01-30-2021,15118,193,9804,5314,1.28,64.85,1.0225919913419914
01-31-2021,15304,196,10087,5217,1.28,65.91,1.0123032147109405
02-01-2021,15459,198,10272,5187,1.28,66.45,1.010128071092525
02-02-2021,15688,205,10745,4943,1.31,68.49,1.0148133773206547
02-03-2021,15834,208,10963,4871,1.31,69.24,1.0093064762876083
02-04-2021,15988,210,11352,4636,1.31,71.0,1.0097259062776305
02-05-2021,16186,213,11617,4569,1.32,71.77,1.0123842882161622
02-06-2021,16337,217,12047,4290,1.33,73.74,1.00932904979612
02-07-2021,16451,220,12342,4109,1.34,75.02,1.00697802534125
02-08-2021,16621,223,12629,3992,1.34,75.98,1.010333718314996
02-09-2021,16811,226,12988,3823,1.34,77.26,1.0114313218217916
02-10-2021,16941,229,13389,3552,1.35,79.03,1.0077330319433704
02-11-2021,17068,231,13678,3390,1.35,80.14,1.0074966058674222
02-12-2021,17200,236,13937,3263,1.37,81.03,1.0077337707991563
02-13-2021,17267,236,14477,2790,1.37,83.84,1.0038953488372093
02-14-2021,17343,239,14792,2551,1.38,85.29,1.0044014594312851
02-15-2021,17484,239,15125,2359,1.37,86.51,1.008130081300813
02-16-2021,17594,240,15475,2119,1.36,87.96,1.0062914664836422
02-17-2021,17716,243,15918,1798,1.37,89.85,1.0069341821075366
02-18-2021,17835,243,16163,1672,1.36,90.63,1.006717091894333
02-19-2021,17929,245,16387,1542,1.37,91.4,1.0052705354639753
02-20-2021,17988,247,16597,1391,1.37,92.27,1.003290757989849
02-21-2021,18053,249,16803,1250,1.38,93.08,1.0036135201245275
02-22-2021,18199,252,16992,1207,1.38,93.37,1.008087298509943
02-23-2021,18325,253,17251,1074,1.38,94.14,1.0069234573328205
02-24-2021,18443,254,17264,1179,1.38,93.61,1.0064392905866302
02-25-2021,18553,258,17279,1274,1.39,93.13,1.0059643225071844
02-26-2021,18689,258,17302,1387,1.38,92.58,1.0073303508866491
02-27-2021,18790,261,17307,1483,1.39,92.11,1.0054042484884156
02-28-2021,18850,261,17313,1537,1.38,91.85,1.0031931878658862
03-01-2021,18986,264,17322,1664,1.39,91.24,1.0072148541114059
03-02-2021,19111,265,17472,1639,1.39,91.42,1.0065837985884336
03-03-2021,19198,265,17569,1629,1.38,91.51,1.0045523520485584
03-04-2021,19334,266,17682,1652,1.38,91.46,1.0070840712574227
03-05-2021,19426,267,17751,1675,1.37,91.38,1.0047584566049446
03-06-2021,19509,267,17810,1699,1.37,91.29,1.0042726243179245
03-07-2021,19551,268,17840,1711,1.37,91.25,1.0021528525296017
03-08-2021,19659,268,17911,1748,1.36,91.11,1.005524014116925
03-09-2021,19779,270,18033,1746,1.37,91.17,1.0061040744697085
03-10-2021,19846,271,18118,1728,1.37,91.29,1.0033874311138076
03-11-2021,19945,273,18236,1709,1.37,91.43,1.0049884107628742
03-12-2021,20057,275,18361,1696,1.37,91.54,1.0056154424667836
03-13-2021,20143,276,18500,1643,1.37,91.84,1.0042877798274916
03-14-2021,20186,280,18566,1620,1.39,91.97,1.0021347366330735
03-15-2021,20302,282,18635,1667,1.39,91.79,1.0057465570197166
03-16-2021,20412,282,18804,1608,1.38,92.12,1.0054181854004531
03-17-2021,20480,283,18906,1574,1.38,92.31,1.003331373701744
03-18-2021,20551,284,19007,1544,1.38,92.49,1.003466796875
03-19-2021,20681,287,19143,1538,1.39,92.56,1.006325726242032
03-20-2021,20761,287,19163,1598,1.38,92.3,1.003868284899183
03-21-2021,20828,290,19180,1648,1.39,92.09,1.0032272048552575
03-22-2021,20896,292,19214,1682,1.4,91.95,1.0032648357979643
03-23-2021,20975,295,19310,1665,1.41,92.06,1.003780627871363
03-24-2021,21106,297,19441,1665,1.41,92.11,1.0062455303933253
03-25-2021,21210,298,19540,1670,1.4,92.13,1.00492750876528
03-26-2021,21309,300,19657,1652,1.41,92.25,1.0046676096181046
03-27-2021,21370,301,19741,1629,1.41,92.38,1.0028626401989769
03-28-2021,21419,301,19785,1634,1.41,92.37,1.0022929340196538
03-29-2021,21490,305,19860,1630,1.42,92.42,1.003314813950231
03-30-2021,21645,306,20001,1644,1.41,92.4,1.0072126570497906
03-31-2021,21783,307,20182,1601,1.41,92.65,1.0063756063756064
04-01-2021,21918,308,20308,1610,1.41,92.65,1.0061974934582014
04-02-2021,22167,310,20398,1769,1.4,92.02,1.011360525595401
04-03-2021,22243,311,20472,1771,1.4,92.04,1.0034285198718815
04-04-2021,22482,311,20519,1963,1.38,91.27,1.010744953468507
04-05-2021,22684,311,20594,2090,1.37,90.79,1.008984965750378
04-06-2021,22862,314,20705,2157,1.37,90.57,1.0078469405748545
