date,total_confirmed,total_deaths,total_recovered,total_infected,mortality_rate,recovery_rate,daily_growth_rate
03-11-2020,459,8,19,440,1.74,4.14,1
03-12-2020,459,8,19,440,1.74,4.14,1.0
03-13-2020,801,8,19,782,1.0,2.37,1.7450980392156863
03-14-2020,1143,21,19,1124,1.84,1.66,1.4269662921348314
03-15-2020,1144,21,19,1125,1.84,1.66,1.0008748906386702
03-16-2020,1551,56,21,1530,3.61,1.35,1.3557692307692308
03-17-2020,1960,56,53,1907,2.86,2.7,1.2637008381689232
03-18-2020,2642,72,67,2575,2.73,2.54,1.3479591836734695
03-19-2020,2716,138,67,2649,5.08,2.47,1.028009084027252
03-20-2020,4014,178,67,3947,4.43,1.67,1.4779086892488955
03-21-2020,5067,234,67,5000,4.62,1.32,1.2623318385650224
03-22-2020,5741,282,95,5646,4.91,1.65,1.1330175646339056
03-23-2020,6726,336,140,6586,5.0,2.08,1.1715728967078907
03-24-2020,8164,423,140,8024,5.18,1.71,1.2137972048765984
03-25-2020,9640,466,140,9500,4.83,1.45,1.1807937285644292
03-26-2020,11812,580,150,11662,4.91,1.27,1.2253112033195022
03-27-2020,14745,761,151,14594,5.16,1.02,1.248306806637318
03-28-2020,17312,1021,151,17161,5.9,0.87,1.174092912851814
03-29-2020,19780,1231,151,19629,6.22,0.76,1.1425600739371533
03-30-2020,22453,1411,171,22282,6.28,0.76,1.1351365015166834
03-31-2020,25481,1793,179,25302,7.04,0.7,1.1348594842560014
04-01-2020,29865,2357,179,29686,7.89,0.6,1.172049762568188
04-02-2020,34173,2926,192,33981,8.56,0.56,1.1442491210447012
04-03-2020,38689,3611,208,38481,9.33,0.54,1.1321511134521405
04-04-2020,42477,4320,215,42262,10.17,0.51,1.097908966372871
04-05-2020,48436,4943,229,48207,10.21,0.47,1.140287685100172
04-06-2020,52279,5385,287,51992,10.3,0.55,1.0793418118754645
04-07-2020,55949,6171,325,55624,11.03,0.58,1.0702002716195795
04-08-2020,61474,7111,345,61129,11.57,0.56,1.0987506479114908
04-09-2020,65872,7993,359,65513,12.13,0.54,1.0715424407066403
04-10-2020,74605,8974,588,74017,12.03,0.79,1.1325752975467573
04-11-2020,79874,9892,622,79252,12.38,0.78,1.0706252932109108
04-12-2020,85206,10629,626,84580,12.47,0.73,1.0667551393444676
04-13-2020,89570,11347,304,89266,12.67,0.34,1.0512170504424572
04-14-2020,94845,12129,323,94522,12.79,0.34,1.0588924863235458
04-15-2020,99483,12894,368,99115,12.96,0.37,1.0489008382097105
04-16-2020,104145,13759,375,103770,13.21,0.36,1.046862277977142
04-17-2020,109769,14607,394,109375,13.31,0.36,1.0540016323395267
04-18-2020,115314,15498,414,114900,13.44,0.36,1.050515172771912
04-19-2020,121172,16095,436,120736,13.28,0.36,1.0508004231923271
04-20-2020,125856,16550,446,125410,13.15,0.35,1.0386557950681676
04-21-2020,130172,17378,638,129534,13.35,0.49,1.034293160437325
04-22-2020,134638,18151,683,133955,13.48,0.51,1.0343084534308453
04-23-2020,139246,18791,712,138534,13.49,0.51,1.0342251073248265
04-24-2020,144640,19567,724,143916,13.53,0.5,1.0387371989141518
04-25-2020,149569,20381,774,148795,13.63,0.52,1.0340777101769911
04-26-2020,154037,20794,778,153259,13.5,0.51,1.0298725003175793
04-27-2020,158348,21157,807,157541,13.36,0.51,1.0279867823964373
04-28-2020,162350,21745,813,161537,13.39,0.5,1.0252734483542576
04-29-2020,166441,26166,857,165584,15.72,0.51,1.0251986449029873
04-30-2020,172481,26842,859,171622,15.56,0.5,1.0362891354894528
05-01-2020,178685,27583,892,177793,15.44,0.5,1.0359691792139425
05-02-2020,183500,28205,896,182604,15.37,0.49,1.026946861795898
05-03-2020,187842,28520,901,186941,15.18,0.48,1.0236621253405995
05-04-2020,191832,28809,910,190922,15.02,0.47,1.0212412559491488
05-05-2020,196243,29501,926,195317,15.03,0.47,1.0229940781517162
05-06-2020,202359,30150,934,201425,14.9,0.46,1.0311654428438213
05-07-2020,207977,30689,970,207007,14.76,0.47,1.0277625408308995
05-08-2020,212629,31316,997,211632,14.73,0.47,1.0223678579842963
05-09-2020,216525,31662,1001,215524,14.62,0.46,1.018322994511567
05-10-2020,220449,31930,1002,219447,14.48,0.45,1.0181226186352614
05-11-2020,224332,32141,1015,223317,14.33,0.45,1.017614051322528
05-12-2020,227741,32769,1023,226718,14.39,0.45,1.0151962270206658
05-13-2020,230985,33264,1032,229953,14.4,0.45,1.014244251144941
05-14-2020,234440,33693,1043,233397,14.37,0.44,1.0149576812347123
05-15-2020,238004,34078,1047,236957,14.32,0.44,1.0152021839276575
05-16-2020,241461,34546,1058,240403,14.31,0.44,1.0145249659669586
05-17-2020,244995,34716,1058,243937,14.17,0.43,1.014635903934797
05-18-2020,247709,34876,1090,246619,14.08,0.44,1.0110777770974917
05-19-2020,250138,35422,1099,249039,14.16,0.44,1.0098058609093734
05-20-2020,249619,35786,1116,248503,14.34,0.45,1.0020748546802165
05-21-2020,252246,36124,1134,251112,14.32,0.45,1.0105240386348795
05-22-2020,255544,36475,1142,254402,14.27,0.45,1.0130745383474862
05-23-2020,258504,36757,1149,257355,14.22,0.44,1.011583132454685
05-24-2020,260916,36875,1151,259765,14.13,0.44,1.009330609971219
05-25-2020,262547,36996,1161,261386,14.09,0.44,1.0062510539790583
05-26-2020,266599,37130,1161,265438,13.93,0.44,1.015433427157804
05-27-2020,268619,37542,1166,267453,13.98,0.43,1.007576922644121
05-28-2020,270508,37919,1167,269341,14.02,0.43,1.0070322650296517
05-29-2020,272607,38243,1172,271435,14.03,0.43,1.007759474765996
05-30-2020,274219,38458,1187,273032,14.02,0.43,1.0059132744206862
05-31-2020,276156,38571,1190,274966,13.97,0.43,1.0070636972638658
06-01-2020,277736,39127,1221,276515,14.09,0.44,1.005721403844204
06-02-2020,279392,39452,1224,278168,14.12,0.44,1.0059624967595127
06-03-2020,281270,39811,1212,280058,14.15,0.43,1.006721738632459
06-04-2020,283079,39987,1219,281860,14.13,0.43,1.0064315426458563
06-05-2020,284734,40344,1228,283506,14.17,0.43,1.005846424496342
06-06-2020,286294,40548,1230,285064,14.16,0.43,1.0054787977550976
06-07-2020,287621,40625,1239,286382,14.12,0.43,1.0046350953914507
06-08-2020,288834,40680,1255,287579,14.08,0.43,1.0042173554782161
06-09-2020,290581,40968,1257,289324,14.1,0.43,1.0060484568991186
06-10-2020,291588,41213,1269,290319,14.13,0.44,1.003465470901401
06-11-2020,292860,41364,1278,291582,14.12,0.44,1.004362319437014
06-12-2020,294402,41566,1282,293120,14.12,0.44,1.0052653144847368
06-13-2020,295828,41747,1283,294545,14.11,0.43,1.0048437170943132
06-14-2020,297342,41783,1283,296059,14.05,0.43,1.005117838744135
06-15-2020,298315,41821,1284,297031,14.02,0.43,1.00327232614296
06-16-2020,299600,42054,1293,298307,14.04,0.43,1.0043075272782127
06-17-2020,300717,42238,1304,299413,14.05,0.43,1.0037283044058745
06-18-2020,301935,42373,1313,300622,14.03,0.43,1.0040503197358313
06-19-2020,303285,42546,1319,301966,14.03,0.43,1.004471161011476
06-20-2020,304580,42674,1319,303261,14.01,0.43,1.004269911139687
06-21-2020,305803,42717,1319,304484,13.97,0.43,1.0040153654212358
06-22-2020,306761,42731,1322,305439,13.93,0.43,1.0031327357808786
06-23-2020,307682,43011,1330,306352,13.98,0.43,1.003002337324497
06-24-2020,308337,43165,1345,306992,14.0,0.44,1.0021288213155142
06-25-2020,309455,43314,1361,308094,14.0,0.44,1.0036259028271015
06-26-2020,310836,43498,1363,309473,13.99,0.44,1.0044626843967621
06-27-2020,311727,43598,1364,310363,13.99,0.44,1.0028664633440143
06-28-2020,312640,43634,1364,311276,13.96,0.44,1.0029288447904736
06-29-2020,313470,43659,1368,312102,13.93,0.44,1.0026548106448312
06-30-2020,314160,43815,1370,312790,13.95,0.44,1.0022011675758447
07-01-2020,314992,43991,1372,313620,13.97,0.44,1.0026483320600967
07-02-2020,285268,44080,1373,283895,15.45,0.48,1.094364301315589
07-03-2020,285787,44216,1375,284412,15.47,0.48,1.0018193418119101
07-04-2020,286412,44283,1375,285037,15.46,0.48,1.002186943422899
07-05-2020,286931,44305,1375,285556,15.44,0.48,1.0018120749130623
07-06-2020,287290,44321,1375,285915,15.43,0.48,1.0012511718845298
07-07-2020,287874,44476,1375,286499,15.45,0.48,1.0020327891677399
07-08-2020,288511,44602,1378,287133,15.46,0.48,1.0022127736440247
07-09-2020,289154,44687,1378,287776,15.45,0.48,1.0022286845215607
07-10-2020,289678,44735,1378,288300,15.44,0.48,1.0018121831273301
07-11-2020,290504,44883,1378,289126,15.45,0.47,1.0028514419458847
07-12-2020,291154,44904,1378,289776,15.42,0.47,1.0022374907058078
07-13-2020,291691,44915,1384,290307,15.4,0.47,1.0018443847585814
07-14-2020,292931,45053,1385,291546,15.38,0.47,1.0042510739104051
07-15-2020,293469,45138,1386,292083,15.38,0.47,1.0018366099866522
07-16-2020,294116,45204,1403,292713,15.37,0.48,1.0022046621619318
07-17-2020,294803,45318,1403,293400,15.37,0.48,1.0023358130805533
07-18-2020,295632,45358,1413,294219,15.34,0.48,1.0028120473672248
07-19-2020,296358,45385,1413,294945,15.31,0.48,1.0024557558045137
07-20-2020,296944,45397,1413,295531,15.29,0.48,1.0019773382193158
07-21-2020,297389,45507,1414,295975,15.3,0.48,1.0014985990624494
07-22-2020,297952,45586,1416,296536,15.3,0.48,1.0018931433240639
07-23-2020,298731,45639,1425,297306,15.28,0.48,1.0026145150896788
07-24-2020,299500,45762,1425,298075,15.28,0.48,1.0025742222936354
07-25-2020,300270,45823,1427,298843,15.26,0.48,1.0025709515859766
07-26-2020,301020,45837,1434,299586,15.23,0.48,1.002497752023179
07-27-2020,301708,45844,1437,300271,15.19,0.48,1.0022855624211016
07-28-2020,302295,45963,1438,300857,15.2,0.48,1.0019455897755445
07-29-2020,303063,46046,1438,301625,15.19,0.47,1.0025405646801966
07-30-2020,303910,46084,1438,302472,15.16,0.47,1.0027947984412482
07-31-2020,304793,46204,1439,303354,15.16,0.47,1.0029054654338456
08-01-2020,305572,46278,1441,304131,15.14,0.47,1.0025558329751667
08-02-2020,306319,46286,1444,304875,15.11,0.47,1.0024445957090309
08-03-2020,307251,46295,1445,305806,15.07,0.47,1.0030425797942668
08-04-2020,307926,46384,1445,306481,15.06,0.47,1.0021969009051233
08-05-2020,308832,46449,1446,307386,15.04,0.47,1.002942265349467
08-06-2020,309796,46498,1447,308349,15.01,0.47,1.0031214381929334
08-07-2020,310696,46596,1447,309249,15.0,0.47,1.0029051375744038
08-08-2020,311461,46651,1449,310012,14.98,0.47,1.0024622138682184
08-09-2020,312574,46659,1451,311123,14.93,0.46,1.0035734811099946
08-10-2020,313392,46611,1463,311929,14.87,0.47,1.0026169802990652
08-11-2020,313394,46611,1464,311930,14.87,0.47,1.0000063817838363
08-12-2020,315581,46791,1472,314109,14.83,0.47,1.0069784360900336
08-13-2020,315600,46791,1479,314121,14.83,0.47,1.0000602064129336
08-14-2020,315621,46791,1481,314140,14.83,0.47,1.0000665399239543
08-15-2020,319232,46791,1486,317746,14.66,0.47,1.011440937073262
08-16-2020,320343,46791,1486,318857,14.61,0.46,1.0034802275461108
08-17-2020,321064,41454,1490,319574,12.91,0.46,1.0022507125175202
08-18-2020,322177,41466,1493,320684,12.87,0.46,1.0034665985597886
08-19-2020,323008,41483,1495,321513,12.84,0.46,1.0025793275125163
08-20-2020,324203,41489,1544,322659,12.8,0.48,1.0036995987715474
08-21-2020,325263,41491,1544,323719,12.76,0.47,1.0032695564198975
08-22-2020,326595,41509,1547,325048,12.71,0.47,1.0040951476190036
08-23-2020,327643,41515,1547,326096,12.67,0.47,1.003208867251489
08-24-2020,328620,41519,1550,327070,12.63,0.47,1.0029819040846286
08-25-2020,329821,41535,1551,328270,12.59,0.47,1.0036546771346844
08-26-2020,330967,41552,1551,329416,12.55,0.47,1.0034746119865017
08-27-2020,332509,41564,1564,330945,12.5,0.47,1.004659074771805
08-28-2020,333806,41573,1615,332191,12.45,0.48,1.0039006462982958
08-29-2020,334916,41585,1622,333294,12.42,0.48,1.00332528474623
08-30-2020,336668,41586,1624,335044,12.35,0.48,1.0052311624407313
08-31-2020,338083,41589,1682,336401,12.3,0.5,1.0042029536516688
09-01-2020,339415,41592,1709,337706,12.25,0.5,1.0039398609217263
09-02-2020,340929,41602,1742,339187,12.2,0.51,1.0044606160599856
09-03-2020,342708,41616,1750,340958,12.14,0.51,1.0052180952632366
09-04-2020,344686,41626,1756,342930,12.08,0.51,1.0057716773463123
09-05-2020,346513,41638,1806,344707,12.02,0.52,1.0053004763755997
09-06-2020,349500,41640,1824,347676,11.91,0.52,1.0086201672087338
09-07-2020,352453,41643,1824,350629,11.82,0.52,1.0084492131616596
09-08-2020,354934,41675,1827,353107,11.74,0.51,1.0070392364371987
09-09-2020,357615,41683,1833,355782,11.66,0.51,1.0075535169918914
09-10-2020,360546,41697,1847,358699,11.56,0.51,1.0081959649343568
09-11-2020,364090,41703,1850,362240,11.45,0.51,1.0098295363143677
09-12-2020,367594,41712,1882,365712,11.35,0.51,1.009623994067401
09-13-2020,370932,41717,2148,368784,11.25,0.58,1.0090806705223698
09-14-2020,373557,41726,2154,371403,11.17,0.58,1.0070767687878102
09-15-2020,376672,41753,2186,374486,11.08,0.58,1.0083387541928006
09-16-2020,380679,41773,2192,378487,10.97,0.58,1.0106379024721774
09-17-2020,384089,41794,2203,381886,10.88,0.57,1.008957678253857
09-18-2020,388418,41821,2215,386203,10.77,0.57,1.011270825251439
09-19-2020,392847,41848,2229,390618,10.65,0.57,1.011402664140179
09-20-2020,396746,41866,2230,394516,10.55,0.56,1.0099249835177562
09-21-2020,401124,41877,2230,398894,10.44,0.56,1.0110347678363487
09-22-2020,406060,41951,2240,403820,10.33,0.55,1.0123054217648408
09-23-2020,412247,41951,2249,409998,10.18,0.55,1.0152366645323352
09-24-2020,418891,41991,2284,416607,10.02,0.55,1.0161165514849106
09-25-2020,425769,42025,2305,423464,9.87,0.54,1.0164195458961878
09-26-2020,431819,42060,2335,429484,9.74,0.54,1.0142095831307587
09-27-2020,437519,42077,2341,435178,9.62,0.54,1.013199974989521
09-28-2020,441575,42090,2354,439221,9.53,0.53,1.00927045454026
09-29-2020,448731,42162,2370,446361,9.4,0.53,1.0162056275830833
09-30-2020,455848,42233,2375,453473,9.26,0.52,1.0158602815495252
10-01-2020,462777,42292,2385,460392,9.14,0.52,1.0152002421859918
10-02-2020,469771,42358,2391,467380,9.02,0.51,1.0151131106342797
10-03-2020,482656,42407,2398,480258,8.79,0.5,1.0274282575978508
10-04-2020,505621,42440,2405,503216,8.39,0.48,1.047580471391633
10-05-2020,518224,42459,2411,515813,8.19,0.47,1.0249257843325337
10-06-2020,532781,42535,2419,530362,7.98,0.45,1.0280901695019915
10-07-2020,546954,42605,2427,544527,7.79,0.44,1.0266019246181828
10-08-2020,564504,42682,2476,562028,7.56,0.44,1.0320867934049298
10-09-2020,578392,42769,2490,575902,7.39,0.43,1.0246021285943059
10-10-2020,593567,42850,2497,591070,7.22,0.42,1.0262365316256103
10-11-2020,606449,42915,2505,603944,7.08,0.41,1.0217026889971983
10-12-2020,620460,42965,2513,617947,6.92,0.41,1.0231033442218553
10-13-2020,637710,43108,2537,635173,6.76,0.4,1.0278019533894207
10-14-2020,657461,43245,2553,654908,6.58,0.39,1.0309717583227487
10-15-2020,676457,43383,2563,673894,6.41,0.38,1.0288929685563097
10-16-2020,692114,43519,2567,689547,6.29,0.37,1.0231455953593502
10-17-2020,708300,43669,2574,705726,6.17,0.36,1.0233863207506277
10-18-2020,725294,43736,2591,722703,6.03,0.36,1.023992658478046
10-19-2020,744124,43816,2615,741509,5.89,0.35,1.0259618858007924
10-20-2020,765489,44057,2628,762861,5.76,0.34,1.028711612580699
10-21-2020,792196,44248,2638,789558,5.59,0.33,1.034888809636716
10-22-2020,813453,44437,2654,810799,5.46,0.33,1.0268330059732693
10-23-2020,834012,44661,2659,831353,5.35,0.32,1.0252737404619565
10-24-2020,857045,44835,2678,854367,5.23,0.31,1.0276171086267345
10-25-2020,876842,44986,2687,874155,5.13,0.31,1.0230991371514915
10-26-2020,897742,45088,2704,895038,5.02,0.3,1.0238355370750944
10-27-2020,920666,45455,2721,917945,4.94,0.3,1.02553517603053
10-28-2020,945380,45765,2775,942605,4.84,0.29,1.0268436110380963
10-29-2020,968458,46045,2801,965657,4.75,0.29,1.0244113478178087
10-30-2020,992876,46319,2813,990063,4.67,0.28,1.0252132771890985
10-31-2020,1014795,46645,2841,1011954,4.6,0.28,1.0220762713571483
11-01-2020,1038056,46807,2843,1035213,4.51,0.27,1.0229218709197425
11-02-2020,1057023,46943,2852,1054171,4.44,0.27,1.0182716539377452
11-03-2020,1077101,47340,2908,1074193,4.4,0.27,1.0189948563087086
11-04-2020,1102307,47832,2927,1099380,4.34,0.27,1.0234017051325734
11-05-2020,1126471,48210,2933,1123538,4.28,0.26,1.0219212977872771
11-06-2020,1149793,48565,2953,1146840,4.22,0.26,1.0207035955652652
11-07-2020,1174772,48978,2967,1171805,4.17,0.25,1.021724780025622
11-08-2020,1195352,49134,2985,1192367,4.11,0.25,1.0175182929113054
11-09-2020,1216749,49329,3000,1213749,4.05,0.25,1.0179001666454734
11-10-2020,1237200,49861,3010,1234190,4.03,0.24,1.016807903684326
11-11-2020,1260200,50457,3020,1257180,4.0,0.24,1.0185903653410928
11-12-2020,1293717,51020,3033,1290684,3.94,0.23,1.0265965719727028
11-13-2020,1321033,51396,3091,1317942,3.89,0.23,1.0211143549941757
11-14-2020,1347909,51858,3110,1344799,3.85,0.23,1.0203446848034834
11-15-2020,1372886,52026,3123,1369763,3.79,0.23,1.0185301826755366
11-16-2020,1394302,52240,3137,1391165,3.75,0.22,1.015599255874122
11-17-2020,1414362,52839,3150,1411212,3.74,0.22,1.0143871270356064
11-18-2020,1434007,53368,3209,1430798,3.72,0.22,1.0138896548408398
11-19-2020,1456943,53870,3245,1453698,3.7,0.22,1.015994343123848
11-20-2020,1477217,54381,3263,1473954,3.68,0.22,1.0139154380095858
11-21-2020,1497138,54721,3313,1493825,3.66,0.22,1.0134854933296868
11-22-2020,1515805,55120,3325,1512480,3.64,0.22,1.0124684564816335
11-23-2020,1531270,55327,3336,1527934,3.61,0.22,1.010202499661896
11-24-2020,1542614,55935,3408,1539206,3.63,0.22,1.0074082297700602
11-25-2020,1560875,56630,3448,1557427,3.63,0.22,1.0118376988669882
11-26-2020,1578432,57128,3457,1574975,3.62,0.22,1.0112481781052294
11-27-2020,1593253,57648,3465,1589788,3.62,0.22,1.0093896981308033
11-28-2020,1609144,58127,3503,1605641,3.61,0.22,1.0099739338322289
11-29-2020,1621308,58342,3517,1617791,3.6,0.22,1.0075592986084527
11-30-2020,1633736,58545,3573,1630163,3.58,0.22,1.0076654158247538
12-01-2020,1647233,59148,3592,1643641,3.59,0.22,1.0082614326916957
12-02-2020,1663470,59796,3605,1659865,3.59,0.22,1.0098571361792776
12-03-2020,1678421,60210,3626,1674795,3.59,0.22,1.0089878386745779
12-04-2020,1694803,60714,3640,1691163,3.58,0.21,1.0097603640564554
12-05-2020,1710382,61111,3653,1706729,3.57,0.21,1.0091922188006512
12-06-2020,1727754,61342,3739,1724015,3.55,0.22,1.0101567953825519
12-07-2020,1742528,61531,3750,1738778,3.53,0.22,1.0085509858463646
12-08-2020,1754914,62130,3768,1751146,3.54,0.21,1.0071080636867815
12-09-2020,1771548,62663,3781,1767767,3.54,0.21,1.0094785271528974
12-10-2020,1792614,63179,3790,1788824,3.52,0.21,1.0118912950707517
12-11-2020,1814398,63603,3802,1810596,3.51,0.21,1.0121520862829365
12-12-2020,1835952,64123,3808,1832144,3.49,0.21,1.011879422265677
12-13-2020,1854493,64267,4016,1850477,3.47,0.22,1.010098847900163
12-14-2020,1874870,64500,4051,1870819,3.44,0.22,1.010987908824676
12-15-2020,1893439,65006,4096,1889343,3.43,0.22,1.0099041533546327
12-16-2020,1918739,65618,4109,1914630,3.42,0.21,1.0133619303288883
12-17-2020,1954271,66150,4126,1950145,3.38,0.21,1.0185184123531132
12-18-2020,1982831,66640,4267,1978564,3.36,0.22,1.014614145121122
12-19-2020,2010080,67177,4357,2005723,3.34,0.22,1.0137424722530564
12-20-2020,2046164,67503,4378,2041786,3.3,0.21,1.0179515243174402
12-21-2020,2079681,67718,4389,2075292,3.26,0.21,1.0163804074355722
12-22-2020,2116612,68409,4412,2112200,3.23,0.21,1.0177580119258676
12-23-2020,2155999,69157,4726,2151273,3.21,0.22,1.0186085120938557
12-24-2020,2195148,69732,4824,2190324,3.18,0.22,1.0181581716874637
12-25-2020,2227951,70302,4825,2223126,3.16,0.22,1.014943411560405
12-26-2020,2262739,70513,4913,2257826,3.12,0.22,1.0156143469941663
12-27-2020,2295232,70860,5096,2290136,3.09,0.22,1.0143600300343965
12-28-2020,2336692,71217,5105,2331587,3.05,0.22,1.0180635334467278
12-29-2020,2389967,71675,5297,2384670,3.0,0.22,1.0227993248575336
12-30-2020,2440206,72657,5417,2434789,2.98,0.22,1.0210207923373
12-31-2020,2496235,73622,5482,2490753,2.95,0.22,1.0229607664270968
01-01-2021,2549693,74237,5682,2544011,2.91,0.22,1.0214154516702154
01-02-2021,2607546,74682,5747,2601799,2.86,0.22,1.022690182700427
01-03-2021,2662703,75137,6097,2656606,2.82,0.23,1.0211528387226918
01-04-2021,2721626,75547,6263,2715363,2.78,0.23,1.0221290170176696
01-05-2021,2782713,76428,6386,2776327,2.75,0.23,1.0224450383704446
01-06-2021,2845269,77470,6452,2838817,2.72,0.23,1.0224802198430094
01-07-2021,2898056,78632,6524,2891532,2.71,0.23,1.018552551621657
01-08-2021,2966248,79965,6702,2959546,2.7,0.23,1.0235302561441186
01-09-2021,3026346,81000,6855,3019491,2.68,0.23,1.0202606120594098
01-10-2021,3081372,81567,7013,3074359,2.65,0.23,1.018182322840812
01-11-2021,3127647,82096,7153,3120494,2.62,0.23,1.015017660964012
01-12-2021,3173295,83342,7352,3165943,2.63,0.23,1.014594997453357
01-13-2021,3220957,84910,7434,3213523,2.64,0.23,1.0150197192508104
01-14-2021,3269761,86163,7584,3262177,2.64,0.23,1.0151520184839475
01-15-2021,3325646,87448,7695,3317951,2.63,0.23,1.017091463259853
01-16-2021,3367074,88747,7866,3359208,2.64,0.23,1.0124571286300466
01-17-2021,3405744,89429,8046,3397698,2.63,0.24,1.011484749072934
01-18-2021,3443354,90031,8250,3435104,2.61,0.24,1.011043108348719
01-19-2021,3476808,91643,8367,3468441,2.64,0.24,1.0097155273608232
01-20-2021,3515800,93469,8496,3507304,2.66,0.24,1.0112148844572377
01-21-2021,3553777,94765,8585,3545192,2.67,0.24,1.0108018089766198
01-22-2021,3594098,96166,8682,3585416,2.68,0.24,1.0113459567102832
01-23-2021,3627750,97518,8830,3618920,2.69,0.24,1.009363128106134
01-24-2021,3657861,98129,8950,3648911,2.68,0.24,1.0083001860657432
01-25-2021,3680105,98723,9040,3671065,2.68,0.25,1.0060811496117539
01-26-2021,3700272,100359,9164,3691108,2.71,0.25,1.005480006684592
01-27-2021,3725641,102085,9250,3716391,2.74,0.25,1.0068559824791259
01-28-2021,3754452,103324,9353,3745099,2.75,0.25,1.0077331659169522
01-29-2021,3783597,104572,9408,3774189,2.76,0.25,1.007762784022808
01-30-2021,3806997,105777,9584,3797413,2.78,0.25,1.0061845910122034
01-31-2021,3828187,106367,9656,3818531,2.78,0.25,1.0055660669026008
02-01-2021,3846855,106774,9739,3837116,2.78,0.25,1.0048764597967654
02-02-2021,3863761,108225,9822,3853939,2.8,0.25,1.0043947588354643
02-03-2021,3882976,109547,9940,3873036,2.82,0.26,1.004973133690205
02-04-2021,3903710,110462,10015,3893695,2.83,0.26,1.005339718813611
02-05-2021,3922914,111477,10098,3912816,2.84,0.26,1.004919422805485
02-06-2021,3941277,112305,10186,3931091,2.85,0.26,1.0046809591033603
02-07-2021,3957181,112681,10274,3946907,2.85,0.26,1.0040352403548394
02-08-2021,3971319,113014,10327,3960992,2.85,0.26,1.0035727453457397
02-09-2021,3983760,114066,10431,3973329,2.86,0.26,1.0031327123305884
02-10-2021,3996837,115068,10499,3986338,2.88,0.26,1.0032825772636906
02-11-2021,4010380,115748,10602,3999778,2.89,0.26,1.0033884294005484
02-12-2021,4025578,116507,10659,4014919,2.89,0.26,1.0037896658172043
02-13-2021,4038933,117128,10854,4028079,2.9,0.27,1.003317536015946
02-14-2021,4049924,117387,10918,4039006,2.9,0.27,1.0027212632643325
02-15-2021,4059700,117622,10963,4048737,2.9,0.27,1.0024138724578535
02-16-2021,4070336,118421,11026,4059310,2.91,0.27,1.0026198980220213
02-17-2021,4083096,119159,11103,4071993,2.92,0.27,1.0031348763345336
02-18-2021,4095191,119614,11164,4084027,2.92,0.27,1.0029622129873998
02-19-2021,4107290,120147,11254,4096036,2.93,0.27,1.002954440952815
02-20-2021,4117743,120593,11297,4106446,2.93,0.27,1.002544987083941
02-21-2021,4127578,120810,11315,4116263,2.93,0.27,1.0023884443492466
02-22-2021,4138237,120988,11346,4126891,2.92,0.27,1.0025823860869498
02-23-2021,4146760,121536,11457,4135303,2.93,0.28,1.0020595727117612
02-24-2021,4156707,121979,11474,4145233,2.93,0.28,1.0023987402212813
02-25-2021,4166727,122303,11504,4155223,2.94,0.28,1.0024105620145947
02-26-2021,4175315,122648,11579,4163736,2.94,0.28,1.0020610901554146
02-27-2021,4182772,122939,11602,4171170,2.94,0.28,1.00178597303437
02-28-2021,4188827,123083,11643,4177184,2.94,0.28,1.0014476046028806
03-01-2021,4194289,123187,11646,4182643,2.94,0.28,1.001303944994625
03-02-2021,4200700,123530,11662,4189038,2.94,0.28,1.001528506976987
03-03-2021,4207120,124017,11741,4195379,2.95,0.28,1.00152831670912
03-04-2021,4213764,124259,11795,4201969,2.95,0.28,1.0015792275951245
03-05-2021,4219788,124495,11834,4207954,2.95,0.28,1.0014296007085353
03-06-2021,4225906,124654,11849,4214057,2.95,0.28,1.0014498358685318
03-07-2021,4231166,124736,11851,4219315,2.95,0.28,1.0012447035026335
03-08-2021,4235989,124801,11853,4224136,2.95,0.28,1.0011398749186395
03-09-2021,4241858,125032,11868,4229990,2.95,0.28,1.0013855087914534
03-10-2021,4247879,125222,11923,4235956,2.95,0.28,1.0014194251669906
03-11-2021,4254714,125403,11944,4242770,2.95,0.28,1.001609038298878
03-12-2021,4261398,125579,11947,4249451,2.95,0.28,1.001570963406706
03-13-2021,4267015,125701,11949,4255066,2.95,0.28,1.0013181120374113
03-14-2021,4271710,125753,11972,4259738,2.94,0.28,1.0011003007957553
03-15-2021,4276840,125817,11997,4264843,2.94,0.28,1.001200924220043
03-16-2021,4282203,125927,12013,4270190,2.94,0.28,1.0012539632064796
03-17-2021,4287996,126068,12053,4275943,2.94,0.28,1.001352808355886
03-18-2021,4294328,126163,12086,4282242,2.94,0.28,1.0014766804819781
03-19-2021,4299200,126263,12130,4287070,2.94,0.28,1.0011345197665387
03-20-2021,4304839,126359,12167,4292672,2.94,0.28,1.0013116393747674
03-21-2021,4310195,126393,12176,4298019,2.93,0.28,1.0012441812574175
03-22-2021,4315602,126411,12225,4303377,2.93,0.28,1.001254467605294
03-23-2021,4321019,126523,12383,4308636,2.93,0.29,1.0012552130618162
03-24-2021,4326645,126621,12397,4314248,2.93,0.29,1.0013020076977213
03-25-2021,4332922,126684,12563,4320359,2.92,0.29,1.0014507776810901
03-26-2021,4339157,126755,12567,4326590,2.92,0.29,1.001438982746516
03-27-2021,4343066,126813,12712,4330354,2.92,0.29,1.0009008662281638
03-28-2021,4347013,126834,12774,4334239,2.92,0.29,1.0009088049778658
03-29-2021,4351796,126857,12868,4338928,2.92,0.3,1.0011002957663113
03-30-2021,4355867,126912,12930,4342937,2.91,0.3,1.0009354758357238
03-31-2021,4359982,126955,13073,4346909,2.91,0.3,1.000944702857089
04-01-2021,4364547,127006,13089,4351458,2.91,0.3,1.0010470226711945
04-02-2021,4367969,127058,13190,4354779,2.91,0.3,1.0007840447130023
04-03-2021,4371393,127068,13222,4358171,2.91,0.3,1.000783888347193
04-04-2021,4373798,127078,13254,4360544,2.91,0.3,1.000550167875549
04-05-2021,4376629,127106,13296,4363333,2.9,0.3,1.0006472635453214
04-06-2021,4379033,127126,13345,4365688,2.9,0.3,1.0005492811933567
04-07-2021,4381830,127171,13391,4368439,2.9,0.31,1.000638725490308
04-08-2021,4384954,127224,13435,4371519,2.9,0.31,1.000712944135213
04-09-2021,4380167,127284,13467,4366700,2.91,0.31,1.0010916876208964
04-10-2021,4382880,127324,13494,4369386,2.91,0.31,1.000619382776958
04-11-2021,4384610,127331,13494,4371116,2.9,0.31,1.0003947176285912
04-12-2021,4388296,127346,13608,4374688,2.9,0.31,1.0008406676990655
