date,total_confirmed,total_deaths,total_recovered,total_infected,mortality_rate,recovery_rate,daily_growth_rate
03-12-2020,3,0,0,3,0,0,1
03-13-2020,4,0,0,4,0,0,1.3333333333333333
03-14-2020,4,0,0,4,0,0,1.0
03-15-2020,4,0,0,4,0,0,1.0
03-16-2020,4,0,0,4,0,0,1.0
03-17-2020,5,0,0,5,0,0,1.25
03-18-2020,7,1,0,7,14.29,0,1.4
03-19-2020,11,1,0,11,9.09,0,1.5714285714285714
03-20-2020,16,1,0,16,6.25,0,1.4545454545454546
03-21-2020,21,1,0,21,4.76,0,1.3125
03-22-2020,35,1,0,35,2.86,0,1.6666666666666665
03-23-2020,40,1,0,40,2.5,0,1.1428571428571428
03-24-2020,48,1,1,47,2.08,2.08,1.2
03-25-2020,57,1,1,56,1.75,1.75,1.1875
03-26-2020,67,2,1,66,2.99,1.49,1.1754385964912282
03-27-2020,80,2,4,76,2.5,5.0,1.1940298507462686
03-28-2020,119,3,4,115,2.52,3.36,1.4875
03-29-2020,139,3,4,135,2.16,2.88,1.1680672268907564
03-30-2020,170,4,4,166,2.35,2.35,1.223021582733813
03-31-2020,186,6,8,178,3.23,4.3,1.0941176470588236
04-01-2020,212,6,12,200,2.83,5.66,1.139784946236559
04-02-2020,233,6,13,220,2.58,5.58,1.099056603773585
04-03-2020,269,6,15,254,2.23,5.58,1.1545064377682404
04-04-2020,288,6,15,273,2.08,5.21,1.070631970260223
04-05-2020,320,8,15,305,2.5,4.69,1.1111111111111112
04-06-2020,350,9,18,332,2.57,5.14,1.09375
04-07-2020,396,11,27,369,2.78,6.82,1.1314285714285715
04-08-2020,457,12,27,430,2.63,5.91,1.154040404040404
04-09-2020,515,15,28,487,2.91,5.44,1.12691466083151
04-10-2020,564,15,51,513,2.66,9.04,1.0951456310679613
04-11-2020,620,16,77,543,2.58,12.42,1.099290780141844
04-12-2020,669,18,92,577,2.69,13.75,1.0790322580645162
04-13-2020,726,21,121,605,2.89,16.67,1.0852017937219731
04-14-2020,766,21,132,634,2.74,17.23,1.0550964187327825
04-15-2020,814,24,151,663,2.95,18.55,1.0626631853785902
04-16-2020,862,27,171,691,3.13,19.84,1.058968058968059
04-17-2020,923,31,192,731,3.36,20.8,1.0707656612529002
04-18-2020,986,32,227,759,3.25,23.02,1.068255687973998
04-19-2020,1035,34,255,780,3.29,24.64,1.0496957403651115
04-20-2020,1087,36,285,802,3.31,26.22,1.0502415458937198
04-21-2020,1137,38,309,828,3.34,27.18,1.045998160073597
04-22-2020,1189,40,341,848,3.36,28.68,1.0457343887423043
04-23-2020,1235,43,365,870,3.48,29.55,1.0386879730866274
04-24-2020,1285,49,416,869,3.81,32.37,1.040485829959514
04-25-2020,1337,51,437,900,3.81,32.69,1.040466926070039
04-26-2020,1369,54,501,868,3.94,36.6,1.0239341810022438
04-27-2020,1389,56,525,864,4.03,37.8,1.014609203798393
04-28-2020,1437,58,575,862,4.04,40.01,1.0345572354211663
04-29-2020,1467,58,617,850,3.95,42.06,1.0208768267223383
04-30-2020,1501,61,681,820,4.06,45.37,1.0231765507839128
05-01-2020,1537,64,714,823,4.16,46.45,1.0239840106595604
05-02-2020,1611,66,765,846,4.1,47.49,1.048145738451529
05-03-2020,1649,67,827,822,4.06,50.15,1.0235878336436997
05-04-2020,1668,69,876,792,4.14,52.52,1.0115221346270467
05-05-2020,1685,69,954,731,4.09,56.62,1.0101918465227817
05-06-2020,1703,69,1001,702,4.05,58.78,1.0106824925816025
05-07-2020,1729,73,1031,698,4.22,59.63,1.015267175572519
05-08-2020,1741,74,1078,663,4.25,61.92,1.0069404279930596
05-09-2020,1754,74,1140,614,4.22,64.99,1.0074669730040207
05-10-2020,1766,77,1193,573,4.36,67.55,1.0068415051311288
05-11-2020,1783,77,1229,554,4.32,68.93,1.0096262740656852
05-12-2020,1804,78,1277,527,4.32,70.79,1.0117779024116658
05-13-2020,1810,79,1326,484,4.36,73.26,1.0033259423503327
05-14-2020,1830,79,1383,447,4.32,75.57,1.011049723756906
05-15-2020,1840,79,1425,415,4.29,77.45,1.005464480874317
05-16-2020,1862,79,1460,402,4.24,78.41,1.0119565217391304
05-17-2020,1872,79,1495,377,4.22,79.86,1.0053705692803436
05-18-2020,1881,79,1505,376,4.2,80.01,1.0048076923076923
05-19-2020,1887,79,1538,349,4.19,81.51,1.003189792663477
05-20-2020,1900,79,1573,327,4.16,82.79,1.0068892421833597
05-21-2020,1908,80,1603,305,4.19,84.01,1.0042105263157894
05-22-2020,1916,81,1631,285,4.23,85.13,1.0041928721174005
05-23-2020,1931,81,1671,260,4.19,86.54,1.0078288100208768
05-24-2020,1941,82,1689,252,4.22,87.02,1.0051786639047127
05-25-2020,1947,82,1704,243,4.21,87.52,1.0030911901081916
05-26-2020,1963,82,1709,254,4.18,87.06,1.0082177709296354
05-27-2020,1974,82,1724,250,4.15,87.34,1.0056036678553235
05-28-2020,1983,82,1734,249,4.14,87.44,1.0045592705167172
05-29-2020,2005,82,1760,245,4.09,87.78,1.011094301563288
05-30-2020,2025,83,1795,230,4.1,88.64,1.0099750623441397
05-31-2020,2045,83,1809,236,4.06,88.46,1.0098765432098766
06-01-2020,2083,83,1826,257,3.98,87.66,1.0185819070904645
06-02-2020,2092,83,1827,265,3.97,87.33,1.0043206913106097
06-03-2020,2107,83,1830,277,3.94,86.85,1.00717017208413
06-04-2020,2119,83,1839,280,3.92,86.79,1.0056953013763645
06-05-2020,2133,83,1848,285,3.89,86.64,1.006606890042473
06-06-2020,2173,83,1855,318,3.82,85.37,1.0187529301453353
06-07-2020,2191,83,1862,329,3.79,84.98,1.0082834790612056
06-08-2020,2200,83,1868,332,3.77,84.91,1.004107713372889
06-09-2020,2205,83,1880,325,3.76,85.26,1.0022727272727272
06-10-2020,2211,83,1886,325,3.75,85.3,1.002721088435374
06-11-2020,2219,84,1893,326,3.79,85.31,1.0036182722749887
06-12-2020,2233,84,1902,331,3.76,85.18,1.0063091482649842
06-13-2020,2238,84,1923,315,3.75,85.92,1.0022391401701747
06-14-2020,2248,84,1948,300,3.74,86.65,1.0044682752457552
06-15-2020,2262,84,1965,297,3.71,86.87,1.0062277580071175
06-16-2020,2273,84,1994,279,3.7,87.73,1.0048629531388151
06-17-2020,2280,84,1999,281,3.68,87.68,1.0030796304443468
06-18-2020,2295,85,2020,275,3.7,88.02,1.006578947368421
06-19-2020,2305,85,2037,268,3.69,88.37,1.0043572984749456
06-20-2020,2309,85,2071,238,3.68,89.69,1.0017353579175705
06-21-2020,2312,85,2103,209,3.68,90.96,1.0012992637505413
06-22-2020,2315,85,2113,202,3.67,91.27,1.0012975778546713
06-23-2020,2318,85,2123,195,3.67,91.59,1.0012958963282936
06-24-2020,2319,85,2130,189,3.67,91.85,1.0004314063848145
06-25-2020,2321,85,2171,150,3.66,93.54,1.0008624407072013
06-26-2020,2325,85,2180,145,3.66,93.76,1.001723395088324
06-27-2020,2330,86,2187,143,3.69,93.86,1.0021505376344086
06-28-2020,2332,86,2201,131,3.69,94.38,1.0008583690987125
06-29-2020,2340,86,2211,129,3.68,94.49,1.0034305317324186
06-30-2020,2341,86,2214,127,3.67,94.57,1.0004273504273504
07-01-2020,2348,86,2218,130,3.66,94.46,1.0029901751388295
07-02-2020,2353,86,2221,132,3.65,94.39,1.002129471890971
07-03-2020,2361,86,2224,137,3.64,94.2,1.0033999150021249
07-04-2020,2369,86,2227,142,3.63,94.01,1.0033883947479882
07-05-2020,2372,86,2229,143,3.63,93.97,1.0012663571127058
07-06-2020,2380,86,2234,146,3.61,93.87,1.0033726812816188
07-07-2020,2395,86,2240,155,3.59,93.53,1.0063025210084033
07-08-2020,2399,86,2242,157,3.58,93.46,1.001670146137787
07-09-2020,2403,86,2244,159,3.58,93.38,1.0016673614005835
07-10-2020,2413,86,2249,164,3.56,93.2,1.004161464835622
07-11-2020,2420,87,2254,166,3.6,93.14,1.0029009531703275
07-12-2020,2426,87,2258,168,3.59,93.08,1.0024793388429751
07-13-2020,2428,87,2268,160,3.58,93.41,1.0008244023083264
07-14-2020,2432,87,2275,157,3.58,93.54,1.00164744645799
07-15-2020,2438,87,2277,161,3.57,93.4,1.002467105263158
07-16-2020,2440,87,2285,155,3.57,93.65,1.0008203445447088
07-17-2020,2444,87,2300,144,3.56,94.11,1.001639344262295
07-18-2020,2445,87,2304,141,3.56,94.23,1.0004091653027822
07-19-2020,2446,87,2308,138,3.56,94.36,1.0004089979550101
07-20-2020,2446,87,2308,138,3.56,94.36,1.0
07-21-2020,2449,87,2321,128,3.55,94.77,1.0012264922322158
07-22-2020,2462,87,2326,136,3.53,94.48,1.0053082890975908
07-23-2020,2466,87,2339,127,3.53,94.85,1.0016246953696182
07-24-2020,2469,87,2341,128,3.52,94.82,1.0012165450121655
07-25-2020,2478,87,2345,133,3.51,94.63,1.0036452004860268
07-26-2020,2495,87,2349,146,3.49,94.15,1.0068603712671509
07-27-2020,2532,87,2351,181,3.44,92.85,1.0148296593186372
07-28-2020,2555,87,2352,203,3.41,92.05,1.0090837282780412
07-29-2020,2588,87,2353,235,3.36,90.92,1.0129158512720156
07-30-2020,2597,87,2355,242,3.35,90.68,1.0034775888717156
07-31-2020,2608,87,2355,253,3.34,90.3,1.0042356565267616
08-01-2020,2633,87,2367,266,3.3,89.9,1.009585889570552
08-02-2020,2646,87,2369,277,3.29,89.53,1.0049373338397265
08-03-2020,2670,87,2373,297,3.26,88.88,1.0090702947845804
08-04-2020,2701,88,2382,319,3.26,88.19,1.0116104868913858
08-05-2020,2726,88,2396,330,3.23,87.89,1.0092558311736395
08-06-2020,2775,88,2409,366,3.17,86.81,1.0179750550256788
08-07-2020,2829,88,2429,400,3.11,85.86,1.0194594594594595
08-08-2020,2888,88,2442,446,3.05,84.56,1.0208554259455638
08-09-2020,2953,88,2451,502,2.98,83.0,1.0225069252077563
08-10-2020,3046,88,2460,586,2.89,80.76,1.0314933965458855
08-11-2020,3093,88,2472,621,2.85,79.92,1.01543007222587
08-12-2020,3128,88,2504,624,2.81,80.05,1.0113158745554478
08-13-2020,3174,89,2525,649,2.8,79.55,1.0147058823529411
08-14-2020,3229,88,2547,682,2.73,78.88,1.0173282923755513
08-15-2020,3292,88,2568,724,2.67,78.01,1.0195106844224218
08-16-2020,3316,88,2620,696,2.65,79.01,1.0072904009720534
08-17-2020,3364,88,2692,672,2.62,80.02,1.014475271411339
08-18-2020,3408,88,2794,614,2.58,81.98,1.0130796670630202
08-19-2020,3482,88,2863,619,2.53,82.22,1.0217136150234742
08-20-2020,3565,88,2894,671,2.47,81.18,1.023836875358989
08-21-2020,3582,89,2951,631,2.48,82.38,1.0047685834502105
08-22-2020,3617,89,3006,611,2.46,83.11,1.0097710776102735
08-23-2020,3682,91,3044,638,2.47,82.67,1.0179706939452584
08-24-2020,3717,91,3079,638,2.45,82.84,1.0095057034220531
08-25-2020,3744,91,3102,642,2.43,82.85,1.0072639225181599
08-26-2020,3759,92,3159,600,2.45,84.04,1.0040064102564104
08-27-2020,3806,92,3195,611,2.42,83.95,1.0125033253524873
08-28-2020,3866,92,3222,644,2.38,83.34,1.0157645822385706
08-29-2020,3925,94,3273,652,2.39,83.39,1.0152612519399897
08-30-2020,3973,94,3327,646,2.37,83.74,1.0122292993630573
08-31-2020,4032,94,3378,654,2.33,83.78,1.0148502391140197
09-01-2020,4065,95,3395,670,2.34,83.52,1.0081845238095237
09-02-2020,4126,98,3458,668,2.38,83.81,1.0150061500615006
09-03-2020,4214,100,3474,740,2.37,82.44,1.0213281628696074
09-04-2020,4266,100,3487,779,2.34,81.74,1.0123398196487898
09-05-2020,4298,100,3570,728,2.33,83.06,1.0075011720581342
09-06-2020,4309,101,3590,719,2.34,83.31,1.0025593299208935
09-07-2020,4352,102,3642,710,2.34,83.69,1.0099791134834069
09-08-2020,4377,104,3700,677,2.38,84.53,1.0057444852941178
09-09-2020,4459,104,3727,732,2.33,83.58,1.0187342928946768
09-10-2020,4551,106,3779,772,2.33,83.04,1.020632428795694
09-11-2020,4593,106,3844,749,2.31,83.69,1.009228740936058
09-12-2020,4653,108,3878,775,2.32,83.34,1.0130633572828216
09-13-2020,4684,108,3930,754,2.31,83.9,1.006662368364496
09-14-2020,4726,108,4040,686,2.29,85.48,1.0089666951323655
09-15-2020,4803,108,4119,684,2.25,85.76,1.0162928480744815
09-16-2020,4876,109,4131,745,2.24,84.72,1.0151988340620446
09-17-2020,4933,109,4230,703,2.21,85.75,1.0116899097621002
09-18-2020,5004,111,4249,755,2.22,84.91,1.0143928643827285
09-19-2020,5055,113,4284,771,2.24,84.75,1.0101918465227817
09-20-2020,5091,115,4412,679,2.26,86.66,1.0071216617210683
09-21-2020,5141,116,4462,679,2.26,86.79,1.0098212531919073
09-22-2020,5222,117,4506,716,2.24,86.29,1.0157556895545614
09-23-2020,5270,118,4582,688,2.24,86.94,1.0091918805055535
09-24-2020,5310,118,4613,697,2.22,86.87,1.0075901328273245
09-25-2020,5350,118,4658,692,2.21,87.07,1.0075329566854991
09-26-2020,5412,120,4732,680,2.22,87.44,1.0115887850467289
09-27-2020,5457,122,4751,706,2.24,87.06,1.0083148558758315
09-28-2020,5483,122,4787,696,2.23,87.31,1.0047645226314825
09-29-2020,5531,122,4866,665,2.21,87.98,1.0087543315703082
09-30-2020,5597,122,4893,704,2.18,87.42,1.0119327427228348
10-01-2020,5670,122,4922,748,2.15,86.81,1.0130427014472039
10-02-2020,5718,122,4922,796,2.13,86.08,1.0084656084656085
10-03-2020,5780,122,5118,662,2.11,88.55,1.0108429520811473
10-04-2020,5809,122,5145,664,2.1,88.57,1.0050173010380623
10-05-2020,5845,123,5232,613,2.1,89.51,1.0061972800826304
10-06-2020,5883,123,5278,605,2.09,89.72,1.0065012831479898
10-07-2020,5898,123,5321,577,2.09,90.22,1.0025497195308517
10-08-2020,5917,123,5371,546,2.08,90.77,1.0032214309935572
10-09-2020,5943,123,5398,545,2.07,90.83,1.0043941186412033
10-10-2020,5948,123,5440,508,2.07,91.46,1.0008413259296651
10-11-2020,5978,123,5540,438,2.06,92.67,1.0050437121721587
10-12-2020,6000,123,5574,426,2.05,92.9,1.0036801605888257
10-13-2020,6017,123,5602,415,2.04,93.1,1.0028333333333332
10-14-2020,6035,123,5653,382,2.04,93.67,1.00299152401529
10-15-2020,6062,123,5678,384,2.03,93.67,1.004473902236951
10-16-2020,6118,124,5702,416,2.03,93.2,1.0092378752886837
10-17-2020,6170,125,5753,417,2.03,93.24,1.0084995096436744
10-18-2020,6220,125,5768,452,2.01,92.73,1.0081037277147489
10-19-2020,6258,127,5780,478,2.03,92.36,1.0061093247588424
10-20-2020,6305,127,5806,499,2.01,92.09,1.0075103867050175
10-21-2020,6368,127,5814,554,1.99,91.3,1.0099920697858842
10-22-2020,6421,128,5871,550,1.99,91.43,1.008322864321608
10-23-2020,6479,128,5899,580,1.98,91.05,1.0090328609250896
10-24-2020,6534,128,5927,607,1.96,90.71,1.0084889643463497
10-25-2020,6566,128,5998,568,1.95,91.35,1.004897459442914
10-26-2020,6595,128,6029,566,1.94,91.42,1.0044166920499542
10-27-2020,6678,128,6051,627,1.92,90.61,1.0125852918877938
10-28-2020,6727,128,6107,620,1.9,90.78,1.0073375262054507
10-29-2020,6766,128,6132,634,1.89,90.63,1.0057975323323918
10-30-2020,6801,128,6178,623,1.88,90.84,1.0051729234407332
10-31-2020,6887,128,6245,642,1.86,90.68,1.0126451992354066
11-01-2020,6935,128,6289,646,1.85,90.68,1.0069696529693626
11-02-2020,6970,129,6318,652,1.85,90.65,1.0050468637346792
11-03-2020,7035,129,6374,661,1.83,90.6,1.009325681492109
11-04-2020,7144,129,6394,750,1.81,89.5,1.015493958777541
11-05-2020,7184,129,6502,682,1.8,90.51,1.005599104143337
11-06-2020,7228,130,6542,686,1.8,90.51,1.0061247216035634
11-07-2020,7267,130,6582,685,1.79,90.57,1.0053956834532374
11-08-2020,7297,130,6680,617,1.78,91.54,1.0041282509976606
11-09-2020,7349,130,6721,628,1.77,91.45,1.0071262162532548
11-10-2020,7392,130,6749,643,1.76,91.3,1.0058511362090081
11-11-2020,7429,130,6831,598,1.75,91.95,1.0050054112554112
11-12-2020,7487,131,6924,563,1.75,92.48,1.007807241889891
11-13-2020,7541,131,6965,576,1.74,92.36,1.0072125016695606
11-14-2020,7568,131,7015,553,1.73,92.69,1.0035804269990718
11-15-2020,7590,131,7060,530,1.73,93.02,1.002906976744186
11-16-2020,7639,131,7078,561,1.71,92.66,1.0064558629776021
11-17-2020,7667,131,7113,554,1.71,92.77,1.0036654012305275
11-18-2020,7704,131,7172,532,1.7,93.09,1.0048258771357768
11-19-2020,7725,131,7201,524,1.7,93.22,1.0027258566978192
11-20-2020,7763,131,7267,496,1.69,93.61,1.0049190938511328
11-21-2020,7798,132,7307,491,1.69,93.7,1.0045085662759243
11-22-2020,7846,132,7334,512,1.68,93.47,1.0061554244678124
11-23-2020,7879,132,7356,523,1.68,93.36,1.0042059648228396
11-24-2020,7950,133,7428,522,1.67,93.43,1.009011295849727
11-25-2020,8026,133,7470,556,1.66,93.07,1.009559748427673
11-26-2020,8075,133,7497,578,1.65,92.84,1.0061051582357339
11-27-2020,8110,133,7525,585,1.64,92.79,1.0043343653250774
11-28-2020,8173,133,7554,619,1.63,92.43,1.0077681874229347
11-29-2020,8233,134,7586,647,1.63,92.14,1.0073412455646642
11-30-2020,8284,135,7631,653,1.63,92.12,1.0061945827766305
12-01-2020,8381,136,7658,723,1.62,91.37,1.0117093191694833
12-02-2020,8456,136,7714,742,1.61,91.23,1.0089488127908364
12-03-2020,8531,136,7770,761,1.59,91.08,1.0088694418164617
12-04-2020,8610,136,7858,752,1.58,91.27,1.0092603446254835
12-05-2020,8714,136,7909,805,1.56,90.76,1.0120789779326365
12-06-2020,8782,136,7963,819,1.55,90.67,1.0078035345421161
12-07-2020,8906,136,7997,909,1.53,89.79,1.0141197904805284
12-08-2020,8982,136,8047,935,1.51,89.59,1.008533572872221
12-09-2020,9106,136,8137,969,1.49,89.36,1.0138053885548874
12-10-2020,9181,136,8212,969,1.48,89.45,1.0082363276960247
12-11-2020,9267,136,8290,977,1.47,89.46,1.0093671713320989
12-12-2020,9354,137,8371,983,1.46,89.49,1.0093881515053416
12-13-2020,9423,137,8434,989,1.45,89.5,1.0073765234124439
12-14-2020,9492,137,8484,1008,1.44,89.38,1.0073225087551736
12-15-2020,9588,137,8592,996,1.43,89.61,1.0101137800252844
12-16-2020,9671,137,8658,1013,1.42,89.53,1.008656654151022
12-17-2020,9771,137,8770,1001,1.4,89.76,1.0103401923275772
12-18-2020,9893,137,8912,981,1.38,90.08,1.012485927745369
12-19-2020,10024,137,8976,1048,1.37,89.55,1.0132416860406348
12-20-2020,10127,137,9040,1087,1.35,89.27,1.0102753391859538
12-21-2020,10242,137,9126,1116,1.34,89.1,1.0113557815740102
12-22-2020,10384,139,9219,1165,1.34,88.78,1.0138644795938294
12-23-2020,10500,139,9307,1193,1.32,88.64,1.011171032357473
12-24-2020,10717,139,9378,1339,1.3,87.51,1.0206666666666666
12-25-2020,10900,140,9503,1397,1.28,87.18,1.0170756741625455
12-26-2020,11038,141,9599,1439,1.28,86.96,1.0126605504587156
12-27-2020,11205,142,9705,1500,1.27,86.61,1.015129552455155
12-28-2020,11434,143,9797,1637,1.25,85.68,1.0204373047746542
12-29-2020,11601,143,9875,1726,1.23,85.12,1.01460556235788
12-30-2020,11687,145,10003,1684,1.24,85.59,1.007413154038445
12-31-2020,11863,146,10125,1738,1.23,85.35,1.015059467784718
01-01-2021,12056,146,10345,1711,1.21,85.81,1.01626907190424
01-02-2021,12225,146,10494,1731,1.19,85.84,1.0140179163901792
01-03-2021,12424,147,10676,1748,1.18,85.93,1.016278118609407
01-04-2021,12740,147,10837,1903,1.15,85.06,1.0254346426271732
01-05-2021,12964,147,11036,1928,1.13,85.13,1.0175824175824175
01-06-2021,13165,148,11248,1917,1.12,85.44,1.0155044739278
01-07-2021,13479,148,11390,2089,1.1,84.5,1.0238511203949867
01-08-2021,13823,148,11531,2292,1.07,83.42,1.0255211810965206
01-09-2021,14188,148,11682,2506,1.04,82.34,1.0264052665846777
01-10-2021,14576,151,11863,2713,1.04,81.39,1.0273470538483225
01-11-2021,15007,153,12022,2985,1.02,80.11,1.0295691547749726
01-12-2021,15494,155,12252,3242,1.0,79.08,1.032451522622776
01-13-2021,16044,158,12478,3566,0.98,77.77,1.0354976119788306
01-14-2021,16549,160,12699,3850,0.97,76.74,1.031475941161805
01-15-2021,17096,162,12942,4154,0.95,75.7,1.03305335669829
01-16-2021,17501,166,13180,4321,0.95,75.31,1.0236897519887693
01-17-2021,18151,170,13543,4608,0.94,74.61,1.0371407348151533
01-18-2021,18443,173,13797,4646,0.94,74.81,1.0160872679191228
01-19-2021,18773,175,14214,4559,0.93,75.72,1.017892967521553
01-20-2021,19122,180,14491,4631,0.94,75.78,1.0185905289511532
01-21-2021,19530,184,14754,4776,0.94,75.55,1.0213366802635708
01-22-2021,20060,188,15311,4749,0.94,76.33,1.0271377368151562
01-23-2021,20627,191,15881,4746,0.93,76.99,1.0282652043868394
01-24-2021,21261,194,16387,4874,0.91,77.08,1.030736413438697
01-25-2021,21828,197,17034,4794,0.9,78.04,1.0266685480457176
01-26-2021,22614,200,17703,4911,0.88,78.28,1.0360087960417812
01-27-2021,23439,204,18325,5114,0.87,78.18,1.0364818254178827
01-28-2021,24105,208,19050,5055,0.86,79.03,1.0284141814923844
01-29-2021,24764,210,19613,5151,0.85,79.2,1.0273387264053102
01-30-2021,25674,213,20310,5364,0.83,79.11,1.0367468906477144
01-31-2021,26686,214,20863,5823,0.8,78.18,1.0394173093401886
02-01-2021,27592,216,21856,5736,0.78,79.21,1.0339503859701715
02-02-2021,28636,218,22921,5715,0.76,80.04,1.0378370542186142
02-03-2021,29529,220,23694,5835,0.75,80.24,1.0311845229780696
02-04-2021,30345,225,24468,5877,0.74,80.63,1.0276338514680483
02-05-2021,31190,229,25364,5826,0.73,81.32,1.0278464326907233
02-06-2021,32011,233,26039,5972,0.73,81.34,1.0263225392754087
02-07-2021,32831,238,26739,6092,0.72,81.44,1.0256161944331637
02-08-2021,33484,240,27594,5890,0.72,82.41,1.0198897383570407
02-09-2021,34064,244,28693,5371,0.72,84.23,1.01732170588938
02-10-2021,34922,249,29674,5248,0.71,84.97,1.0251878816345703
02-11-2021,35772,253,30695,5077,0.71,85.81,1.0243399576198384
02-12-2021,36595,257,31534,5061,0.7,86.17,1.0230068209773007
02-13-2021,37483,261,32509,4974,0.7,86.73,1.0242656100560186
02-14-2021,38289,266,33167,5122,0.69,86.62,1.0215030813969
02-15-2021,39004,269,33776,5228,0.69,86.6,1.0186737705346183
02-16-2021,39941,274,34716,5225,0.69,86.92,1.02402317711004
02-17-2021,40765,277,35324,5441,0.68,86.65,1.020630429884079
02-18-2021,41688,282,36252,5436,0.68,86.96,1.0226419722801423
02-19-2021,42547,287,37206,5341,0.67,87.45,1.0206054500095951
02-20-2021,43484,291,38190,5294,0.67,87.83,1.0220227043034762
02-21-2021,44523,296,39125,5398,0.66,87.88,1.0238938460123264
02-22-2021,45361,300,40037,5324,0.66,88.26,1.0188217325876514
02-23-2021,46197,304,40979,5218,0.66,88.7,1.0184299287934568
02-24-2021,46896,308,41903,4993,0.66,89.35,1.0151308526527696
02-25-2021,47566,312,42809,4757,0.66,90.0,1.0142869327874446
02-26-2021,48441,314,43735,4706,0.65,90.29,1.0183954925787326
02-27-2021,49161,318,44566,4595,0.65,90.65,1.0148634421254723
02-28-2021,49779,322,45242,4537,0.65,90.89,1.012570940379569
03-01-2021,50590,324,46106,4484,0.64,91.14,1.0162920106872375
03-02-2021,51587,328,46926,4661,0.64,90.96,1.0197074520656255
03-03-2021,52501,333,47626,4875,0.63,90.71,1.0177176420415996
03-04-2021,53308,336,48341,4967,0.63,90.68,1.0153711357878898
03-05-2021,54085,341,49137,4948,0.63,90.85,1.0145756734448863
03-06-2021,54835,344,49889,4946,0.63,90.98,1.013867061107516
03-07-2021,55693,348,50779,4914,0.62,91.18,1.0156469408224673
03-08-2021,56566,350,51709,4857,0.62,91.41,1.0156752195069398
03-09-2021,57607,352,52593,5014,0.61,91.3,1.018403281122936
03-10-2021,58379,357,53450,4929,0.61,91.56,1.0134011491659
03-11-2021,59157,361,54084,5073,0.61,91.42,1.01332670994707
03-12-2021,59919,365,54852,5067,0.61,91.54,1.0128809777372079
03-13-2021,60558,366,55761,4797,0.6,92.08,1.0106643969358635
03-14-2021,61472,370,56755,4717,0.6,92.33,1.0150929687241983
03-15-2021,62206,373,57550,4656,0.6,92.52,1.0119403956272774
03-16-2021,62998,376,58610,4388,0.6,93.03,1.012731890814391
03-17-2021,63725,380,59550,4175,0.6,93.45,1.011540048890441
03-18-2021,64414,384,60378,4036,0.6,93.73,1.0108120831698706
03-19-2021,65149,387,61131,4018,0.59,93.83,1.011410562921104
03-20-2021,65962,392,62062,3900,0.59,94.09,1.0124790864019402
03-21-2021,66758,394,62860,3898,0.59,94.16,1.0120675540462691
03-22-2021,67476,397,63639,3837,0.59,94.31,1.0107552652865575
03-23-2021,68250,401,64432,3818,0.59,94.41,1.0114707451538325
03-24-2021,68986,405,65177,3809,0.59,94.48,1.0107838827838829
03-25-2021,69802,408,66004,3798,0.58,94.56,1.011828486939379
03-26-2021,70634,413,66847,3787,0.58,94.64,1.0119194292427152
03-27-2021,71584,414,67697,3887,0.58,94.57,1.0134496135005804
03-28-2021,72503,415,68499,4004,0.57,94.48,1.0128380643719266
03-29-2021,73204,417,69204,4000,0.57,94.54,1.0096685654386715
03-30-2021,74212,421,69868,4344,0.57,94.15,1.013769739358505
03-31-2021,75263,424,70614,4649,0.56,93.82,1.0141621301137282
04-01-2021,76276,425,71493,4783,0.56,93.73,1.0134594687960883
04-02-2021,77353,429,72351,5002,0.55,93.53,1.0141197755519429
04-03-2021,78382,431,73089,5293,0.55,93.25,1.0133026514808734
04-04-2021,79544,436,74246,5298,0.55,93.34,1.01482483223189
04-05-2021,80610,436,75127,5483,0.54,93.2,1.0134013879110932
04-06-2021,81640,440,75871,5769,0.54,92.93,1.0127775710209652
04-07-2021,82601,442,76883,5718,0.54,93.08,1.0117711905928466
04-08-2021,83515,443,77953,5562,0.53,93.34,1.0110652413409038
04-09-2021,84532,448,78916,5616,0.53,93.36,1.0121774531521284
04-10-2021,85572,453,79958,5614,0.53,93.44,1.0123030331708702
04-11-2021,86531,459,80805,5726,0.53,93.38,1.011206936848502
04-12-2021,87385,467,81900,5485,0.53,93.72,1.0098692953970254
04-13-2021,88445,476,83087,5358,0.54,93.94,1.0121302283000515
04-14-2021,89404,487,84114,5290,0.54,94.08,1.0108428967154728
04-15-2021,90408,491,85121,5287,0.54,94.15,1.0112299225985415
04-16-2021,91448,500,86142,5306,0.55,94.2,1.0115034067781612
04-17-2021,92474,512,87061,5413,0.55,94.15,1.0112194908581926
04-18-2021,93511,525,88035,5476,0.56,94.14,1.01121396284361
04-19-2021,94571,531,89073,5498,0.56,94.19,1.0113355647998632
04-20-2021,95754,538,90067,5687,0.56,94.06,1.0125091201319643
04-21-2021,96760,547,91034,5726,0.57,94.08,1.0105060885184953
04-22-2021,97967,559,92050,5917,0.57,93.96,1.012474162877222
04-23-2021,99208,569,92960,6248,0.57,93.7,1.0126675309032633
04-24-2021,100318,581,93948,6370,0.58,93.65,1.011188613821466
04-25-2021,101503,591,95095,6408,0.58,93.69,1.0118124364520824
04-26-2021,102441,597,96322,6119,0.58,94.03,1.0092411061742017
04-27-2021,103524,604,97462,6062,0.58,94.14,1.0105719389697485
04-28-2021,104512,614,98536,5976,0.59,94.28,1.0095436806923999
04-29-2021,105661,632,99630,6031,0.6,94.29,1.0109939528475198
04-30-2021,106707,644,100603,6104,0.6,94.28,1.0098995845203056
05-01-2021,107622,654,101475,6147,0.61,94.29,1.0085748826225083
05-02-2021,108693,664,102339,6354,0.61,94.15,1.0099514969058372
05-03-2021,109625,675,103256,6369,0.62,94.19,1.008574609220465
05-04-2021,110644,686,104326,6318,0.62,94.29,1.0092953249714938
05-05-2021,111654,694,105312,6342,0.62,94.32,1.0091283756914067
05-06-2021,112714,701,106409,6305,0.62,94.41,1.0094936142010138
05-07-2021,113876,713,107476,6400,0.63,94.38,1.0103092783505154
05-08-2021,114912,722,108448,6464,0.63,94.37,1.0090976149495943
05-09-2021,115981,732,109363,6618,0.63,94.29,1.0093027708159288
05-10-2021,117097,741,110312,6785,0.63,94.21,1.0096222657159362
05-11-2021,118168,755,111325,6843,0.64,94.21,1.0091462633543131
05-12-2021,119375,768,112461,6914,0.64,94.21,1.010214271207095
05-13-2021,120561,778,113493,7068,0.65,94.14,1.0099350785340313
05-14-2021,121838,785,114544,7294,0.64,94.01,1.0105921483730227
05-15-2021,123221,796,115505,7716,0.65,93.74,1.0113511383968876
05-16-2021,124454,804,116660,7794,0.65,93.74,1.0100064112448366
05-17-2021,125511,814,117749,7762,0.65,93.82,1.008493097851415
05-18-2021,126755,826,119161,7594,0.65,94.01,1.0099114818621475
05-19-2021,128094,834,120282,7812,0.65,93.9,1.0105636858506568
05-20-2021,129346,840,121594,7752,0.65,94.01,1.0097740721657533
05-21-2021,130543,849,122764,7779,0.65,94.04,1.00925424829527
05-22-2021,131832,863,124020,7812,0.65,94.07,1.009874141087611
05-23-2021,133053,877,125236,7817,0.66,94.12,1.009261787729838
05-24-2021,134208,890,126459,7749,0.66,94.23,1.0086807512795652
05-25-2021,135499,901,127614,7885,0.66,94.18,1.0096193967572722
05-26-2021,136628,912,128874,7754,0.67,94.32,1.0083321648130243
05-27-2021,137730,921,130198,7532,0.67,94.53,1.0080656966361214
05-28-2021,138899,933,131461,7438,0.67,94.65,1.0084876207071807
05-29-2021,140087,943,132910,7177,0.67,94.88,1.0085529773432493
05-30-2021,141166,950,134021,7145,0.67,94.94,1.0077023563928131
05-31-2021,142266,958,135216,7050,0.67,95.04,1.0077922445914738
06-01-2021,143323,965,136339,6984,0.67,95.13,1.0074297442818383
06-02-2021,144514,977,137614,6900,0.68,95.23,1.0083099014114971
06-03-2021,145567,985,138621,6946,0.68,95.23,1.007286491274202
06-04-2021,146696,992,139850,6846,0.68,95.33,1.007755878736252
06-05-2021,147831,1003,140809,7022,0.68,95.25,1.0077370889458472
06-06-2021,148918,1012,141949,6969,0.68,95.32,1.0073529909153018
06-07-2021,150103,1025,143105,6998,0.68,95.34,1.0079573993741522
06-08-2021,151259,1033,144136,7123,0.68,95.29,1.007701378386841
06-09-2021,152420,1045,145337,7083,0.69,95.35,1.0076755763293423
06-10-2021,153578,1057,146418,7160,0.69,95.34,1.0075974281590343
06-11-2021,154866,1065,147553,7313,0.69,95.28,1.008386617874956
06-12-2021,156238,1075,148732,7506,0.69,95.2,1.0088592718866634
06-13-2021,157708,1087,149759,7949,0.69,94.96,1.009408722589895
06-14-2021,159057,1098,150855,8202,0.69,94.84,1.0085537829406244
06-15-2021,160594,1106,152014,8580,0.69,94.66,1.0096632024997327
06-16-2021,161997,1118,153198,8799,0.69,94.57,1.0087363164252712
06-17-2021,163415,1123,154494,8921,0.69,94.54,1.008753248516948
06-18-2021,164896,1132,155960,8936,0.69,94.58,1.00906281553101
06-19-2021,166368,1148,157285,9083,0.69,94.54,1.0089268387347177
06-20-2021,167804,1159,158488,9316,0.69,94.45,1.008631467589921
06-21-2021,169365,1170,159775,9590,0.69,94.34,1.0093025196062073
06-22-2021,170854,1180,160956,9898,0.69,94.21,1.008791662976412
06-23-2021,172909,1193,162531,10378,0.69,94.0,1.0120278132206446
06-24-2021,174789,1209,164038,10751,0.69,93.85,1.0108727712264833
06-25-2021,177253,1219,165611,11642,0.69,93.43,1.014096996950609
06-26-2021,179656,1231,167269,12387,0.69,93.11,1.013556893254275
06-27-2021,182354,1241,168872,13482,0.68,92.61,1.0150175891704145
06-28-2021,184943,1253,170421,14522,0.68,92.15,1.0141976594974609
06-29-2021,188023,1270,172262,15761,0.68,91.62,1.0166537798132398
06-30-2021,190993,1284,174151,16842,0.67,91.18,1.0157959398584215
07-01-2021,193945,1302,176030,17915,0.67,90.76,1.0154560638348002
07-02-2021,197253,1322,178441,18812,0.67,90.46,1.0170563819639589
07-03-2021,200728,1337,180887,19841,0.67,90.12,1.0176169690701788
07-04-2021,204247,1351,183520,20727,0.66,89.85,1.0175311864812084
07-05-2021,207322,1372,186781,20541,0.66,90.09,1.015055300689851
07-06-2021,210913,1387,189163,21750,0.66,89.69,1.017320882491969
07-07-2021,214577,1405,192234,22343,0.65,89.59,1.0173720918103673
07-08-2021,218396,1431,195818,22578,0.66,89.66,1.0177978068478915
07-09-2021,224818,1451,198981,25837,0.65,88.51,1.0294053004633785
07-10-2021,231568,1490,201817,29751,0.64,87.15,1.0300242863115943
07-11-2021,238491,1537,204810,33681,0.64,85.88,1.02989618600152
07-12-2021,244914,1579,208361,36553,0.64,85.08,1.0269318339056819
07-13-2021,250527,1608,212023,38504,0.64,84.63,1.0229182488547
07-14-2021,256607,1659,215979,40628,0.65,84.17,1.0242688412825762
07-15-2021,263086,1726,219745,43341,0.66,83.53,1.0252487266520398
07-16-2021,269546,1791,224265,45281,0.66,83.2,1.0245547083463202
07-17-2021,275608,1843,230140,45468,0.67,83.5,1.022489667811802
07-18-2021,281887,1905,241314,40573,0.68,85.61,1.0227823575513046
07-19-2021,288392,1966,251795,36597,0.68,87.31,1.023076622902085
07-20-2021,294449,2019,256757,37692,0.69,87.2,1.0210026630419706
07-21-2021,300854,2072,261874,38980,0.69,87.04,1.0217524936406643
07-22-2021,308599,2137,270757,37842,0.69,87.74,1.025743383834019
07-23-2021,316383,2203,276689,39694,0.7,87.45,1.0252236721441093
07-24-2021,324115,2271,282267,41848,0.7,87.09,1.0244387340659897
07-25-2021,332968,2351,288414,44554,0.71,86.62,1.0273143791555466
07-26-2021,341152,2417,296341,44811,0.71,86.86,1.0245789385166142
07-27-2021,349055,2492,304153,44902,0.71,87.14,1.0231656270518714
07-28-2021,358378,2560,312169,46209,0.71,87.11,1.026709257853347
07-29-2021,366985,2628,320242,46743,0.72,87.26,1.0240165411939348
07-30-2021,375721,2693,329811,45910,0.72,87.78,1.023804787661621
07-31-2021,384596,2758,338968,45628,0.72,88.14,1.0236212508749845
08-01-2021,394343,2845,348487,45856,0.72,88.37,1.0253434773112564
08-02-2021,403622,2913,356698,46924,0.72,88.37,1.0235302769416472
08-03-2021,413251,2993,364236,49015,0.72,88.14,1.0238564795774263
08-04-2021,422614,3091,373354,49260,0.73,88.34,1.0226569324696129
08-05-2021,431013,3184,0,431013,0.74,0,1.0198739275083173
08-06-2021,439899,3259,0,439899,0.74,0,1.0206165475287288
08-07-2021,448792,3355,0,448792,0.75,0,1.0202160041282204
08-08-2021,458219,3438,0,458219,0.75,0,1.0210052763863884
08-09-2021,466169,3515,0,466169,0.75,0,1.0173497825275688
08-10-2021,475105,3608,0,475105,0.76,0,1.0191690138125873
08-11-2021,483710,3684,0,483710,0.76,0,1.0181117858157671
08-12-2021,491904,3757,0,491904,0.76,0,1.016939902007401
08-13-2021,500216,3842,0,500216,0.77,0,1.0168976060369503
08-14-2021,509032,3925,0,509032,0.77,0,1.0176243862651335
08-15-2021,517668,4023,0,517668,0.78,0,1.0169655345832875
08-16-2021,526837,4088,0,526837,0.78,0,1.0177121243731504
08-17-2021,536609,4156,0,536609,0.77,0,1.018548431488297
08-18-2021,545275,4240,0,545275,0.78,0,1.0161495614124996
08-19-2021,554247,4319,0,554247,0.78,0,1.0164540828022557
08-20-2021,564011,4397,0,564011,0.78,0,1.0176166943619
08-21-2021,573751,4481,0,573751,0.78,0,1.0172691667361098
08-22-2021,583299,4544,0,583299,0.78,0,1.0166413653309536
08-23-2021,592619,4618,0,592619,0.78,0,1.015978083281473
08-24-2021,602526,4710,0,602526,0.78,0,1.0167173175345374
08-25-2021,611163,4806,0,611163,0.79,0,1.0143346511187898
08-26-2021,619672,4902,0,619672,0.79,0,1.0139226360234503
08-27-2021,627311,4984,0,627311,0.79,0,1.0123274893814793
08-28-2021,634161,5067,0,634161,0.8,0,1.0109196235997775
08-29-2021,640438,5144,0,640438,0.8,0,1.0098981173550565
08-30-2021,646513,5219,0,646513,0.81,0,1.0094856957269869
08-31-2021,652855,5303,0,652855,0.81,0,1.0098095475264999
09-01-2021,659464,5377,0,659464,0.82,0,1.010123227975584
09-02-2021,665672,5464,0,665672,0.82,0,1.0094137056761248
09-03-2021,672599,5538,0,672599,0.82,0,1.0104060257904794
09-04-2021,680453,5617,0,680453,0.83,0,1.011677091402158
09-05-2021,689674,5703,0,689674,0.83,0,1.013551266582703
09-06-2021,696904,5788,0,696904,0.83,0,1.0104832138082631
09-07-2021,704675,5881,0,704675,0.83,0,1.011150746731257
09-08-2021,712992,5967,0,712992,0.84,0,1.0118026040373223
09-09-2021,720739,6056,0,720739,0.84,0,1.0108654795565728
09-10-2021,729133,6140,0,729133,0.84,0,1.011646379618697
09-11-2021,737168,6219,0,737168,0.84,0,1.01101993737768
09-12-2021,745202,6299,0,745202,0.85,0,1.0108984654786968
09-13-2021,753544,6373,0,753544,0.85,0,1.0111942802085878
09-14-2021,761060,6449,0,761060,0.85,0,1.0099742019046
09-15-2021,768497,6523,0,768497,0.85,0,1.0097718970908995
09-16-2021,776125,6601,0,776125,0.85,0,1.0099258682857577
09-17-2021,784416,6676,0,784416,0.85,0,1.0106825575777099
09-18-2021,792933,6733,0,792933,0.85,0,1.010857759148207
09-19-2021,801367,6796,0,801367,0.85,0,1.0106364598269968
09-20-2021,809911,6856,0,809911,0.85,0,1.0106617816805534
09-21-2021,818200,6919,0,818200,0.85,0,1.0102344578601847
09-22-2021,825351,6978,0,825351,0.85,0,1.0087399168907358
09-23-2021,832286,7048,0,832286,0.85,0,1.0084024857303135
09-24-2021,839981,7104,0,839981,0.85,0,1.009245619895084
09-25-2021,847494,7163,0,847494,0.85,0,1.0089442499294627
09-26-2021,854167,7227,0,854167,0.85,0,1.0078738020564157
09-27-2021,860799,7279,0,860799,0.85,0,1.0077642896529602
09-28-2021,866808,7330,0,866808,0.85,0,1.0069807237229598
09-29-2021,872425,7378,0,872425,0.85,0,1.0064800970918588
09-30-2021,877428,7436,0,877428,0.85,0,1.005734590365934
10-01-2021,882477,7486,0,882477,0.85,0,1.0057543183030402
10-02-2021,887350,7534,0,887350,0.85,0,1.0055219569461866
10-03-2021,891447,7580,0,891447,0.85,0,1.004617118386206
10-04-2021,895719,7618,0,895719,0.85,0,1.0047922086226102
10-05-2021,900512,7663,0,900512,0.85,0,1.0053510085194128
10-06-2021,904108,7703,0,904108,0.85,0,1.0039932838207597
10-07-2021,907941,7742,0,907941,0.85,0,1.0042395377543392
10-08-2021,911337,7777,0,911337,0.85,0,1.0037403311448652
10-09-2021,914779,7812,0,914779,0.85,0,1.0037768684910193
10-10-2021,918383,7851,0,918383,0.85,0,1.0039397493820912
10-11-2021,921328,7891,0,921328,0.86,0,1.0032067231209636
10-12-2021,923966,7928,0,923966,0.86,0,1.002863258253304
10-13-2021,926320,7956,0,926320,0.86,0,1.0025477127946267
10-14-2021,928684,7994,0,928684,0.86,0,1.0025520338543916
10-15-2021,930822,8018,0,930822,0.86,0,1.002302182443113
10-16-2021,932768,8037,0,932768,0.86,0,1.0020906252752944
10-17-2021,934965,8058,0,934965,0.86,0,1.0023553552437476
10-18-2021,936809,8079,0,936809,0.86,0,1.0019722663415207
10-19-2021,938577,8101,0,938577,0.86,0,1.0018872577014097
10-20-2021,940127,8114,0,940127,0.86,0,1.0016514361634687
10-21-2021,941562,8133,0,941562,0.86,0,1.0015263895197137
10-22-2021,943038,8153,0,943038,0.86,0,1.0015676078686269
10-23-2021,944431,8167,0,944431,0.86,0,1.0014771408999426
10-24-2021,945750,8167,0,945750,0.86,0,1.0013966081164214
10-25-2021,946960,8191,0,946960,0.86,0,1.001279407877346
10-26-2021,947935,8201,0,947935,0.87,0,1.001029610543212
10-27-2021,948847,8210,0,948847,0.87,0,1.00096209128263
10-28-2021,949747,8219,0,949747,0.87,0,1.0009485196243442
10-29-2021,950613,8223,0,950613,0.87,0,1.0009118217799056
10-30-2021,951325,8230,0,951325,0.87,0,1.0007489903883073
10-31-2021,952001,8236,0,952001,0.87,0,1.0007105878642946
11-01-2021,952634,8240,0,952634,0.86,0,1.000664915267946
11-02-2021,953183,8246,0,953183,0.87,0,1.0005762968779195
11-03-2021,953750,8250,0,953750,0.87,0,1.0005948490478744
11-04-2021,954342,8252,0,954342,0.86,0,1.0006207077326343
11-05-2021,954948,8257,0,954948,0.86,0,1.0006349924869702
11-06-2021,955498,8261,0,955498,0.86,0,1.0005759475908635
11-07-2021,955981,8262,0,955981,0.86,0,1.00050549556357
11-08-2021,956452,8265,0,956452,0.86,0,1.0004926876161764
11-09-2021,956919,8270,0,956919,0.86,0,1.0004882628715293
11-10-2021,957332,8274,0,957332,0.86,0,1.0004315934786538
11-11-2021,957735,8278,0,957735,0.86,0,1.000420961589083
11-12-2021,958097,8279,0,958097,0.86,0,1.0003779751183783
11-13-2021,958390,8279,0,958390,0.86,0,1.0003058145469612
11-14-2021,958738,8282,0,958738,0.86,0,1.0003631089639917
11-15-2021,959064,8283,0,959064,0.86,0,1.00034003033154
11-16-2021,959307,8284,0,959307,0.86,0,1.000253372037737
11-17-2021,959553,8286,0,959553,0.86,0,1.000256435114098
11-18-2021,959869,8289,0,959869,0.86,0,1.0003293200062946
11-19-2021,960185,8290,0,960185,0.86,0,1.0003292115903315
11-20-2021,960472,8293,0,960472,0.86,0,1.0002989007326712
11-21-2021,960802,8295,0,960802,0.86,0,1.0003435810726393
11-22-2021,961042,8295,0,961042,0.86,0,1.000249791320168
11-23-2021,961276,8298,0,961276,0.86,0,1.0002434857165452
11-24-2021,961458,8299,0,961458,0.86,0,1.0001893316799753
11-25-2021,961698,8299,0,961698,0.86,0,1.0002496208882758
11-26-2021,961884,8299,0,961884,0.86,0,1.0001934079097596
11-27-2021,962067,8300,0,962067,0.86,0,1.0001902516311738
11-28-2021,962220,8300,0,962220,0.86,0,1.00015903258297
11-29-2021,962350,8300,0,962350,0.86,0,1.000135104238116
11-30-2021,962486,8304,0,962486,0.86,0,1.0001413207253078
12-01-2021,962628,8305,0,962628,0.86,0,1.0001475346134905
12-02-2021,962778,8305,0,962778,0.86,0,1.0001558234333512
12-03-2021,962892,8306,0,962892,0.86,0,1.0001184073587057
12-04-2021,963002,8307,0,963002,0.86,0,1.0001142391877802
12-05-2021,963090,8309,0,963090,0.86,0,1.000091380910943
12-06-2021,963194,8310,0,963194,0.86,0,1.000107985754187
12-07-2021,963269,8311,0,963269,0.86,0,1.0000778659335503
12-08-2021,963347,8311,0,963347,0.86,0,1.0000809742657555
12-09-2021,963428,8311,0,963428,0.86,0,1.000084081852126
12-10-2021,963493,8311,0,963493,0.86,0,1.0000674674184267
12-11-2021,963566,8313,0,963566,0.86,0,1.000075765988959
12-12-2021,963628,8313,0,963628,0.86,0,1.000064344320991
12-13-2021,963693,8313,0,963693,0.86,0,1.0000674534156335
12-14-2021,963751,8313,0,963751,0.86,0,1.0000601851419488
12-15-2021,963813,8313,0,963813,0.86,0,1.0000643319695648
12-16-2021,963885,8313,0,963885,0.86,0,1.0000747032878785
12-17-2021,963958,8313,0,963958,0.86,0,1.000075735175877
12-18-2021,964035,8314,0,964035,0.86,0,1.0000798789988776
12-19-2021,964097,8314,0,964097,0.86,0,1.000064313017681
12-20-2021,964176,8315,0,964176,0.86,0,1.0000819419622715
12-21-2021,964237,8316,0,964237,0.86,0,1.0000632664575761
12-22-2021,964317,8317,0,964317,0.86,0,1.0000829671543408
12-23-2021,964406,8317,0,964406,0.86,0,1.0000922933018914
12-24-2021,964482,8317,0,964482,0.86,0,1.0000788049846228
12-25-2021,964607,8320,0,964607,0.86,0,1.0001296032481684
12-26-2021,964729,8320,0,964729,0.86,0,1.000126476378463
12-27-2021,964857,8321,0,964857,0.86,0,1.0001326797473695
12-28-2021,965002,8321,0,965002,0.86,0,1.000150281337027
12-29-2021,965243,8321,0,965243,0.86,0,1.0002497404150457
12-30-2021,965571,8322,0,965571,0.86,0,1.0003398108041188
12-31-2021,966004,8322,0,966004,0.86,0,1.0004484393172537
01-01-2022,966473,8323,0,966473,0.86,0,1.000485505236003
01-02-2022,966942,8324,0,966942,0.86,0,1.0004852696350546
01-03-2022,967498,8324,0,967498,0.86,0,1.0005750086354714
01-04-2022,968171,8324,0,968171,0.86,0,1.000695608673093
01-05-2022,969138,8324,0,969138,0.86,0,1.0009987905029174
01-06-2022,970567,8325,0,970567,0.86,0,1.0014745062106738
01-07-2022,972513,8325,0,972513,0.86,0,1.0020050135642362
01-08-2022,974687,8326,0,974687,0.85,0,1.0022354456958416
01-09-2022,977410,8328,0,977410,0.85,0,1.0027937173677293
01-10-2022,979929,8329,0,979929,0.85,0,1.0025772193859281
01-11-2022,982614,8330,0,982614,0.85,0,1.0027399944281679
01-12-2022,985402,8330,0,985402,0.85,0,1.0028373298161841
01-13-2022,988789,8331,0,988789,0.84,0,1.0034371758936962
01-14-2022,992125,8332,0,992125,0.84,0,1.0033738239401935
01-15-2022,995631,8335,0,995631,0.84,0,1.0035338289026081
01-16-2022,999193,8340,0,999193,0.83,0,1.0035776306683901
01-17-2022,1002499,8341,0,1002499,0.83,0,1.0033086700967682
01-18-2022,1005649,8345,0,1005649,0.83,0,1.003142147772716
01-19-2022,1008616,8348,0,1008616,0.83,0,1.0029503335656875
01-20-2022,1011811,8352,0,1011811,0.83,0,1.0031677070361764
01-21-2022,1015203,8353,0,1015203,0.82,0,1.0033524047475268
01-22-2022,1018604,8358,0,1018604,0.82,0,1.0033500689024757
01-23-2022,1022112,8363,0,1022112,0.82,0,1.003443929142238
01-24-2022,1025419,8367,0,1025419,0.82,0,1.0032354575623805
01-25-2022,1028183,8373,0,1028183,0.81,0,1.0026954835047917
01-26-2022,1031170,8376,0,1031170,0.81,0,1.0029051248659042
01-27-2022,1033984,8383,0,1033984,0.81,0,1.0027289389722354
01-28-2022,1036783,8388,0,1036783,0.81,0,1.0027070051374103
01-29-2022,1039842,8390,0,1039842,0.81,0,1.0029504727604523
01-30-2022,1042671,8397,0,1042671,0.81,0,1.0027206056304707
01-31-2022,1044790,8399,0,1044790,0.8,0,1.0020322805563788
02-01-2022,1046400,8407,0,1046400,0.8,0,1.0015409795269863
02-02-2022,1047860,8415,0,1047860,0.8,0,1.0013952599388378
02-03-2022,1049406,8420,0,1049406,0.8,0,1.0014753879335025
02-04-2022,1050840,8427,0,1050840,0.8,0,1.0013664873271164
02-05-2022,1052220,8431,0,1052220,0.8,0,1.0013132351261849
02-06-2022,1053560,8439,0,1053560,0.8,0,1.0012734979376936
02-07-2022,1054909,8443,0,1054909,0.8,0,1.00128042066897
02-08-2022,1055927,8447,0,1055927,0.8,0,1.0009650121479672
02-09-2022,1056846,8450,0,1056846,0.8,0,1.0008703253160494
02-10-2022,1057797,8454,0,1057797,0.8,0,1.0008998472814392
02-11-2022,1058946,8460,0,1058946,0.8,0,1.0010862197567207
02-12-2022,1059834,8467,0,1059834,0.8,0,1.0008385696721078
02-13-2022,1060732,8472,0,1060732,0.8,0,1.0008473025020899
02-14-2022,1061524,8476,0,1061524,0.8,0,1.0007466541972903
02-15-2022,1062154,8476,0,1062154,0.8,0,1.000593486346046
02-16-2022,1062748,8477,0,1062748,0.8,0,1.0005592409386963
02-17-2022,1063481,8482,0,1063481,0.8,0,1.0006897213638606
02-18-2022,1064128,8484,0,1064128,0.8,0,1.0006083794632907
02-19-2022,1064757,8486,0,1064757,0.8,0,1.0005910943044445
02-20-2022,1065385,8487,0,1065385,0.8,0,1.0005898059369416
02-21-2022,1065947,8491,0,1065947,0.8,0,1.0005275088348344
02-22-2022,1066414,8491,0,1066414,0.8,0,1.0004381080860494
02-23-2022,1066927,8494,0,1066927,0.8,0,1.000481051449062
02-24-2022,1067522,8494,0,1067522,0.8,0,1.0005576763921056
02-25-2022,1068148,8494,0,1068148,0.8,0,1.0005864047766697
02-26-2022,1068757,8494,0,1068757,0.79,0,1.000570145710145
02-27-2022,1069387,8494,0,1069387,0.79,0,1.0005894698233555
02-28-2022,1069862,8494,0,1069862,0.79,0,1.0004441797029513
03-01-2022,1070258,8495,0,1070258,0.79,0,1.0003701411957804
03-02-2022,1070730,8496,0,1070730,0.79,0,1.000441015157093
03-03-2022,1071326,8498,0,1071326,0.79,0,1.0005566295891588
03-04-2022,1071964,8498,0,1071964,0.79,0,1.0005955236781334
03-05-2022,1072474,8499,0,1072474,0.79,0,1.000475762245747
03-06-2022,1072956,8500,0,1072956,0.79,0,1.000449428144645
03-07-2022,1073504,8501,0,1073504,0.79,0,1.0005107385577787
03-08-2022,1073951,8501,0,1073951,0.79,0,1.0004163934181893
03-09-2022,1074469,8502,0,1074469,0.79,0,1.0004823311305637
03-10-2022,1075030,8502,0,1075030,0.79,0,1.0005221183673052
03-11-2022,1075616,8503,0,1075616,0.79,0,1.000545101066947
03-12-2022,1076229,8503,0,1076229,0.79,0,1.0005699059887543
03-13-2022,1076785,8503,0,1076785,0.79,0,1.0005166186750218
03-14-2022,1077405,8503,0,1077405,0.79,0,1.0005757881099755
03-15-2022,1077966,8503,0,1077966,0.79,0,1.0005206955601653
03-16-2022,1078525,8503,0,1078525,0.79,0,1.0005185692313117
03-17-2022,1079111,8503,0,1079111,0.79,0,1.0005433346468557
03-18-2022,1079853,8504,0,1079853,0.79,0,1.0006876030362029
03-19-2022,1080686,8506,0,1080686,0.79,0,1.0007714012925832
03-20-2022,1081472,8506,0,1081472,0.79,0,1.0007273157975582
03-21-2022,1082201,8507,0,1082201,0.79,0,1.0006740812522192
03-22-2022,1082880,8508,0,1082880,0.79,0,1.000627425034721
03-23-2022,1083691,8508,0,1083691,0.79,0,1.000748928782506
03-24-2022,1084568,8508,0,1084568,0.78,0,1.0008092712775136
03-25-2022,1085404,8508,0,1085404,0.78,0,1.0007708138171143
03-26-2022,1086361,8509,0,1086361,0.78,0,1.0008816993488139
03-27-2022,1087183,8509,0,1087183,0.78,0,1.0007566545558981
03-28-2022,1088017,8510,0,1088017,0.78,0,1.000767120162843
03-29-2022,1088638,8510,0,1088638,0.78,0,1.0005707631406495
03-30-2022,1089452,8510,0,1089452,0.78,0,1.0007477233019608
03-31-2022,1090285,8510,0,1090285,0.78,0,1.0007646045901977
04-01-2022,1091063,8510,0,1091063,0.78,0,1.0007135748909688
04-02-2022,1091852,8512,0,1091852,0.78,0,1.0007231479758731
04-03-2022,1092547,8514,0,1092547,0.78,0,1.0006365331565084
04-04-2022,1093166,8515,0,1093166,0.78,0,1.000566566015009
04-05-2022,1093676,8516,0,1093676,0.78,0,1.000466534817219
04-06-2022,1094352,8517,0,1094352,0.78,0,1.0006180989616669
04-07-2022,1095006,8517,0,1095006,0.78,0,1.0005976139304356
04-08-2022,1095625,8517,0,1095625,0.78,0,1.000565293706153
04-09-2022,1096234,8517,0,1096234,0.78,0,1.0005558471192242
04-10-2022,1096837,8518,0,1096837,0.78,0,1.000550065040858
04-11-2022,1097333,8519,0,1097333,0.78,0,1.0004522093984793
04-12-2022,1097675,8519,0,1097675,0.78,0,1.0003116647362287
04-13-2022,1098114,8519,0,1098114,0.78,0,1.0003999362288474
04-14-2022,1098563,8519,0,1098563,0.78,0,1.000408882866442
04-15-2022,1099042,8519,0,1099042,0.78,0,1.0004360241515506
04-16-2022,1099444,8520,0,1099444,0.77,0,1.000365773100573
04-17-2022,1099736,8520,0,1099736,0.77,0,1.000265588788515
04-18-2022,1100073,8521,0,1100073,0.77,0,1.000306437181287
04-19-2022,1100312,8522,0,1100312,0.77,0,1.0002172583092213
04-20-2022,1100609,8522,0,1100609,0.77,0,1.000269923439897
04-21-2022,1100938,8522,0,1100938,0.77,0,1.0002989254131123
04-22-2022,1101220,8523,0,1101220,0.77,0,1.0002561452143537
04-23-2022,1101486,8523,0,1101486,0.77,0,1.000241550280598
04-24-2022,1101731,8525,0,1101731,0.77,0,1.0002224267943487
04-25-2022,1101968,8525,0,1101968,0.77,0,1.0002151160310457
04-26-2022,1102164,8525,0,1102164,0.77,0,1.0001778636040248
04-27-2022,1102355,8525,0,1102355,0.77,0,1.000173295444235
04-28-2022,1102559,8525,0,1102559,0.77,0,1.0001850583523457
04-29-2022,1102750,8526,0,1102750,0.77,0,1.0001732333598474
04-30-2022,1102941,8526,0,1102941,0.77,0,1.0001732033552482
05-01-2022,1103131,8527,0,1103131,0.77,0,1.0001722666942294
05-02-2022,1103286,8527,0,1103286,0.77,0,1.0001405091507718
05-03-2022,1103395,8527,0,1103395,0.77,0,1.0000987957791543
05-04-2022,1103488,8527,0,1103488,0.77,0,1.0000842853194005
05-05-2022,1103606,8527,0,1103606,0.77,0,1.0001069336503885
05-06-2022,1103753,8527,0,1103753,0.77,0,1.0001331997107663
05-07-2022,1103876,8527,0,1103876,0.77,0,1.0001114379757066
05-08-2022,1103980,8527,0,1103980,0.77,0,1.0000942134804995
05-09-2022,1104057,8527,0,1104057,0.77,0,1.0000697476403557
05-10-2022,1104110,8528,0,1104110,0.77,0,1.0000480047678697
05-11-2022,1104206,8529,0,1104206,0.77,0,1.0000869478584562
05-12-2022,1104316,8529,0,1104316,0.77,0,1.0000996190928142
05-13-2022,1104393,8529,0,1104393,0.77,0,1.0000697264188874
05-14-2022,1104496,8529,0,1104496,0.77,0,1.0000932639015279
05-15-2022,1104589,8529,0,1104589,0.77,0,1.0000842013008648
05-16-2022,1104661,8529,0,1104661,0.77,0,1.0000651826154343
05-17-2022,1104707,8529,0,1104707,0.77,0,1.0000416417344327
05-18-2022,1104769,8529,0,1104769,0.77,0,1.0000561234788954
05-19-2022,1104830,8529,0,1104830,0.77,0,1.0000552151626267
05-20-2022,1104891,8529,0,1104891,0.77,0,1.0000552121140809
05-21-2022,1104935,8529,0,1104935,0.77,0,1.0000398229327598
05-22-2022,1105091,8529,0,1105091,0.77,0,1.000141184775575
05-23-2022,1105016,8529,0,1105016,0.77,0,1.0000678677140615
05-24-2022,1105047,8529,0,1105047,0.77,0,1.0000280538924324
05-25-2022,1105091,8529,0,1105091,0.77,0,1.000039817310938
05-26-2022,1105136,8529,0,1105136,0.77,0,1.000040720628437
05-27-2022,1105181,8529,0,1105181,0.77,0,1.0000407189703349
05-28-2022,1105227,8529,0,1105227,0.77,0,1.0000416221415316
05-29-2022,1105258,8529,0,1105258,0.77,0,1.0000280485366355
05-30-2022,1105290,8529,0,1105290,0.77,0,1.0000289525160642
05-31-2022,1105319,8529,0,1105319,0.77,0,1.0000262374580426
06-01-2022,1105360,8529,0,1105360,0.77,0,1.0000370933639973
06-02-2022,1105389,8529,0,1105389,0.77,0,1.0000262357964826
06-03-2022,1105419,8529,0,1105419,0.77,0,1.0000271397670866
06-04-2022,1105443,8529,0,1105443,0.77,0,1.0000217112244316
06-05-2022,1105461,8529,0,1105461,0.77,0,1.0000162830647985
06-06-2022,1105477,8529,0,1105477,0.77,0,1.0000144735997019
06-07-2022,1105490,8529,0,1105490,0.77,0,1.0000117596295537
06-08-2022,1105517,8529,0,1105517,0.77,0,1.0000244235587838
06-09-2022,1105546,8529,0,1105546,0.77,0,1.000026232070606
06-10-2022,1105577,8529,0,1105577,0.77,0,1.0000280404433646
06-11-2022,1105592,8529,0,1105592,0.77,0,1.000013567576026
06-12-2022,1105612,8529,0,1105612,0.77,0,1.0000180898559323
06-13-2022,1105631,8529,0,1105631,0.77,0,1.0000171850522606
06-14-2022,1105643,8529,0,1105643,0.77,0,1.0000108535306989
06-15-2022,1105664,8529,0,1105664,0.77,0,1.0000189934725765
06-16-2022,1105681,8529,0,1105681,0.77,0,1.0000153753762444
06-17-2022,1105707,8529,0,1105707,0.77,0,1.0000235149197645
06-18-2022,1105729,8529,0,1105729,0.77,0,1.0000198967719296
06-19-2022,1105753,8529,0,1105753,0.77,0,1.0000217051375155
06-20-2022,1105778,8529,0,1105778,0.77,0,1.0000226090275133
06-21-2022,1105795,8529,0,1105795,0.77,0,1.0000153737911226
06-22-2022,1105817,8529,0,1105817,0.77,0,1.0000198951885295
06-23-2022,1105846,8529,0,1105846,0.77,0,1.0000262249540386
06-24-2022,1105875,8529,0,1105875,0.77,0,1.0000262242663083
06-25-2022,1105896,8529,0,1105896,0.77,0,1.000018989487962
06-26-2022,1105924,8529,0,1105924,0.77,0,1.000025318836491
06-27-2022,1105950,8529,0,1105950,0.77,0,1.0000235097529306
06-28-2022,1105978,8529,0,1105978,0.77,0,1.0000253176002531
06-29-2022,1105989,8529,0,1105989,0.77,0,1.0000099459482918
06-30-2022,1106023,8529,0,1106023,0.77,0,1.0000307417162377
07-01-2022,1106045,8529,0,1106045,0.77,0,1.000019891087256
07-02-2022,1106087,8529,0,1106087,0.77,0,1.0000379731385252
07-03-2022,1106124,8529,0,1106124,0.77,0,1.0000334512565467
07-04-2022,1106167,8529,0,1106167,0.77,0,1.000038874484235
07-05-2022,1106203,8529,0,1106203,0.77,0,1.0000325448146619
07-06-2022,1106240,8529,0,1106240,0.77,0,1.0000334477487405
07-07-2022,1106283,8529,0,1106283,0.77,0,1.000038870407868
07-08-2022,1106327,8529,0,1106327,0.77,0,1.0000397728248558
07-09-2022,1106365,8529,0,1106365,0.77,0,1.0000343478917173
07-10-2022,1106422,8529,0,1106422,0.77,0,1.0000515200679703
07-11-2022,1106459,8529,0,1106459,0.77,0,1.0000334411282494
07-12-2022,1106490,8529,0,1106490,0.77,0,1.000028017305657
07-13-2022,1106553,8529,0,1106553,0.77,0,1.0000569368001517
07-14-2022,1106602,8529,0,1106602,0.77,0,1.00004428165664
07-15-2022,1106666,8529,0,1106666,0.77,0,1.000057834704799
07-16-2022,1106730,8529,0,1106730,0.77,0,1.0000578313601394
07-17-2022,1106798,8529,0,1106798,0.77,0,1.0000614422668581
07-18-2022,1106879,8529,0,1106879,0.77,0,1.000073184085985
07-19-2022,1106930,8529,0,1106930,0.77,0,1.0000460754969605
07-20-2022,1107005,8529,0,1107005,0.77,0,1.0000677549619217
07-21-2022,1107100,8529,0,1107100,0.77,0,1.0000858171372307
07-22-2022,1107197,8529,0,1107197,0.77,0,1.0000876162948242
07-23-2022,1107311,8529,0,1107311,0.77,0,1.000102962706727
07-24-2022,1107407,8529,0,1107407,0.77,0,1.0000866965107365
07-25-2022,1107510,8529,0,1107510,0.77,0,1.0000930100676626
07-26-2022,1107610,8529,0,1107610,0.77,0,1.0000902926384412
07-27-2022,1107708,8529,0,1107708,0.77,0,1.0000884787966884
07-28-2022,1107800,8529,0,1107800,0.77,0,1.0000830543789518
07-29-2022,1107888,8529,0,1107888,0.77,0,1.0000794367214298
07-30-2022,1107985,8529,0,1107985,0.77,0,1.0000875539765752
07-31-2022,1108094,8529,0,1108094,0.77,0,1.0000983767830791
08-01-2022,1108201,8529,0,1108201,0.77,0,1.0000965622050115
08-02-2022,1108261,8529,0,1108261,0.77,0,1.0000541418027957
08-03-2022,1108361,8529,0,1108361,0.77,0,1.0000902314526994
08-04-2022,1108492,8529,0,1108492,0.77,0,1.0001181925383518
08-05-2022,1108621,8529,0,1108621,0.77,0,1.0001163743175414
08-06-2022,1108706,8529,0,1108706,0.77,0,1.0000766718292364
08-07-2022,1108827,8529,0,1108827,0.77,0,1.000109136236297
08-08-2022,1108895,8529,0,1108895,0.77,0,1.000061326067998
08-09-2022,1108982,8529,0,1108982,0.77,0,1.0000784564814522
08-10-2022,1109077,8529,0,1109077,0.77,0,1.0000856641496436
08-11-2022,1109193,8529,0,1109193,0.77,0,1.0001045914756144
08-12-2022,1109259,8529,0,1109259,0.77,0,1.0000595027195447
08-13-2022,1109360,8529,0,1109360,0.77,0,1.0000910517742023
08-14-2022,1109433,8529,0,1109433,0.77,0,1.0000658037066417
08-15-2022,1109520,8529,0,1109520,0.77,0,1.0000784184353628
08-16-2022,1109577,8529,0,1109577,0.77,0,1.0000513735669478
08-17-2022,1109649,8529,0,1109649,0.77,0,1.000064889593061
08-18-2022,1109752,8529,0,1109752,0.77,0,1.00009282214466
08-19-2022,1109837,8529,0,1109837,0.77,0,1.000076593689401
08-20-2022,1109911,8529,0,1109911,0.77,0,1.0000666764578943
08-21-2022,1109992,8530,0,1109992,0.77,0,1.0000729788244282
08-22-2022,1110054,8530,0,1110054,0.77,0,1.0000558562584234
08-23-2022,1110102,8530,0,1110102,0.77,0,1.0000432411396203
08-24-2022,1110159,8530,0,1110159,0.77,0,1.000051346633012
08-25-2022,1110218,8530,0,1110218,0.77,0,1.0000531455404136
08-26-2022,1110277,8530,0,1110277,0.77,0,1.0000531427161152
08-27-2022,1110337,8530,0,1110337,0.77,0,1.0000540405682545
08-28-2022,1110407,8530,0,1110407,0.77,0,1.000063043922701
08-29-2022,1110464,8530,0,1110464,0.77,0,1.0000513325294238
08-30-2022,1110497,8530,0,1110497,0.77,0,1.0000297173073598
08-31-2022,1110539,8530,0,1110539,0.77,0,1.0000378209036134
09-01-2022,1110586,8530,0,1110586,0.77,0,1.0000423217914904
09-02-2022,1110631,8530,0,1110631,0.77,0,1.00004051914935
09-03-2022,1110668,8530,0,1110668,0.77,0,1.00003331439515
09-04-2022,1110713,8530,0,1110713,0.77,0,1.0000405161578438
09-05-2022,1110742,8530,0,1110742,0.77,0,1.0000261093549818
09-06-2022,1110759,8530,0,1110759,0.77,0,1.000015305084349
09-07-2022,1110790,8530,0,1110790,0.77,0,1.0000279088443127
09-08-2022,1110808,8530,0,1110808,0.77,0,1.0000162046831533
09-09-2022,1110840,8530,0,1110840,0.77,0,1.0000288078587838
09-10-2022,1110858,8530,0,1110858,0.77,0,1.0000162039537648
09-11-2022,1110894,8530,0,1110894,0.77,0,1.0000324073824016
09-12-2022,1110918,8530,0,1110918,0.77,0,1.000021604221465
09-13-2022,1110927,8530,0,1110927,0.77,0,1.0000081014080247
09-14-2022,1110948,8530,0,1110948,0.77,0,1.000018903132249
09-15-2022,1110971,8530,0,1110971,0.77,0,1.000020703039206
09-16-2022,1110990,8530,0,1110990,0.77,0,1.000017102156582
09-17-2022,1111011,8530,0,1111011,0.77,0,1.0000189020603245
09-18-2022,1111031,8530,0,1111031,0.77,0,1.0000180016219462
09-19-2022,1111045,8530,0,1111045,0.77,0,1.0000126009085255
09-20-2022,1111067,8530,0,1111067,0.77,0,1.00001980117817
09-21-2022,1111080,8530,0,1111080,0.77,0,1.0000117004645084
09-22-2022,1111096,8530,0,1111096,0.77,0,1.0000144004032112
09-23-2022,1111109,8530,0,1111109,0.77,0,1.0000117001591222
09-24-2022,1111128,8530,0,1111128,0.77,0,1.00001710003249
09-25-2022,1111146,8530,0,1111146,0.77,0,1.0000161997537638
09-26-2022,1111161,8530,0,1111161,0.77,0,1.0000134995761134
09-27-2022,1111164,8530,0,1111164,0.77,0,1.0000026998787754
09-28-2022,1111170,8530,0,1111170,0.77,0,1.0000053997429723
09-29-2022,1111179,8530,0,1111179,0.77,0,1.0000080995707228
09-30-2022,1111186,8530,0,1111186,0.77,0,1.0000062996150936
10-01-2022,1111194,8530,0,1111194,0.77,0,1.0000071995147528
10-02-2022,1111200,8530,0,1111200,0.77,0,1.00000539959719
10-03-2022,1111206,8530,0,1111206,0.77,0,1.0000053995680345
10-04-2022,1111207,8530,0,1111207,0.77,0,1.0000008999231467
10-05-2022,1111218,8530,0,1111218,0.77,0,1.0000098991457038
10-06-2022,1111224,8530,0,1111224,0.77,0,1.00000539948057
10-07-2022,1111229,8530,0,1111229,0.77,0,1.0000044995428465
10-08-2022,1111233,8530,0,1111233,0.77,0,1.0000035996180805
10-09-2022,1111237,8530,0,1111237,0.77,0,1.0000035996051233
10-10-2022,1111238,8530,0,1111238,0.77,0,1.0000008998980416
10-11-2022,1111238,8530,0,1111238,0.77,0,1.0
10-12-2022,1111242,8530,0,1111242,0.77,0,1.000003599588927
10-13-2022,1111242,8530,0,1111242,0.77,0,1.0
10-14-2022,1111248,8530,0,1111248,0.77,0,1.0000053993639548
10-15-2022,1111251,8530,0,1111251,0.77,0,1.000002699667401
10-16-2022,1111258,8530,0,1111258,0.77,0,1.0000062992069298
10-17-2022,1111260,8530,0,1111260,0.77,0,1.0000017997620714
10-18-2022,1111260,8530,0,1111260,0.77,0,1.0
10-19-2022,1111263,8530,0,1111263,0.77,0,1.0000026996382485
10-20-2022,1111265,8530,0,1111265,0.77,0,1.0000017997539736
10-21-2022,1111266,8530,0,1111266,0.77,0,1.0000008998753673
10-22-2022,1111267,8530,0,1111267,0.77,0,1.0000008998745575
10-23-2022,1111267,8530,0,1111267,0.77,0,1.0
10-24-2022,1111273,8530,0,1111273,0.77,0,1.0000053992424862
10-25-2022,1111274,8530,0,1111274,0.77,0,1.0000008998688892
10-26-2022,1111277,8530,0,1111277,0.77,0,1.000002699604238
10-27-2022,1111278,8530,0,1111278,0.77,0,1.00000089986565
10-28-2022,1111279,8530,0,1111279,0.77,0,1.0000008998648402
10-29-2022,1111281,8530,0,1111281,0.77,0,1.000001799728061
10-30-2022,1111284,8530,0,1111284,0.77,0,1.000002699587233
10-31-2022,1111285,8530,0,1111285,0.77,0,1.0000008998599819
11-01-2022,1111286,8530,0,1111286,0.77,0,1.000000899859172
11-02-2022,1111287,8530,0,1111287,0.77,0,1.0000008998583623
11-03-2022,1111290,8530,0,1111290,0.77,0,1.0000026995726576
11-04-2022,1111291,8530,0,1111291,0.77,0,1.0000008998551233
11-05-2022,1111292,8530,0,1111292,0.77,0,1.0000008998543135
11-06-2022,1111296,8530,0,1111296,0.77,0,1.0000035994140153
11-07-2022,1111298,8530,0,1111298,0.77,0,1.00000179970053
11-08-2022,1111300,8530,0,1111300,0.77,0,1.000001799697291
11-09-2022,1111303,8530,0,1111303,0.77,0,1.000002699541078
11-10-2022,1111311,8530,0,1111311,0.77,0,1.0000071987567747
11-11-2022,1111311,8530,0,1111311,0.77,0,1.0
11-12-2022,1111317,8530,0,1111317,0.77,0,1.0000053990287148
11-13-2022,1111321,8530,0,1111321,0.77,0,1.0000035993330436
11-14-2022,1111328,8530,0,1111328,0.77,0,1.0000062988101548
11-15-2022,1111330,8530,0,1111330,0.77,0,1.0000017996487085
11-16-2022,1111332,8530,0,1111332,0.77,0,1.0000017996454698
11-17-2022,1111333,8530,0,1111333,0.77,0,1.0000008998211156
11-18-2022,1111335,8530,0,1111335,0.77,0,1.0000017996406119
11-19-2022,1111337,8530,0,1111337,0.77,0,1.0000017996373731
11-20-2022,1111338,8530,0,1111338,0.77,0,1.000000899817067
11-21-2022,1111345,8530,0,1111345,0.77,0,1.0000062987138025
11-22-2022,1111345,8530,0,1111345,0.77,0,1.0
11-23-2022,1111354,8530,0,1111354,0.77,0,1.0000080982953088
11-24-2022,1111360,8530,0,1111360,0.77,0,1.000005398819818
11-25-2022,1111363,8530,0,1111363,0.77,0,1.0000026993953355
11-26-2022,1111368,8530,0,1111368,0.77,0,1.0000044989800811
11-27-2022,1111375,8530,0,1111375,0.77,0,1.0000062985437768
11-28-2022,1111379,8530,0,1111379,0.77,0,1.000003599145203
11-29-2022,1111384,8530,0,1111384,0.77,0,1.0000044989153116
11-30-2022,1111392,8530,0,1111392,0.77,0,1.0000071982321141
12-01-2022,1111398,8530,0,1111398,0.77,0,1.000005398635225
12-02-2022,1111412,8530,0,1111412,0.77,0,1.0000125967475197
12-03-2022,1111421,8530,0,1111421,0.77,0,1.0000080978071137
12-04-2022,1111434,8530,0,1111434,0.77,0,1.00001169673778
12-05-2022,1111447,8530,0,1111447,0.77,0,1.0000116966009678
12-06-2022,1111452,8530,0,1111452,0.77,0,1.0000044986400611
12-07-2022,1111466,8530,0,1111466,0.77,0,1.0000125961355055
12-08-2022,1111484,8530,0,1111484,0.77,0,1.000016194827372
12-09-2022,1111518,8530,0,1111518,0.77,0,1.0000305897340853
12-10-2022,1111530,8530,0,1111530,0.77,0,1.0000107960464877
12-11-2022,1111549,8530,0,1111549,0.77,0,1.0000170935557295
12-12-2022,1111564,8530,0,1111564,0.77,0,1.0000134946817458
12-13-2022,1111569,8530,0,1111569,0.77,0,1.0000044981665472
12-14-2022,1111582,8530,0,1111582,0.77,0,1.000011695180416
12-15-2022,1111594,8530,0,1111594,0.77,0,1.000010795424899
12-16-2022,1111625,8530,0,1111625,0.77,0,1.0000278878799274
12-17-2022,1111647,8530,0,1111647,0.77,0,1.0000197908467334
12-18-2022,1111670,8530,0,1111670,0.77,0,1.0000206900212028
12-19-2022,1111697,8530,0,1111697,0.77,0,1.000024287783245
12-20-2022,1111713,8530,0,1111713,0.77,0,1.0000143924108817
12-21-2022,1111732,8530,0,1111732,0.77,0,1.000017090741945
12-22-2022,1111757,8530,0,1111757,0.77,0,1.0000224874340218
12-23-2022,1111789,8530,0,1111789,0.77,0,1.0000287832682861
12-24-2022,1111827,8530,0,1111827,0.77,0,1.0000341791473022
12-25-2022,1111856,8530,0,1111856,0.77,0,1.0000260831945977
12-26-2022,1111887,8530,0,1111887,0.77,0,1.000027881308371
12-27-2022,1111898,8530,0,1111898,0.77,0,1.0000098930916541
12-28-2022,1111918,8530,0,1111918,0.77,0,1.0000179872614214
12-29-2022,1111942,8530,0,1111942,0.77,0,1.000021584325463
12-30-2022,1111972,8530,0,1111972,0.77,0,1.0000269798244872
12-31-2022,1111993,8530,0,1111993,0.77,0,1.000018885367617
01-01-2023,1112018,8530,0,1112018,0.77,0,1.000022482155913
01-02-2023,1112038,8530,0,1112038,0.77,0,1.0000179853203814
01-03-2023,1112048,8530,0,1112048,0.77,0,1.0000089924984579
01-04-2023,1112067,8530,0,1112067,0.77,0,1.0000170855934276
01-05-2023,1112088,8530,0,1112088,0.77,0,1.0000188837543063
01-06-2023,1112106,8530,0,1112106,0.77,0,1.0000161857694714
01-07-2023,1112134,8530,0,1112134,0.77,0,1.0000251774561058
01-08-2023,1112153,8530,0,1112153,0.77,0,1.000017084272219
01-09-2023,1112177,8530,0,1112177,0.77,0,1.0000215797646548
01-10-2023,1112197,8530,0,1112197,0.77,0,1.0000179827491487
01-11-2023,1112213,8530,0,1112213,0.77,0,1.0000143859406203
01-12-2023,1112230,8530,0,1112230,0.77,0,1.000015284842022
01-13-2023,1112252,8530,0,1112252,0.77,0,1.0000197800814579
01-14-2023,1112263,8530,0,1112263,0.77,0,1.000009889845107
01-15-2023,1112280,8530,0,1112280,0.77,0,1.0000152841549166
01-16-2023,1112291,8530,0,1112291,0.77,0,1.000009889596145
01-17-2023,1112297,8530,0,1112297,0.77,0,1.0000053942718228
01-18-2023,1112303,8530,0,1112303,0.77,0,1.0000053942427247
01-19-2023,1112311,8530,0,1112311,0.77,0,1.0000071922848361
01-20-2023,1112329,8530,0,1112329,0.77,0,1.0000161825244918
01-21-2023,1112341,8530,0,1112341,0.77,0,1.0000107881750813
01-22-2023,1112350,8530,0,1112350,0.77,0,1.0000080910440234
01-23-2023,1112362,8530,0,1112362,0.77,0,1.000010787971412
01-24-2023,1112369,8530,0,1112369,0.77,0,1.0000062929154359
01-25-2023,1112381,8530,0,1112381,0.77,0,1.0000107877871462
01-26-2023,1112394,8530,0,1112394,0.77,0,1.0000116866433353
01-27-2023,1112405,8530,0,1112405,0.77,0,1.0000098885826425
01-28-2023,1112414,8530,0,1112414,0.77,0,1.0000080905785214
01-29-2023,1112422,8530,0,1112422,0.77,0,1.0000071915671684
01-30-2023,1112429,8530,0,1112429,0.77,0,1.000006292576019
01-31-2023,1112438,8530,0,1112438,0.77,0,1.0000080904039719
02-01-2023,1112443,8530,0,1112443,0.77,0,1.00000449463251
02-02-2023,1112457,8530,0,1112457,0.77,0,1.000012584914463
02-03-2023,1112470,8530,0,1112470,0.77,0,1.000011685844936
02-04-2023,1112473,8530,0,1112473,0.77,0,1.0000026967019335
02-05-2023,1112484,8530,0,1112484,0.77,0,1.0000098878804249
02-06-2023,1112489,8530,0,1112489,0.77,0,1.0000044944466617
02-07-2023,1112494,8530,0,1112494,0.77,0,1.0000044944264617
02-08-2023,1112501,8530,0,1112501,0.77,0,1.0000062921687667
02-09-2023,1112502,8530,0,1112502,0.77,0,1.0000008988755966
02-10-2023,1112502,8530,0,1112502,0.77,0,1.0
02-11-2023,1112507,8530,0,1112507,0.77,0,1.0000044943739428
02-12-2023,1112516,8530,0,1112516,0.77,0,1.000008089836738
02-13-2023,1112523,8530,0,1112523,0.77,0,1.000006292044339
02-14-2023,1112525,8530,0,1112525,0.77,0,1.0000017977156428
02-15-2023,1112532,8530,0,1112532,0.77,0,1.0000062919934383
02-16-2023,1112535,8530,0,1112535,0.77,0,1.0000026965516498
02-17-2023,1112541,8530,0,1112541,0.77,0,1.0000053930887567
02-18-2023,1112543,8530,0,1112543,0.77,0,1.0000017976865572
02-19-2023,1112548,8530,0,1112548,0.77,0,1.0000044942083137
02-20-2023,1112553,8530,0,1112553,0.77,0,1.0000044941881159
02-21-2023,1112553,8530,0,1112553,0.77,0,1.0
02-22-2023,1112561,8530,0,1112561,0.77,0,1.0000071906686692
02-23-2023,1112567,8530,0,1112567,0.77,0,1.0000053929627228
02-24-2023,1112572,8530,0,1112572,0.77,0,1.000004494111366
02-25-2023,1112578,8530,0,1112578,0.77,0,1.0000053929094028
02-26-2023,1112583,8530,0,1112583,0.77,0,1.0000044940669328
02-27-2023,1112593,8530,0,1112593,0.77,0,1.0000089880934726
02-28-2023,1112598,8530,0,1112598,0.77,0,1.0000044940063437
03-01-2023,1112603,8530,0,1112603,0.77,0,1.0000044939861477
03-02-2023,1112609,8530,0,1112609,0.77,0,1.0000053927591424
03-03-2023,1112613,8530,0,1112613,0.77,0,1.0000035951533737
03-04-2023,1112622,8530,0,1112622,0.77,0,1.0000080890660095
03-05-2023,1112625,8530,0,1112625,0.77,0,1.0000026963335256
03-06-2023,1112631,8530,0,1112631,0.77,0,1.000005392652511
03-07-2023,1112631,8530,0,1112631,0.77,0,1.0
03-08-2023,1112637,8530,0,1112637,0.77,0,1.0000053926234305
03-09-2023,1112643,8530,0,1112643,0.77,0,1.0000053925943502
