date,total_confirmed,total_deaths,total_recovered,total_infected,mortality_rate,recovery_rate,daily_growth_rate
02-26-2020,1,0,0,1,0,0,1
02-27-2020,1,0,0,1,0,0,1.0
02-28-2020,3,0,0,3,0,0,3.0
02-29-2020,3,0,0,3,0,0,1.0
03-01-2020,3,0,0,3,0,0,1.0
03-02-2020,3,0,0,3,0,0,1.0
03-03-2020,3,0,0,3,0,0,1.0
03-04-2020,4,0,1,3,0,25.0,1.3333333333333333
03-05-2020,6,0,1,5,0,16.67,1.5
03-06-2020,9,0,1,8,0,11.11,1.5
03-07-2020,9,0,3,6,0,33.33,1.0
03-08-2020,15,0,3,12,0,20.0,1.6666666666666665
03-09-2020,15,0,3,12,0,20.0,1.0
03-10-2020,25,0,3,22,0,12.0,1.6666666666666665
03-11-2020,45,0,6,39,0,13.33,1.8
03-12-2020,49,0,6,43,0,12.24,1.0888888888888888
03-13-2020,89,0,7,82,0,7.87,1.816326530612245
03-14-2020,123,0,9,114,0,7.32,1.3820224719101124
03-15-2020,131,0,9,122,0,6.87,1.065040650406504
03-16-2020,158,0,9,149,0,5.7,1.2061068702290076
03-17-2020,184,0,16,168,0,8.7,1.1645569620253164
03-18-2020,260,0,19,241,0,7.31,1.4130434782608696
03-19-2020,277,0,25,252,0,9.03,1.0653846153846154
03-20-2020,308,0,25,283,0,8.12,1.111913357400722
03-21-2020,367,0,52,315,0,14.17,1.1915584415584415
03-22-2020,433,3,64,369,0.69,14.78,1.1798365122615804
03-23-2020,576,7,73,503,1.22,12.67,1.3302540415704387
03-24-2020,794,11,79,715,1.39,9.95,1.3784722222222223
03-25-2020,906,17,86,820,1.88,9.49,1.141057934508816
03-26-2020,1029,23,94,935,2.24,9.14,1.1357615894039734
03-27-2020,1292,26,115,1177,2.01,8.9,1.2555879494655005
03-28-2020,1452,37,139,1313,2.55,9.57,1.1238390092879258
03-29-2020,1815,43,206,1609,2.37,11.35,1.25
03-30-2020,2109,65,209,1900,3.08,9.91,1.1619834710743802
03-31-2020,2245,82,220,2025,3.65,9.8,1.0644855381697487
04-01-2020,2460,92,252,2208,3.74,10.24,1.0957683741648108
04-02-2020,2738,115,267,2471,4.2,9.75,1.1130081300813008
04-03-2020,3183,133,283,2900,4.18,8.89,1.162527392257122
04-04-2020,3613,146,329,3284,4.04,9.11,1.1350926798617655
04-05-2020,3864,151,374,3490,3.91,9.68,1.06947135344589
04-06-2020,4057,176,406,3651,4.34,10.01,1.0499482401656315
04-07-2020,4417,197,460,3957,4.46,10.41,1.0887355188562977
04-08-2020,4761,220,528,4233,4.62,11.09,1.077880914647951
04-09-2020,5202,248,647,4555,4.77,12.44,1.0926275992438563
04-10-2020,5467,270,729,4738,4.94,13.33,1.0509419454056133
04-11-2020,5990,291,758,5232,4.86,12.65,1.0956648984817998
04-12-2020,6300,316,852,5448,5.02,13.52,1.0517529215358932
04-13-2020,6633,331,914,5719,4.99,13.78,1.052857142857143
04-14-2020,6879,351,1051,5828,5.1,15.28,1.0370872908186342
04-15-2020,7216,372,1217,5999,5.16,16.87,1.0489896787323738
04-16-2020,7707,392,1357,6350,5.09,17.61,1.0680432372505544
04-17-2020,8067,411,1508,6559,5.09,18.69,1.0467107824056052
04-18-2020,8418,421,1730,6688,5.0,20.55,1.0435105987355895
04-19-2020,8746,451,1892,6854,5.16,21.63,1.0389641244951295
04-20-2020,8936,478,2017,6919,5.35,22.57,1.021724216784816
04-21-2020,9242,498,2153,7089,5.39,23.3,1.034243509400179
04-22-2020,9710,524,2406,7304,5.4,24.78,1.0506383899588834
04-23-2020,10096,545,2478,7618,5.4,24.54,1.0397528321318228
04-24-2020,10417,567,2817,7600,5.44,27.04,1.0317947702060222
04-25-2020,10635,601,2890,7745,5.65,27.17,1.0209273303254296
04-26-2020,11036,619,3054,7982,5.61,27.67,1.0377056887635168
04-27-2020,11339,641,3141,8198,5.65,27.7,1.0274555998550199
04-28-2020,11616,663,3404,8212,5.71,29.3,1.0244289619895934
04-29-2020,11978,693,3569,8409,5.79,29.8,1.03116391184573
04-30-2020,12240,717,4017,8223,5.86,32.82,1.0218734346301552
05-01-2020,12567,744,4328,8239,5.92,34.44,1.0267156862745097
05-02-2020,12732,771,4547,8185,6.06,35.71,1.0131296252088804
05-03-2020,13163,790,4869,8294,6.0,36.99,1.033851712221175
05-04-2020,13512,818,5269,8243,6.05,38.99,1.0265137126794803
05-05-2020,13837,841,5454,8383,6.08,39.42,1.024052693901717
05-06-2020,14107,864,5788,8319,6.12,41.03,1.019512900195129
05-07-2020,14499,888,6144,8355,6.12,42.38,1.0277876231658043
05-08-2020,14811,923,6423,8388,6.23,43.37,1.0215187254293399
05-09-2020,15131,939,6912,8219,6.21,45.68,1.0216055634325838
05-10-2020,15362,961,7051,8311,6.26,45.9,1.0152666710726324
05-11-2020,15588,982,7245,8343,6.3,46.48,1.0147116260903528
05-12-2020,15778,1002,7685,8093,6.35,48.71,1.0121888632281242
05-13-2020,16002,1036,7961,8041,6.47,49.75,1.0141969831410824
05-14-2020,16247,1053,9053,7194,6.48,55.72,1.015310586176728
05-15-2020,16437,1070,9370,7067,6.51,57.01,1.01169446667077
05-16-2020,16704,1094,9574,7130,6.55,57.32,1.0162438401168097
05-17-2020,16871,1107,9890,6981,6.56,58.62,1.0099976053639848
05-18-2020,17036,1120,9930,7106,6.57,58.29,1.009780096022761
05-19-2020,17191,1137,10166,7025,6.61,59.14,1.0090983799013853
05-20-2020,17387,1147,10356,7031,6.6,59.56,1.011401314641382
05-21-2020,17585,1156,10581,7004,6.57,60.17,1.011387818485075
05-22-2020,17712,1166,10777,6935,6.58,60.85,1.007222064259312
05-23-2020,17857,1176,11187,6670,6.59,62.65,1.0081865401987353
05-24-2020,18070,1185,11399,6671,6.56,63.08,1.0119280954247634
05-25-2020,18283,1205,11630,6653,6.59,63.61,1.011787493082457
05-26-2020,18429,1216,11874,6555,6.6,64.43,1.0079855603566155
05-27-2020,18594,1227,12162,6432,6.6,65.41,1.0089532801562755
05-28-2020,18791,1235,12629,6162,6.57,67.21,1.010594815531892
05-29-2020,18982,1248,12829,6153,6.57,67.59,1.010164440423607
05-30-2020,19133,1259,13046,6087,6.58,68.19,1.0079549046465073
05-31-2020,19257,1266,13256,6001,6.57,68.84,1.0064809491454556
06-01-2020,19398,1276,13426,5972,6.58,69.21,1.0073220127745754
06-02-2020,19517,1288,13526,5991,6.6,69.3,1.006134653057016
06-03-2020,19669,1296,13800,5869,6.59,70.16,1.007788082184762
06-04-2020,19907,1305,13919,5988,6.56,69.92,1.0121002592912705
06-05-2020,20103,1316,14145,5958,6.55,70.36,1.0098457828904406
06-06-2020,20290,1322,14419,5871,6.52,71.06,1.0093020942147939
06-07-2020,20479,1333,14638,5841,6.51,71.48,1.0093149334647609
06-08-2020,20604,1339,14826,5778,6.5,71.96,1.0061038136627765
06-09-2020,20749,1354,14910,5839,6.53,71.86,1.0070374684527277
06-10-2020,20945,1360,15103,5842,6.49,72.11,1.0094462383729337
06-11-2020,21182,1369,15283,5899,6.46,72.15,1.0113153497254714
06-12-2020,21404,1380,15445,5959,6.45,72.16,1.0104805967330752
06-13-2020,21679,1394,15635,6044,6.43,72.12,1.0128480657820969
06-14-2020,21999,1410,15719,6280,6.41,71.45,1.0147608284514968
06-15-2020,22165,1427,15817,6348,6.44,71.36,1.0075457975362516
06-16-2020,22415,1437,16071,6344,6.41,71.7,1.011279043537108
06-17-2020,22760,1451,16117,6643,6.38,70.81,1.0153914789203657
06-18-2020,23080,1473,16308,6772,6.38,70.66,1.0140597539543057
06-19-2020,23400,1484,16555,6845,6.34,70.75,1.0138648180242635
06-20-2020,23730,1500,16735,6995,6.32,70.52,1.014102564102564
06-21-2020,24045,1512,16911,7134,6.29,70.33,1.0132743362831858
06-22-2020,24291,1523,17031,7260,6.27,70.11,1.0102308172177168
06-23-2020,24505,1539,17187,7318,6.28,70.14,1.0088098472685356
06-24-2020,24826,1555,17391,7435,6.26,70.05,1.0130993674760254
06-25-2020,25286,1565,17906,7380,6.19,70.81,1.018528961572545
06-26-2020,25697,1579,18181,7516,6.14,70.75,1.0162540536265128
06-27-2020,26022,1589,18530,7492,6.11,71.21,1.0126473907460014
06-28-2020,26313,1612,18814,7499,6.13,71.5,1.011182845284759
06-29-2020,26582,1634,18912,7670,6.15,71.15,1.0102230836468666
06-30-2020,26970,1651,19050,7920,6.12,70.63,1.014596343390264
07-01-2020,27296,1667,19314,7982,6.11,70.76,1.0120875046347795
07-02-2020,27746,1687,19363,8383,6.08,69.79,1.0164859320046893
07-03-2020,28166,1708,19545,8621,6.06,69.39,1.0151373170907518
07-04-2020,28582,1731,19854,8728,6.06,69.46,1.014769580345097
07-05-2020,28973,1750,20026,8947,6.04,69.12,1.0136799384227835
07-06-2020,29223,1768,20213,9010,6.05,69.17,1.0086287232941014
07-07-2020,29620,1799,20534,9086,6.07,69.32,1.0135851897478014
07-08-2020,30175,1817,20799,9376,6.02,68.93,1.0187373396353816
07-09-2020,30789,1834,20969,9820,5.96,68.11,1.020347970173985
07-10-2020,31381,1847,21129,10252,5.89,67.33,1.0192276462372925
07-11-2020,32079,1871,21414,10665,5.83,66.75,1.0222427583569675
07-12-2020,32535,1884,21545,10990,5.79,66.22,1.014214906948471
07-13-2020,32948,1901,21692,11256,5.77,65.84,1.0126940218226526
07-14-2020,33585,1931,21803,11782,5.75,64.92,1.0193334952045647
07-15-2020,34226,1952,22049,12177,5.7,64.42,1.0190859014440972
07-16-2020,35003,1971,22189,12814,5.63,63.39,1.0227020393852626
07-17-2020,35802,1988,22312,13490,5.55,62.32,1.0228266148615832
07-18-2020,36691,2009,22488,14203,5.48,61.29,1.0248310150270934
07-19-2020,37458,2026,22617,14841,5.41,60.38,1.0209043089586003
07-20-2020,38139,2038,22747,15392,5.34,59.64,1.0181803620054461
07-21-2020,39133,2074,24454,14679,5.3,62.49,1.0260625606334723
07-22-2020,40163,2101,24663,15500,5.23,61.41,1.0263204967674342
07-23-2020,41275,2126,24862,16413,5.15,60.24,1.0276871747628413
07-24-2020,42394,2150,25349,17045,5.07,59.79,1.0271108419139916
07-25-2020,43678,2165,25373,18305,4.96,58.09,1.030287304807284
07-26-2020,44798,2187,25643,19155,4.88,57.24,1.02564219973442
07-27-2020,45902,2206,25794,20108,4.81,56.19,1.0246439573195232
07-28-2020,47053,2239,26128,20925,4.76,55.53,1.0250751601237418
07-29-2020,48235,2269,26446,21789,4.7,54.83,1.0251206086753235
07-30-2020,49591,2304,26609,22982,4.65,53.66,1.0281123665388203
07-31-2020,50886,2343,27007,23879,4.6,53.07,1.0261136093242726
08-01-2020,52111,2379,27346,24765,4.57,52.48,1.0240734190150533
08-02-2020,53186,2413,27592,25594,4.54,51.88,1.0206290418529678
08-03-2020,54009,2432,27750,26259,4.5,51.38,1.0154739969164819
08-04-2020,55241,2480,28006,27235,4.49,50.7,1.0228110129793182
08-05-2020,56550,2521,28584,27966,4.46,50.55,1.023696167701526
08-06-2020,57895,2566,28992,28903,4.43,50.08,1.0237842617152961
08-07-2020,59273,2616,29289,29984,4.41,49.41,1.0238017099922274
08-08-2020,60623,2659,29872,30751,4.39,49.28,1.0227759688222293
08-09-2020,61768,2700,30119,31649,4.37,48.76,1.0188872210217244
08-10-2020,62547,2729,30311,32236,4.36,48.46,1.012611708327937
08-11-2020,63762,2764,30585,33177,4.33,47.97,1.0194253921051368
08-12-2020,65177,2807,31048,34129,4.31,47.64,1.022191901132336
08-13-2020,66631,2860,31547,35084,4.29,47.35,1.022308483053838
08-14-2020,68046,2904,31920,36126,4.27,46.91,1.0212363614533775
08-15-2020,69374,2954,32334,37040,4.26,46.61,1.0195162096229022
08-16-2020,70461,2991,32587,37874,4.24,46.25,1.0156686943235218
08-17-2020,71194,3029,32759,38435,4.25,46.01,1.0104029179262286
08-18-2020,72208,3074,33135,39073,4.26,45.89,1.0142427732674102
08-19-2020,73617,3106,33566,40051,4.22,45.6,1.019513073343674
08-20-2020,74963,3154,34196,40767,4.21,45.62,1.018283820313243
08-21-2020,76355,3196,34523,41832,4.19,45.21,1.0185691607859877
08-22-2020,77544,3233,35079,42465,4.17,45.24,1.015571999214197
08-23-2020,78505,3272,35287,43218,4.17,44.95,1.0123929639946354
08-24-2020,79330,3309,35517,43813,4.17,44.77,1.0105088847844086
08-25-2020,80390,3367,35816,44574,4.19,44.55,1.0133619059624355
08-26-2020,81646,3421,36286,45360,4.19,44.44,1.0156238338101753
08-27-2020,83150,3459,36677,46473,4.16,44.11,1.0184209881684345
08-28-2020,84468,3507,37056,47412,4.15,43.87,1.01585087191822
08-29-2020,85833,3539,37388,48445,4.12,43.56,1.0161599659042477
08-30-2020,86785,3578,37665,49120,4.12,43.4,1.0110913052089523
08-31-2020,87540,3621,37869,49671,4.14,43.26,1.0086996600795068
09-01-2020,88593,3681,38454,50139,4.15,43.41,1.0120287868403015
09-02-2020,89891,3721,38701,51190,4.14,43.05,1.0146512704163986
09-03-2020,91256,3765,39275,51981,4.13,43.04,1.0151850574584775
09-04-2020,92595,3812,39626,52969,4.12,42.79,1.0146730078022268
09-05-2020,93864,3850,40028,53836,4.1,42.64,1.0137048436740645
09-06-2020,95014,3893,40307,54707,4.1,42.42,1.012251768516151
09-07-2020,95897,3926,40454,55443,4.09,42.18,1.009293367293241
09-08-2020,97033,3967,40838,56195,4.09,42.09,1.0118460431504634
09-09-2020,98304,4018,41002,57302,4.09,41.71,1.0130986365463297
09-10-2020,99684,4065,41010,58674,4.08,41.14,1.0140380859375
09-11-2020,101075,4100,41010,60065,4.06,40.57,1.0139540949400105
09-12-2020,102386,4127,42811,59575,4.03,41.81,1.0129705664110809
09-13-2020,103495,4163,43025,60470,4.02,41.57,1.0108315590022072
09-14-2020,104187,4185,43244,60943,4.02,41.51,1.006686313348471
09-15-2020,105298,4236,43244,62054,4.02,41.07,1.0106635184811925
09-16-2020,107011,4285,43244,63767,4.0,40.41,1.016268115253851
09-17-2020,108690,4312,43244,65446,3.97,39.79,1.0156899757968807
09-18-2020,110217,4360,88235,21982,3.96,80.06,1.014049130554789
09-19-2020,111550,4402,89119,22431,3.95,79.89,1.0120943230173203
09-20-2020,112781,4435,89771,23010,3.93,79.6,1.0110354101299865
09-21-2020,113589,4458,90649,22940,3.92,79.8,1.007164327324638
09-22-2020,114648,4503,92169,22479,3.93,80.39,1.0093230858621873
09-23-2020,116415,4550,93558,22857,3.91,80.37,1.015412392715093
09-24-2020,118054,4591,94877,23177,3.89,80.37,1.0140789417171328
09-25-2020,119683,4633,96158,23525,3.87,80.34,1.0137987700543818
09-26-2020,121235,4687,97554,23681,3.87,80.47,1.0129675893819508
09-27-2020,122673,4718,98607,24066,3.85,80.38,1.0118612611869509
09-28-2020,123944,4748,99344,24600,3.83,80.15,1.010360878106837
09-29-2020,125414,4792,100636,24778,3.82,80.24,1.0118601949267412
09-30-2020,127572,4825,102476,25096,3.78,80.33,1.017207010381616
10-01-2020,129658,4862,103994,25664,3.75,80.21,1.0163515504969742
10-02-2020,132001,4915,105582,26419,3.72,79.99,1.0180706165450648
10-03-2020,134065,4947,107058,27007,3.69,79.86,1.0156362451799608
10-04-2020,135900,5003,108135,27765,3.68,79.57,1.0136873904449335
10-05-2020,137491,5048,108526,28965,3.67,78.93,1.0117071376011773
10-06-2020,139612,5121,109898,29714,3.67,78.72,1.0154264642776618
10-07-2020,142570,5203,111564,31006,3.65,78.25,1.0211872904907888
10-08-2020,145700,5247,113112,32588,3.6,77.63,1.0219541277968718
10-09-2020,148886,5299,114792,34094,3.56,77.1,1.0218668496911463
10-10-2020,152403,5358,116628,35775,3.52,76.53,1.023622100130301
10-11-2020,155283,5411,117942,37341,3.48,75.95,1.0188972658018542
10-12-2020,157352,5467,118912,38440,3.47,75.57,1.01332405994217
10-13-2020,160461,5535,120515,39946,3.45,75.11,1.0197582490213026
10-14-2020,164477,5601,122714,41763,3.41,74.61,1.0250278883965573
10-15-2020,168490,5674,125009,43481,3.37,74.19,1.0243985481252698
10-16-2020,172516,5749,127076,45440,3.33,73.66,1.023894593150929
10-17-2020,176468,5812,129556,46912,3.29,73.42,1.0229080201256695
10-18-2020,180388,5872,130894,49494,3.26,72.56,1.0222136591336672
10-19-2020,182854,5931,132082,50772,3.24,72.23,1.0136705324079207
10-20-2020,186254,5996,134395,51859,3.22,72.16,1.018594069585571
10-21-2020,191102,6065,137835,53267,3.17,72.13,1.0260289711898805
10-22-2020,196004,6163,141089,54915,3.14,71.98,1.0256512229071386
10-23-2020,201032,6245,144429,56603,3.11,71.84,1.025652537703312
10-24-2020,205793,6318,147932,57861,3.07,71.88,1.0236827967686737
10-25-2020,209648,6391,149741,59907,3.05,71.42,1.0187324155826485
10-26-2020,212492,6470,151811,60681,3.04,71.44,1.0135655956651148
10-27-2020,217216,6574,155630,61586,3.03,71.65,1.0222314251830658
10-28-2020,222559,6681,159855,62704,3.0,71.83,1.024597635533294
10-29-2020,229040,6764,163852,65188,2.95,71.54,1.0291203680821714
10-30-2020,235586,6867,167897,67689,2.91,71.27,1.0285801606706253
10-31-2020,241339,6968,172513,68826,2.89,71.48,1.0244199570432877
11-01-2020,246663,7067,175975,70688,2.87,71.34,1.0220602554912384
11-02-2020,250704,7153,177361,73343,2.85,70.75,1.0163826759586967
11-03-2020,258437,7273,181175,77262,2.81,70.1,1.0308451400855192
11-04-2020,267088,7419,186260,80828,2.78,69.74,1.0334743090192193
11-05-2020,276802,7540,191085,85717,2.72,69.03,1.0363700353441563
11-06-2020,287062,7663,195971,91091,2.67,68.27,1.0370662061690306
11-07-2020,296999,7793,201114,95885,2.62,67.72,1.0346162153123715
11-08-2020,303751,7879,204679,99072,2.59,67.38,1.0227340832797416
11-09-2020,306991,8009,206793,100198,2.61,67.36,1.0106666315501842
11-10-2020,314295,8186,211408,102887,2.6,67.26,1.0237922284366643
11-11-2020,324094,8389,218086,106008,2.59,67.29,1.031177715203869
11-12-2020,334236,8510,224916,109320,2.55,67.29,1.031293390189266
11-13-2020,343725,8684,231808,111917,2.53,67.44,1.0283901195562417
11-14-2020,353185,8813,239051,114134,2.5,67.68,1.0275220016001163
11-15-2020,360281,8926,243832,116449,2.48,67.68,1.020091453487549
11-16-2020,365212,9075,246633,118579,2.48,67.53,1.0136865391180774
11-17-2020,373474,9261,253244,120230,2.48,67.81,1.022622476807991
11-18-2020,383743,9429,261387,122356,2.46,68.12,1.0274958899414686
11-19-2020,393851,9596,269590,124261,2.44,68.45,1.0263405456255879
11-20-2020,403123,9756,278676,124447,2.42,69.13,1.023541897824304
11-21-2020,412808,9916,287310,125498,2.4,69.6,1.0240249253949787
11-22-2020,418645,10047,295148,123497,2.4,70.5,1.0141397453537722
11-23-2020,422852,10177,296844,126008,2.41,70.2,1.0100490869352314
11-24-2020,430605,10373,304188,126417,2.41,70.64,1.0183350202907873
11-25-2020,440344,10541,313885,126459,2.39,71.28,1.0226170155943382
11-26-2020,449349,10712,323514,125835,2.38,72.0,1.0204499209708773
11-27-2020,457848,10884,326657,131191,2.38,71.35,1.0189140289618983
11-28-2020,465982,11045,335764,130218,2.37,72.06,1.0177657213747795
11-29-2020,471536,11193,348852,122684,2.37,73.98,1.0119189153229096
11-30-2020,475362,11331,353188,122174,2.38,74.3,1.0081139085881035
12-01-2020,479634,11530,360934,118700,2.4,75.25,1.008986835296048
12-02-2020,484550,11665,371231,113319,2.41,76.61,1.0102494818966128
12-03-2020,492211,11876,381001,111210,2.41,77.41,1.0158105458672995
12-04-2020,500273,12052,390212,110061,2.41,78.0,1.0163791544683074
12-05-2020,508345,12186,399207,109138,2.4,78.53,1.0161351901861584
12-06-2020,513576,12320,405612,107964,2.4,78.98,1.0102902556334772
12-07-2020,517236,12447,409121,108115,2.41,79.1,1.0071265012383757
12-08-2020,524675,12660,416797,107878,2.41,79.44,1.0143822162417155
12-09-2020,532040,12821,425816,106224,2.41,80.03,1.0140372611616715
12-10-2020,539107,12948,434679,104428,2.4,80.63,1.0132828358770016
12-11-2020,545567,13116,443168,102399,2.4,81.23,1.0119827789288582
12-12-2020,551900,13264,451477,100423,2.4,81.8,1.0116081067953158
12-13-2020,556335,13385,457360,98975,2.41,82.21,1.0080358760645045
12-14-2020,559587,13494,460780,98807,2.41,82.34,1.0058453989053358
12-15-2020,565758,13698,465050,100708,2.42,82.2,1.0110277758418262
12-16-2020,571749,13862,469499,102250,2.42,82.12,1.0105893332484914
12-17-2020,577446,13969,477139,100307,2.42,82.63,1.0099641625958244
12-18-2020,582786,14157,484948,97838,2.43,83.21,1.009247617959082
12-19-2020,587944,14296,493379,94565,2.43,83.92,1.0088505900965363
12-20-2020,591294,14394,498777,92517,2.43,84.35,1.005697821561237
12-21-2020,593783,14481,501896,91887,2.44,84.53,1.0042094119000025
12-22-2020,598792,14636,508979,89813,2.44,85.0,1.0084357416766732
12-23-2020,604251,14766,516423,87828,2.44,85.46,1.0091166882657083
12-24-2020,608561,14912,523829,84732,2.45,86.08,1.0071327974633058
12-25-2020,612373,15023,530308,82065,2.45,86.6,1.0062639571053682
12-26-2020,613760,15108,536332,77428,2.46,87.38,1.0022649594283224
12-27-2020,615809,15230,540437,75372,2.47,87.76,1.0033384384775808
12-28-2020,618429,15334,543341,75088,2.48,87.86,1.0042545659449602
12-29-2020,623066,15469,549262,73804,2.48,88.15,1.0074980313018955
12-30-2020,627941,15596,554056,73885,2.48,88.23,1.0078242112392588
12-31-2020,632263,15767,560793,71470,2.49,88.7,1.0068828122387294
01-01-2021,636201,15841,566365,69836,2.49,89.02,1.00622842076794
01-02-2021,637395,15919,571333,66062,2.5,89.64,1.0018767653618903
01-03-2021,640429,15979,574897,65532,2.5,89.77,1.0047599996862229
01-04-2021,643559,16057,577198,66361,2.5,89.69,1.0048873489489076
01-05-2021,648288,16178,581856,66432,2.5,89.75,1.007348199621169
01-06-2021,654007,16299,586764,67243,2.49,89.72,1.0088216965299373
01-07-2021,658958,16410,591596,67362,2.49,89.78,1.0075702553642392
01-08-2021,663799,16506,595007,68792,2.49,89.64,1.007346446966271
01-09-2021,668202,16592,596515,71687,2.48,89.27,1.0066330319870924
01-10-2021,671284,16654,598610,72674,2.48,89.17,1.0046123776941702
01-11-2021,673271,16725,600710,72561,2.48,89.22,1.0029599990466032
01-12-2021,676968,16881,605045,71923,2.49,89.38,1.0054911023941324
01-13-2021,681392,16969,610122,71270,2.49,89.54,1.0065350208577066
01-14-2021,684917,17035,614545,70372,2.49,89.73,1.0051732336158923
01-15-2021,688270,17098,618673,69597,2.48,89.89,1.0048954836863444
01-16-2021,691488,17164,620058,71430,2.48,89.67,1.0046754907231175
01-17-2021,693644,17221,622414,71230,2.48,89.73,1.0031179138321995
01-18-2021,695153,17271,625449,69704,2.48,89.97,1.0021754675308947
01-19-2021,697898,17369,630236,67662,2.49,90.3,1.0039487709899835
01-20-2021,700898,17485,635871,65027,2.49,90.72,1.0042986224347972
01-21-2021,703776,17554,641288,62488,2.49,91.12,1.0041061609535196
01-22-2021,706475,17628,645923,60552,2.5,91.43,1.0038350270540626
01-23-2021,709194,17722,650189,59005,2.5,91.68,1.003848685374571
01-24-2021,711010,17776,653125,57885,2.5,91.86,1.0025606533614215
01-25-2021,712561,17841,654875,57686,2.5,91.9,1.0021814039183696
01-26-2021,715438,17938,658595,56843,2.51,92.05,1.0040375490659748
01-27-2021,718612,18015,662400,56212,2.51,92.18,1.0044364431299428
01-28-2021,721513,18105,666001,55512,2.51,92.31,1.004036949007253
01-29-2021,724250,18196,669175,55075,2.51,92.4,1.003793417443622
01-30-2021,726918,18264,672532,54386,2.51,92.52,1.0036838108387987
01-31-2021,728743,18335,674594,54149,2.52,92.57,1.002510599544928
02-01-2021,730056,18402,675767,54289,2.52,92.56,1.0018017325723882
02-02-2021,732732,18513,678473,54259,2.53,92.59,1.003665472237746
02-03-2021,735484,18600,681271,54213,2.53,92.63,1.0037558070344956
02-04-2021,738152,18675,684095,54057,2.53,92.68,1.003627543223238
02-05-2021,740732,18748,686692,54040,2.53,92.7,1.0034952150776535
02-06-2021,743343,18809,689474,53869,2.53,92.75,1.0035248915937207
02-07-2021,745318,18881,691377,53941,2.53,92.76,1.0026569161208216
02-08-2021,746637,18961,692681,53956,2.54,92.77,1.0017697144037847
02-09-2021,749434,19056,695398,54036,2.54,92.79,1.0037461309846687
02-10-2021,752482,19135,698534,53948,2.54,92.83,1.0040670692816178
02-11-2021,755126,19200,701283,53843,2.54,92.87,1.0035137053112233
02-12-2021,757676,19277,703966,53710,2.54,92.91,1.003376919878272
02-13-2021,760091,19325,706394,53697,2.54,92.94,1.0031873782461105
02-14-2021,761963,19366,708151,53812,2.54,92.94,1.0024628629992989
02-15-2021,763294,19445,709520,53774,2.55,92.96,1.0017468039786708
02-16-2021,765970,19526,711977,53993,2.55,92.95,1.003505857507068
02-17-2021,768785,19588,714709,54076,2.55,92.97,1.0036750786584332
02-18-2021,771843,19659,717179,54664,2.55,92.92,1.003977705080094
02-19-2021,774555,19738,719693,54862,2.55,92.92,1.0035136679350594
02-20-2021,777276,19795,722484,54792,2.55,92.95,1.0035129848751865
02-21-2021,779695,19847,724333,55362,2.55,92.9,1.0031121506388978
02-22-2021,781329,19894,725526,55803,2.55,92.86,1.0020956912638916
02-23-2021,784711,20013,728252,56459,2.55,92.81,1.004328522299825
02-24-2021,788048,20086,731049,56999,2.55,92.77,1.0042525209918047
02-25-2021,791971,20167,733616,58355,2.55,92.63,1.0049781231600106
02-26-2021,795732,20233,736020,59712,2.54,92.5,1.0047489112606396
02-27-2021,799164,20287,738569,60595,2.54,92.42,1.0043130099078583
02-28-2021,801994,20350,740352,61642,2.54,92.31,1.0035412005545796
03-01-2021,804090,20403,741471,62619,2.54,92.21,1.0026134858864282
03-02-2021,808040,20509,744040,64000,2.54,92.08,1.0049123854294917
03-03-2021,812318,20586,746779,65539,2.53,91.93,1.0052942923617643
03-04-2021,816589,20684,749673,66916,2.53,91.81,1.0052577931302766
03-05-2021,820931,20785,752234,68697,2.53,91.63,1.0053172403742887
03-06-2021,824995,20854,754335,70660,2.53,91.44,1.0049504769584776
03-07-2021,828283,20900,754335,73948,2.52,91.07,1.003985478699871
03-08-2021,830563,20963,761631,68932,2.52,91.7,1.0027526823561512
03-09-2021,835552,21056,767219,68333,2.52,91.82,1.0060067689025396
03-10-2021,840116,21156,770854,69262,2.52,91.76,1.0054622572862013
03-11-2021,845352,21252,774277,71075,2.51,91.59,1.0062324726585377
03-12-2021,850362,21360,777715,72647,2.51,91.46,1.0059265252817762
03-13-2021,855326,21439,781154,74172,2.51,91.33,1.0058375139058424
03-14-2021,859709,21483,783642,76067,2.5,91.15,1.0051243619391905
03-15-2021,862681,21565,787392,75289,2.5,91.27,1.0034569837002987
03-16-2021,868799,21698,787392,81407,2.5,90.63,1.0070918450736714
03-17-2021,874985,21787,790813,84172,2.49,90.38,1.0071201739412683
03-18-2021,881159,21877,794950,86209,2.48,90.22,1.0070561209620736
03-19-2021,886752,22020,798985,87767,2.48,90.1,1.006347322106453
03-20-2021,892848,22132,803226,89622,2.48,89.96,1.0068745263613728
03-21-2021,897115,22208,806200,90915,2.48,89.87,1.0047790889378707
03-22-2021,900858,22268,808754,92104,2.47,89.78,1.0041722633107237
03-23-2021,907007,22442,814182,92825,2.47,89.77,1.0068257150405502
03-24-2021,913143,22579,819799,93344,2.47,89.78,1.0067651076562805
03-25-2021,919794,22719,825208,94586,2.47,89.72,1.0072836346552512
03-26-2021,926310,22835,830270,96040,2.47,89.63,1.0070841949393017
03-27-2021,932179,22997,834162,98017,2.47,89.49,1.0063358918720515
03-28-2021,936618,23114,837060,99558,2.47,89.37,1.0047619609538512
03-29-2021,940443,23234,840127,100316,2.47,89.33,1.0040838420786276
03-30-2021,946647,23409,845357,101290,2.47,89.3,1.0065968910396483
03-31-2021,952803,23538,850672,102131,2.47,89.28,1.0065029519979465
04-01-2021,958918,23674,856405,102513,2.47,89.31,1.0064179059049982
04-02-2021,964726,23819,862137,102589,2.47,89.37,1.0060568265482555
04-03-2021,970224,23973,867663,102561,2.47,89.43,1.0056990274958901
04-04-2021,974375,24070,871950,102425,2.47,89.49,1.0042783934431636
04-05-2021,977986,24190,875487,102499,2.47,89.52,1.0037059653624119
04-06-2021,983217,24386,880429,102788,2.48,89.55,1.0053487473235814
04-07-2021,988624,24561,885710,102914,2.48,89.59,1.0054992946623176
04-08-2021,993613,24733,890528,103085,2.49,89.63,1.0050464079366879
04-09-2021,998555,24867,896573,101982,2.49,89.79,1.0049737674527206
04-10-2021,1002865,25006,902239,100626,2.49,89.97,1.0043162369624108
04-11-2021,1006167,25135,906659,99508,2.5,90.11,1.003292566796129
04-12-2021,1008490,25248,910298,98192,2.5,90.26,1.002308761865575
04-13-2021,1012373,25441,915464,96909,2.51,90.43,1.003850310860792
04-14-2021,1016449,25605,920653,95796,2.52,90.58,1.004026184025058
04-15-2021,1020301,25800,925395,94906,2.53,90.7,1.0037896638198276
04-16-2021,1023565,25937,930942,92623,2.53,90.95,1.0031990559648574
04-17-2021,1027039,26072,936515,90524,2.54,91.19,1.0033940199205718
04-18-2021,1029304,26232,940792,88512,2.55,91.4,1.0022053690268822
04-19-2021,1031072,26381,944774,86298,2.56,91.63,1.0017176655293285
04-20-2021,1034003,26618,950242,83761,2.57,91.9,1.0028426724806803
04-21-2021,1037009,26793,954868,82141,2.58,92.08,1.002907148238448
04-22-2021,1039998,26943,959126,80872,2.59,92.22,1.0028823279257943
04-23-2021,1042521,27113,963840,78681,2.6,92.45,1.002425966203781
04-24-2021,1044722,27267,968746,75976,2.61,92.73,1.0021112284548706
04-25-2021,1046264,27394,972476,73788,2.62,92.95,1.0014759907420347
04-26-2021,1047520,27511,975703,71817,2.63,93.14,1.0012004618337245
04-27-2021,1049539,27683,979445,70094,2.64,93.32,1.0019274095005346
04-28-2021,1051779,27833,983040,68739,2.65,93.46,1.0021342703796619
04-29-2021,1053629,27971,985827,67802,2.65,93.56,1.001758924641013
04-30-2021,1055265,28109,989393,65872,2.66,93.76,1.001552728711909
05-01-2021,1056572,28194,992605,63967,2.67,93.95,1.0012385514539002
05-02-2021,1057655,28282,995506,62149,2.67,94.12,1.0010250129664613
05-03-2021,1058337,28380,997749,60588,2.68,94.28,1.0006448227446567
05-04-2021,1059331,28474,1000451,58880,2.69,94.44,1.0009392093444716
05-05-2021,1060895,28616,1002985,57910,2.7,94.54,1.0014764035037207
05-06-2021,1062527,28710,1005623,56904,2.7,94.64,1.0015383237737947
05-07-2021,1063949,28799,1009237,54712,2.71,94.86,1.0013383189321308
05-08-2021,1065254,28903,1011694,53560,2.71,94.97,1.0012265625514005
05-09-2021,1066111,28966,1013666,52445,2.72,95.08,1.0008045029636123
05-10-2021,1066731,29034,1015092,51639,2.72,95.16,1.0005815529527413
05-11-2021,1067887,29135,1017047,50840,2.73,95.24,1.0010836846402702
05-12-2021,1068817,29233,1018642,50175,2.74,95.31,1.0008708786603826
05-13-2021,1069770,29308,1020194,49576,2.74,95.37,1.0008916400094685
05-14-2021,1070605,29413,1022029,48576,2.75,95.46,1.0007805416117483
05-15-2021,1071334,29485,1023822,47512,2.75,95.57,1.0006809234031224
05-16-2021,1071899,29523,1025145,46754,2.75,95.64,1.0005273798833978
05-17-2021,1072291,29571,1026299,45992,2.76,95.71,1.0003657060973095
05-18-2021,1072972,29662,1027412,45560,2.76,95.75,1.0006350887958586
05-19-2021,1073679,29716,1028554,45125,2.77,95.8,1.0006589174740814
05-20-2021,1074297,29777,1029375,44922,2.77,95.82,1.0005755910286036
05-21-2021,1074781,29826,1030137,44644,2.78,95.85,1.0004505271819617
05-22-2021,1075236,29885,1031605,43631,2.78,95.94,1.0004233420575912
05-23-2021,1075543,29941,1032888,42655,2.78,96.03,1.0002855187140312
05-24-2021,1075773,29977,1033984,41789,2.79,96.12,1.0002138454715432
05-25-2021,1076154,30040,1035115,41039,2.79,96.19,1.000354163936072
05-26-2021,1076533,30092,1035902,40631,2.8,96.23,1.000352180078316
05-27-2021,1076840,30131,1036646,40194,2.8,96.27,1.00028517472293
05-28-2021,1077161,30174,1037729,39432,2.8,96.34,1.000298094424427
05-29-2021,1077426,30247,1038539,38887,2.81,96.39,1.0002460170763703
05-30-2021,1077584,30276,1039173,38411,2.81,96.44,1.0001466458021246
05-31-2021,1077737,30312,1039821,37916,2.81,96.48,1.000141984290784
06-01-2021,1077978,30353,1040527,37451,2.82,96.53,1.0002236167079723
06-02-2021,1078142,30415,1040869,37273,2.82,96.54,1.0001521366855353
06-03-2021,1078338,30499,1041256,37082,2.83,96.56,1.0001817942348967
06-04-2021,1078563,30612,1041924,36639,2.84,96.6,1.0002086544293163
06-05-2021,1078742,30725,1042551,36191,2.85,96.65,1.0001659615618188
06-06-2021,1078863,30815,1042898,35965,2.86,96.67,1.000112167691626
06-07-2021,1078952,30878,1043171,35781,2.86,96.68,1.0000824942555264
06-08-2021,1079154,31155,1043371,35783,2.89,96.68,1.0001872187085246
06-09-2021,1079294,31383,1043482,35812,2.91,96.68,1.000129731252444
06-10-2021,1079427,31531,1043604,35823,2.92,96.68,1.0001232287032078
06-11-2021,1079530,31681,1043803,35727,2.93,96.69,1.0000954209965103
06-12-2021,1079657,31804,1044000,35657,2.95,96.7,1.0001176437894268
06-13-2021,1079726,31834,1044237,35489,2.95,96.71,1.0000639091859729
06-14-2021,1079776,31861,1044404,35372,2.95,96.72,1.0000463080448188
06-15-2021,1079879,31957,1044563,35316,2.96,96.73,1.0000953901549952
06-16-2021,1079983,32028,1044687,35296,2.97,96.73,1.000096307086257
06-17-2021,1080070,32115,1044773,35297,2.97,96.73,1.0000805568235795
06-18-2021,1080140,32212,1044919,35221,2.98,96.74,1.0000648106141268
06-19-2021,1080203,32308,1044944,35259,2.99,96.74,1.000058325772585
06-20-2021,1080256,32326,1045122,35134,2.99,96.75,1.000049064851699
06-21-2021,1080282,32391,1045207,35075,3.0,96.75,1.0000240683689792
06-22-2021,1080323,32465,1045303,35020,3.01,96.76,1.000037953052999
06-23-2021,1080389,32626,1045303,35086,3.02,96.75,1.0000610928398266
06-24-2021,1080457,32771,1045303,35154,3.03,96.75,1.0000629402928018
06-25-2021,1080522,32911,1045351,35171,3.05,96.74,1.0000601597287073
06-26-2021,1080584,33177,1045351,35233,3.07,96.74,1.0000573796738983
06-27-2021,1080630,33253,1045351,35279,3.08,96.74,1.0000425695734898
06-28-2021,1080667,33311,1045351,35316,3.08,96.73,1.0000342392863422
06-29-2021,1080740,33605,1045351,35389,3.11,96.73,1.0000675508736734
06-30-2021,1080792,33786,1045351,35441,3.13,96.72,1.0000481151803393
07-01-2021,1080823,33861,1045351,35472,3.13,96.72,1.000028682669746
07-02-2021,1080860,33898,1045351,35509,3.14,96.71,1.000034233172314
07-03-2021,1080918,33925,1045351,35567,3.14,96.71,1.0000536609736692
07-04-2021,1080951,33928,1045351,35600,3.14,96.71,1.000030529605391
07-05-2021,1080979,33973,1045351,35628,3.14,96.7,1.0000259031167926
07-06-2021,1081030,34021,1045351,35679,3.15,96.7,1.00004717945492
07-07-2021,1081090,34098,1045351,35739,3.15,96.69,1.0000555026224989
07-08-2021,1081120,34168,1045351,35769,3.16,96.69,1.0000277497710643
07-09-2021,1081174,34197,1045351,35823,3.16,96.69,1.0000499482018648
07-10-2021,1081210,34216,1045351,35859,3.16,96.68,1.000033297138111
07-11-2021,1081236,34217,1045351,35885,3.16,96.68,1.0000240471323794
07-12-2021,1081275,34219,1045390,35885,3.16,96.68,1.0000360698311932
07-13-2021,1081326,34233,1046447,34879,3.17,96.77,1.0000471665395019
07-14-2021,1081405,34242,1046537,34868,3.17,96.78,1.0000730584486084
07-15-2021,1081467,34245,1046610,34857,3.17,96.78,1.0000573328216533
07-16-2021,1081539,34250,1046691,34848,3.17,96.78,1.000066576233949
07-17-2021,1081588,34252,1046719,34869,3.17,96.78,1.0000453058095917
07-18-2021,1081632,34253,1046739,34893,3.17,96.77,1.0000406809247144
07-19-2021,1081678,34254,1046776,34902,3.17,96.77,1.0000425283275642
07-20-2021,1081773,34258,1046881,34892,3.17,96.77,1.0000878265065944
07-21-2021,1081875,34260,1046952,34923,3.17,96.77,1.0000942896522653
07-22-2021,1081953,34264,1047000,34953,3.17,96.77,1.0000720970537262
07-23-2021,1082057,34266,1047117,34940,3.17,96.77,1.000096122474821
07-24-2021,1082183,34267,1047199,34984,3.17,96.77,1.0001164448822937
07-25-2021,1082292,34268,1047246,35046,3.17,96.76,1.0001007223362408
07-26-2021,1082376,34270,1047291,35085,3.17,96.76,1.0000776130656053
07-27-2021,1082551,34273,1047388,35163,3.17,96.75,1.0001616813380931
07-28-2021,1082710,34274,1047444,35266,3.17,96.74,1.0001468752973302
07-29-2021,1082880,34275,1047528,35352,3.17,96.74,1.0001570134200293
07-30-2021,1083033,34278,1047682,35351,3.17,96.74,1.000141289893617
07-31-2021,1083189,34281,1047723,35466,3.16,96.73,1.0001440399323012
08-01-2021,1083341,34286,1047767,35574,3.16,96.72,1.0001403263881004
08-02-2021,1083478,34291,1047778,35700,3.16,96.71,1.0001264606435092
08-03-2021,1083711,34297,1047915,35796,3.16,96.7,1.0002150482058703
08-04-2021,1083982,34298,1048072,35910,3.16,96.69,1.000250066669066
08-05-2021,1084226,34300,0,1084226,3.16,0,1.0002250959886787
08-06-2021,1084456,34305,0,1084456,3.16,0,1.0002121328948024
08-07-2021,1084711,34313,0,1084711,3.16,0,1.0002351409370227
08-08-2021,1084919,34316,0,1084919,3.16,0,1.0001917561451852
08-09-2021,1085100,34319,0,1085100,3.16,0,1.0001668327312914
08-10-2021,1085412,34323,0,1085412,3.16,0,1.000287531103124
08-11-2021,1085738,34331,0,1085738,3.16,0,1.0003003467807616
08-12-2021,1086109,34334,0,1086109,3.16,0,1.0003417030628015
08-13-2021,1086492,34337,0,1086492,3.16,0,1.0003526349565284
08-14-2021,1086900,34342,0,1086900,3.16,0,1.0003755204824334
08-15-2021,1087223,34348,0,1087223,3.16,0,1.0002971754531236
08-16-2021,1087509,34353,0,1087509,3.16,0,1.0002630555093113
08-17-2021,1088053,34359,0,1088053,3.16,0,1.0005002257452582
08-18-2021,1088594,34365,0,1088594,3.16,0,1.0004972184259406
08-19-2021,1089189,34379,0,1089189,3.16,0,1.0005465765932937
08-20-2021,1089817,34388,0,1089817,3.16,0,1.0005765757825318
08-21-2021,1090408,34403,0,1090408,3.16,0,1.0005422928803642
08-22-2021,1090925,34412,0,1090925,3.15,0,1.000474134452425
08-23-2021,1091340,34425,0,1091340,3.15,0,1.0003804111190044
08-24-2021,1092122,34439,0,1092122,3.15,0,1.0007165502959665
08-25-2021,1092971,34453,0,1092971,3.15,0,1.0007773856766917
08-26-2021,1093924,34471,0,1093924,3.15,0,1.0008719353029494
08-27-2021,1094870,34490,0,1094870,3.15,0,1.0008647767120933
08-28-2021,1095885,34509,0,1095885,3.15,0,1.0009270507000831
08-29-2021,1096753,34528,0,1096753,3.15,0,1.0007920539107662
08-30-2021,1097452,34539,0,1097452,3.15,0,1.0006373358449898
08-31-2021,1098765,34570,0,1098765,3.15,0,1.001196407678878
09-01-2021,1100208,34591,0,1100208,3.14,0,1.0013132926512949
09-02-2021,1101678,34617,0,1101678,3.14,0,1.001336110989922
09-03-2021,1103198,34650,0,1103198,3.14,0,1.001379713491601
09-04-2021,1104766,34678,0,1104766,3.14,0,1.001421322373681
09-05-2021,1106008,34689,0,1106008,3.14,0,1.0011242199705639
09-06-2021,1107043,34714,0,1107043,3.14,0,1.0009357979327456
09-07-2021,1109076,34762,0,1109076,3.13,0,1.001836423698086
09-08-2021,1111155,34792,0,1111155,3.13,0,1.001874533395367
09-09-2021,1113381,34871,0,1113381,3.13,0,1.0020033208688257
09-10-2021,1115901,34914,0,1115901,3.13,0,1.0022633761488655
09-11-2021,1118549,34961,0,1118549,3.13,0,1.002372970362066
09-12-2021,1120804,34990,0,1120804,3.12,0,1.002016004663184
09-13-2021,1122653,35036,0,1122653,3.12,0,1.0016497086020393
09-14-2021,1126582,35132,0,1126582,3.12,0,1.0034997456916785
09-15-2021,1130586,35215,0,1130586,3.11,0,1.0035541132380954
09-16-2021,1135027,35286,0,1135027,3.11,0,1.0039280514706532
09-17-2021,1139505,35359,0,1139505,3.1,0,1.0039452805968492
09-18-2021,1144893,35456,0,1144893,3.1,0,1.004728368897021
09-19-2021,1148710,35514,0,1148710,3.09,0,1.0033339360097406
09-20-2021,1152052,35592,0,1152052,3.09,0,1.0029093504888091
09-21-2021,1158841,35721,0,1158841,3.08,0,1.0058929631648572
09-22-2021,1165886,35851,0,1165886,3.08,0,1.0060793499712213
09-23-2021,1172981,35964,0,1172981,3.07,0,1.0060855006407143
09-24-2021,1180097,36109,0,1180097,3.06,0,1.0060665944290659
09-25-2021,1187773,36230,0,1187773,3.05,0,1.0065045500496994
09-26-2021,1194106,36341,0,1194106,3.04,0,1.0053318268726432
09-27-2021,1199761,36450,0,1199761,3.04,0,1.0047357604768756
09-28-2021,1210810,36658,0,1210810,3.03,0,1.0092093341923933
09-29-2021,1221636,36865,0,1221636,3.02,0,1.0089411220587872
09-30-2021,1233668,37041,0,1233668,3.0,0,1.0098490876169333
10-01-2021,1244555,37210,0,1244555,2.99,0,1.0088249026480383
10-02-2021,1257145,37394,0,1257145,2.97,0,1.0101160655816737
10-03-2021,1265827,37544,0,1265827,2.97,0,1.0069061245918332
10-04-2021,1274119,37677,0,1274119,2.96,0,1.0065506581863082
10-05-2021,1289156,37929,0,1289156,2.94,0,1.0118018803581141
10-06-2021,1303900,38260,0,1303900,2.93,0,1.0114369401375785
10-07-2021,1318367,38542,0,1318367,2.92,0,1.0110951760104303
10-08-2021,1332221,38927,0,1332221,2.92,0,1.0105084547777667
10-09-2021,1346240,39209,0,1346240,2.91,0,1.010523028836807
10-10-2021,1356640,39420,0,1356640,2.91,0,1.0077252198716424
10-11-2021,1365788,39629,0,1365788,2.9,0,1.006743130086095
10-12-2021,1382531,40071,0,1382531,2.9,0,1.0122588571579192
10-13-2021,1398264,40461,0,1398264,2.89,0,1.0113798533269778
10-14-2021,1414647,40765,0,1414647,2.88,0,1.0117166715298398
10-15-2021,1430475,41130,0,1430475,2.88,0,1.0111886569582376
10-16-2021,1445714,41482,0,1445714,2.87,0,1.0106531047379368
10-17-2021,1457260,41781,0,1457260,2.87,0,1.0079863652146968
10-18-2021,1467401,42042,0,1467401,2.87,0,1.0069589503588927
10-19-2021,1486264,42616,0,1486264,2.87,0,1.0128547002489436
10-20-2021,1503422,43039,0,1503422,2.86,0,1.0115443824246568
10-21-2021,1519532,43487,0,1519532,2.86,0,1.0107155542489068
10-22-2021,1534942,43844,0,1534942,2.86,0,1.0101412803415788
10-23-2021,1550203,44290,0,1550203,2.86,0,1.0099423952175393
10-24-2021,1561928,44679,0,1561928,2.86,0,1.0075635255511697
10-25-2021,1571115,44980,0,1571115,2.86,0,1.0058818332215058
10-26-2021,1587880,45503,0,1587880,2.87,0,1.0106707656664216
10-27-2021,1602830,46015,0,1602830,2.87,0,1.0094150691488022
10-28-2021,1616027,46430,0,1616027,2.87,0,1.0082335618874116
10-29-2021,1628501,46911,0,1628501,2.88,0,1.0077189304386622
10-30-2021,1640607,47324,0,1640607,2.88,0,1.0074338302524837
10-31-2021,1648031,47751,0,1648031,2.9,0,1.0045251544093132
11-01-2021,1655024,48073,0,1655024,2.9,0,1.0042432454243884
11-02-2021,1666097,48664,0,1666097,2.92,0,1.0066905374181885
11-03-2021,1676293,49115,0,1676293,2.93,0,1.0061196917106268
11-04-2021,1685264,49604,0,1685264,2.94,0,1.0053516897105697
11-05-2021,1693532,50087,0,1693532,2.96,0,1.0049060562618082
11-06-2021,1701589,50482,0,1701589,2.97,0,1.0047575127012658
11-07-2021,1706882,50755,0,1706882,2.97,0,1.0031106218951815
11-08-2021,1711137,50996,0,1711137,2.98,0,1.002492849535
11-09-2021,1718726,51483,0,1718726,3.0,0,1.0044350627682062
11-10-2021,1725017,51888,0,1725017,3.01,0,1.0036602692924876
11-11-2021,1730433,52206,0,1730433,3.02,0,1.0031396792031615
11-12-2021,1735277,52513,0,1735277,3.03,0,1.0027992993661123
11-13-2021,1739283,52836,0,1739283,3.04,0,1.002308565145507
11-14-2021,1742304,53069,0,1742304,3.05,0,1.0017369226284625
11-15-2021,1744440,53264,0,1744440,3.05,0,1.0012259628629676
11-16-2021,1748568,53661,0,1748568,3.07,0,1.0023663754557337
11-17-2021,1752103,54011,0,1752103,3.08,0,1.0020216542908253
11-18-2021,1755179,54343,0,1755179,3.1,0,1.0017556045506457
11-19-2021,1758068,54624,0,1758068,3.11,0,1.0016459859649642
11-20-2021,1760765,54838,0,1760765,3.11,0,1.0015340703545028
11-21-2021,1762701,54959,0,1762701,3.12,0,1.001099522082731
11-22-2021,1764251,55113,0,1764251,3.12,0,1.000879332342808
11-23-2021,1766987,55386,0,1766987,3.13,0,1.0015507997444808
11-24-2021,1769783,55617,0,1769783,3.14,0,1.0015823545957045
11-25-2021,1771887,55829,0,1771887,3.15,0,1.0011888463161869
11-26-2021,1773845,55989,0,1773845,3.16,0,1.0011050366078649
11-27-2021,1775572,56169,0,1775572,3.16,0,1.0009735912664297
11-28-2021,1776949,56275,0,1776949,3.17,0,1.0007755247323116
11-29-2021,1778045,56382,0,1778045,3.17,0,1.0006167875386407
11-30-2021,1779667,56529,0,1779667,3.18,0,1.0009122378792439
12-01-2021,1780808,56618,0,1780808,3.18,0,1.0006411311779113
12-02-2021,1781957,56684,0,1781957,3.18,0,1.0006452127348933
12-03-2021,1783630,56890,0,1783630,3.19,0,1.0009388554269267
12-04-2021,1785120,57021,0,1785120,3.19,0,1.000835375049758
12-05-2021,1786036,57099,0,1786036,3.2,0,1.0005131307699202
12-06-2021,1786839,57153,0,1786839,3.2,0,1.0004495990002442
12-07-2021,1788260,57260,0,1788260,3.2,0,1.0007952591139997
12-08-2021,1789539,57360,0,1789539,3.21,0,1.0007152203818237
12-09-2021,1790571,57434,0,1790571,3.21,0,1.0005766848333566
12-10-2021,1791502,57531,0,1791502,3.21,0,1.000519945872015
12-11-2021,1791502,57531,0,1791502,3.21,0,1.0
12-12-2021,1793149,57696,0,1793149,3.22,0,1.0009193403077419
12-13-2021,1793643,57741,0,1793643,3.22,0,1.0002754930014182
12-14-2021,1794589,57847,0,1794589,3.22,0,1.0005274182209056
12-15-2021,1795418,57935,0,1795418,3.23,0,1.0004619442111815
12-16-2021,1796230,58019,0,1796230,3.23,0,1.0004522623701
12-17-2021,1796973,58079,0,1796973,3.23,0,1.000413644132433
12-18-2021,1797706,58143,0,1797706,3.23,0,1.0004079081878248
12-19-2021,1798205,58196,0,1798205,3.24,0,1.0002775759773845
12-20-2021,1798629,58232,0,1798629,3.24,0,1.0002357906912727
12-21-2021,1799455,58320,0,1799455,3.24,0,1.00045923867568
12-22-2021,1800306,58382,0,1800306,3.24,0,1.0004729209677374
12-23-2021,1801081,58463,0,1801081,3.25,0,1.0004304823735521
12-24-2021,1801798,58507,0,1801798,3.25,0,1.0003980942556165
12-25-2021,1802396,58536,0,1802396,3.25,0,1.0003318907002894
12-26-2021,1802745,58551,0,1802745,3.25,0,1.0001936311443211
12-27-2021,1803311,58575,0,1803311,3.25,0,1.000313965646833
12-28-2021,1804455,58642,0,1804455,3.25,0,1.0006343886329092
12-29-2021,1805726,58677,0,1805726,3.25,0,1.000704367800804
12-30-2021,1807223,58714,0,1807223,3.25,0,1.0008290294319293
12-31-2021,1808891,58752,0,1808891,3.25,0,1.0009229630211656
01-01-2022,1810342,58779,0,1810342,3.25,0,1.000802148940981
01-02-2022,1811300,58796,0,1811300,3.25,0,1.0005291817789126
01-03-2022,1813056,58814,0,1813056,3.24,0,1.0009694694418374
01-04-2022,1816956,58866,0,1816956,3.24,0,1.0021510642804194
01-05-2022,1821849,58896,0,1821849,3.23,0,1.0026929655974057
01-06-2022,1827867,58940,0,1827867,3.22,0,1.0033032375350537
01-07-2022,1833789,58971,0,1833789,3.22,0,1.0032398418484496
01-08-2022,1839825,58997,0,1839825,3.21,0,1.0032915455376819
01-09-2022,1844537,59011,0,1844537,3.2,0,1.0025611131493484
01-10-2022,1848641,59027,0,1848641,3.19,0,1.0022249485914352
01-11-2022,1857502,59070,0,1857502,3.18,0,1.004793250825877
01-12-2022,1866102,59114,0,1866102,3.17,0,1.0046298738843888
01-13-2022,1875887,59150,0,1875887,3.15,0,1.0052435504597284
01-14-2022,1885771,59180,0,1885771,3.14,0,1.0052689740906569
01-15-2022,1895833,59212,0,1895833,3.12,0,1.0053357486142274
01-16-2022,1903428,59240,0,1903428,3.11,0,1.0040061545505328
01-17-2022,1911546,59257,0,1911546,3.1,0,1.0042649367351957
01-18-2022,1928306,59327,0,1928306,3.08,0,1.0087677722639161
01-19-2022,1944916,59385,0,1944916,3.05,0,1.0086137781036828
01-20-2022,1964021,59428,0,1964021,3.03,0,1.0098230463423614
01-21-2022,1983670,59477,0,1983670,3.0,0,1.0100044755122273
01-22-2022,2003041,59525,0,2003041,2.97,0,1.009765233128494
01-23-2022,2017129,59547,0,2017129,2.95,0,1.0070333058584422
01-24-2022,2029211,59588,0,2029211,2.94,0,1.005989701204038
01-25-2022,2048896,59632,0,2048896,2.91,0,1.0097008147501665
01-26-2022,2083151,59726,0,2083151,2.87,0,1.0167187597613545
01-27-2022,2114834,59797,0,2114834,2.83,0,1.0152091711066553
01-28-2022,2146558,59857,0,2146558,2.79,0,1.0150007045470235
01-29-2022,2176726,59932,0,2176726,2.75,0,1.0140541275847192
01-30-2022,2196394,59984,0,2196394,2.73,0,1.0090355883101503
01-31-2022,2216525,60025,0,2216525,2.71,0,1.0091654775964605
02-01-2022,2256543,60122,0,2256543,2.66,0,1.0180543869345033
02-02-2022,2292345,60242,0,2292345,2.63,0,1.0158658620730914
02-03-2022,2325016,60353,0,2325016,2.6,0,1.014252217707195
02-04-2022,2356792,60450,0,2356792,2.56,0,1.0136670027217016
02-05-2022,2385713,60560,0,2385713,2.54,0,1.0122713417221376
02-06-2022,2401821,60642,0,2401821,2.52,0,1.006751859926152
02-07-2022,2418779,60723,0,2418779,2.51,0,1.0070604761970188
02-08-2022,2455048,60916,0,2455048,2.48,0,1.014994755618434
02-09-2022,2482394,61092,0,2482394,2.46,0,1.0111386824208732
02-10-2022,2508860,61231,0,2508860,2.44,0,1.0106614824238216
02-11-2022,2531597,61363,0,2531597,2.42,0,1.0090626818555042
02-12-2022,2550348,61520,0,2550348,2.41,0,1.0074067870992105
02-13-2022,2562315,61601,0,2562315,2.4,0,1.004692300815418
02-14-2022,2574384,61676,0,2574384,2.4,0,1.004710193711546
02-15-2022,2596269,61880,0,2596269,2.38,0,1.0085010627785131
02-16-2022,2613716,62063,0,2613716,2.37,0,1.006720027855357
02-17-2022,2629090,62188,0,2629090,2.37,0,1.005882046863546
02-18-2022,2643614,62323,0,2643614,2.36,0,1.0055243449254305
02-19-2022,2655933,62471,0,2655933,2.35,0,1.0046599087461332
02-20-2022,2663630,62539,0,2663630,2.35,0,1.0028980399731469
02-21-2022,2671314,62624,0,2671314,2.34,0,1.0028847850489746
02-22-2022,2686089,62839,0,2686089,2.34,0,1.0055309858743675
02-23-2022,2697566,62958,0,2697566,2.33,0,1.0042727549236083
02-24-2022,2708315,63073,0,2708315,2.33,0,1.0039847032472977
02-25-2022,2717289,63193,0,2717289,2.33,0,1.0033134993529187
02-26-2022,2724480,63294,0,2724480,2.32,0,1.0026463876312015
02-27-2022,2728727,63353,0,2728727,2.32,0,1.001558829574818
02-28-2022,2733484,63414,0,2733484,2.32,0,1.001743303745666
03-01-2022,2741945,63578,0,2741945,2.32,0,1.0030953171849553
03-02-2022,2748777,63668,0,2748777,2.32,0,1.0024916619407027
03-03-2022,2754730,63782,0,2754730,2.32,0,1.0021656904143188
03-04-2022,2760332,63849,0,2760332,2.31,0,1.0020335931289093
03-05-2022,2765169,63931,0,2765169,2.31,0,1.0017523254449103
03-06-2022,2768261,63961,0,2768261,2.31,0,1.0011181956690531
03-07-2022,2771449,63993,0,2771449,2.31,0,1.0011516255150796
03-08-2022,2776910,64094,0,2776910,2.31,0,1.0019704493930792
03-09-2022,2781086,64156,0,2781086,2.31,0,1.0015038297964285
03-10-2022,2784651,64226,0,2784651,2.31,0,1.0012818733401267
03-11-2022,2787625,64276,0,2787625,2.31,0,1.001067997389978
03-12-2022,2790368,64335,0,2790368,2.31,0,1.000983991749249
03-13-2022,2791994,64361,0,2791994,2.31,0,1.0005827188385188
03-14-2022,2794081,64381,0,2794081,2.3,0,1.0007474944430397
03-15-2022,2798935,64450,0,2798935,2.3,0,1.001737243837956
03-16-2022,2802848,64518,0,2802848,2.3,0,1.0013980317513627
03-17-2022,2806881,64581,0,2806881,2.3,0,1.0014388935825276
03-18-2022,2810630,64625,0,2810630,2.3,0,1.001335646220841
03-19-2022,2813798,64669,0,2813798,2.3,0,1.0011271494291316
03-20-2022,2816039,64685,0,2816039,2.3,0,1.0007964324375809
03-21-2022,2818275,64697,0,2818275,2.3,0,1.0007940230941403
03-22-2022,2823415,64749,0,2823415,2.29,0,1.001823810664325
03-23-2022,2827936,64789,0,2827936,2.29,0,1.001601252384081
03-24-2022,2832024,64826,0,2832024,2.29,0,1.0014455772690753
03-25-2022,2835749,64867,0,2835749,2.29,0,1.0013153137120308
03-26-2022,2838849,64895,0,2838849,2.29,0,1.0010931856098688
03-27-2022,2840788,64905,0,2840788,2.28,0,1.000683023295709
03-28-2022,2842739,64913,0,2842739,2.28,0,1.000686781273365
03-29-2022,2847015,64958,0,2847015,2.28,0,1.0015041831135394
03-30-2022,2850598,64994,0,2850598,2.28,0,1.0012585111072474
03-31-2022,2853570,65015,0,2853570,2.28,0,1.00104258825692
04-01-2022,2856491,65042,0,2856491,2.28,0,1.0010236300493767
04-02-2022,2858665,65079,0,2858665,2.28,0,1.0007610736389507
04-03-2022,2860094,65090,0,2860094,2.28,0,1.0004998836869659
04-04-2022,2861426,65102,0,2861426,2.28,0,1.0004657189588875
04-05-2022,2864473,65129,0,2864473,2.27,0,1.0010648536778515
04-06-2022,2866793,65147,0,2866793,2.27,0,1.0008099221043452
04-07-2022,2868777,65170,0,2868777,2.27,0,1.0006920625242213
04-08-2022,2870486,65179,0,2870486,2.27,0,1.0005957242406782
04-09-2022,2871937,65198,0,2871937,2.27,0,1.000505489314353
04-10-2022,2872849,65207,0,2872849,2.27,0,1.0003175557123989
04-11-2022,2873875,65210,0,2873875,2.27,0,1.0003571367656288
04-12-2022,2875942,65249,0,2875942,2.27,0,1.000719237962681
04-13-2022,2877544,65285,0,2877544,2.27,0,1.0005570348776158
04-14-2022,2879021,65297,0,2879021,2.27,0,1.000513284940213
04-15-2022,2880276,65310,0,2880276,2.27,0,1.0004359120687205
04-16-2022,2881322,65331,0,2881322,2.27,0,1.0003631596416453
04-17-2022,2881904,65337,0,2881904,2.27,0,1.0002019906140307
04-18-2022,2882590,65340,0,2882590,2.27,0,1.000238037075489
04-19-2022,2884114,65366,0,2884114,2.27,0,1.0005286912117228
04-20-2022,2885221,65384,0,2885221,2.27,0,1.0003838267142007
04-21-2022,2886284,65403,0,2886284,2.27,0,1.0003684293161599
04-22-2022,2887258,65412,0,2887258,2.27,0,1.0003374581295534
04-23-2022,2887824,65421,0,2887824,2.27,0,1.0001960337455122
04-24-2022,2888318,65427,0,2888318,2.27,0,1.0001710630564744
04-25-2022,2888639,65428,0,2888639,2.27,0,1.000111137347065
04-26-2022,2889363,65430,0,2889363,2.26,0,1.0002506370647215
04-27-2022,2890827,65456,0,2890827,2.26,0,1.000506686075789
04-28-2022,2891973,65471,0,2891973,2.26,0,1.000396426351352
04-29-2022,2892989,65478,0,2892989,2.26,0,1.000351317249504
04-30-2022,2893876,65486,0,2893876,2.26,0,1.000306603308896
05-01-2022,2894368,65493,0,2894368,2.26,0,1.0001700141954941
05-02-2022,2894896,65496,0,2894896,2.26,0,1.0001824232440382
05-03-2022,2896012,65510,0,2896012,2.26,0,1.0003855060769022
05-04-2022,2896012,65510,0,2896012,2.26,0,1.0
05-05-2022,2897528,65540,0,2897528,2.26,0,1.0005234784938737
05-06-2022,2898258,65551,0,2898258,2.26,0,1.0002519388941193
05-07-2022,2898258,65551,0,2898258,2.26,0,1.0
05-08-2022,2899178,65562,0,2899178,2.26,0,1.0003174320574635
05-09-2022,2899563,65566,0,2899563,2.26,0,1.000132796261561
05-10-2022,2900375,65581,0,2900375,2.26,0,1.0002800421994624
05-11-2022,2901080,65589,0,2901080,2.26,0,1.0002430720165496
05-12-2022,2901682,65595,0,2901682,2.26,0,1.0002075089277096
05-13-2022,2902270,65599,0,2902270,2.26,0,1.000202641088858
05-14-2022,2902790,65606,0,2902790,2.26,0,1.0001791700978888
05-15-2022,2903072,65612,0,2903072,2.26,0,1.000097147916315
05-16-2022,2903394,65612,0,2903394,2.26,0,1.0001109169872466
05-17-2022,2904075,65625,0,2904075,2.26,0,1.000234553078225
05-18-2022,2904588,65636,0,2904588,2.26,0,1.0001766483303633
05-19-2022,2905055,65640,0,2905055,2.26,0,1.0001607801175245
05-20-2022,2905539,65644,0,2905539,2.26,0,1.000166606139987
05-21-2022,2905859,65651,0,2905859,2.26,0,1.000110134470747
05-22-2022,2907210,65664,0,2907210,2.26,0,1.0004649227646627
05-23-2022,2906285,65654,0,2906285,2.26,0,1.0003181744696805
05-24-2022,2906776,65663,0,2906776,2.26,0,1.0001689442019623
05-25-2022,2907210,65664,0,2907210,2.26,0,1.0001493063104965
05-26-2022,2907591,65669,0,2907591,2.26,0,1.0001310534842685
05-27-2022,2908018,65676,0,2908018,2.26,0,1.0001468569685352
05-28-2022,2908313,65677,0,2908313,2.26,0,1.0001014436636912
05-29-2022,2908516,65678,0,2908516,2.26,0,1.0000697999149335
05-30-2022,2908704,65678,0,2908704,2.26,0,1.00006463777404
05-31-2022,2909195,65684,0,2909195,2.26,0,1.0001688037008922
06-01-2022,2909495,65685,0,2909495,2.26,0,1.0001031213101905
06-02-2022,2909677,65686,0,2909677,2.26,0,1.0000625538108847
06-03-2022,2910081,65689,0,2910081,2.26,0,1.000138847026663
06-04-2022,2910392,65691,0,2910392,2.26,0,1.000106869877505
06-05-2022,2910553,65692,0,2910553,2.26,0,1.0000553190085735
06-06-2022,2910766,65693,0,2910766,2.26,0,1.0000731819691997
06-07-2022,2911170,65697,0,2911170,2.26,0,1.000138795080058
06-08-2022,2911536,65700,0,2911536,2.26,0,1.0001257226475952
06-09-2022,2911877,65702,0,2911877,2.26,0,1.0001171203103791
06-10-2022,2912266,65706,0,2912266,2.26,0,1.0001335908075788
06-11-2022,2912537,65713,0,2912537,2.26,0,1.0000930546866256
06-12-2022,2912705,65714,0,2912705,2.26,0,1.0000576816706535
06-13-2022,2912878,65714,0,2912878,2.26,0,1.0000593949610415
06-14-2022,2912878,65714,0,2912878,2.26,0,1.0
06-15-2022,2912878,65714,0,2912878,2.26,0,1.0
06-16-2022,2912878,65714,0,2912878,2.26,0,1.0
06-17-2022,2912878,65714,0,2912878,2.26,0,1.0
06-18-2022,2912878,65714,0,2912878,2.26,0,1.0
06-19-2022,2912878,65714,0,2912878,2.26,0,1.0
06-20-2022,2915487,65726,0,2915487,2.25,0,1.000895677745515
06-21-2022,2915487,65726,0,2915487,2.25,0,1.0
06-22-2022,2915487,65726,0,2915487,2.25,0,1.0
06-23-2022,2915487,65726,0,2915487,2.25,0,1.0
06-24-2022,2915487,65726,0,2915487,2.25,0,1.0
06-25-2022,2915487,65726,0,2915487,2.25,0,1.0
06-26-2022,2915487,65726,0,2915487,2.25,0,1.0
06-27-2022,2919461,65739,0,2919461,2.25,0,1.0013630655873274
06-28-2022,2919461,65739,0,2919461,2.25,0,1.0
06-29-2022,2919461,65739,0,2919461,2.25,0,1.0
06-30-2022,2919461,65739,0,2919461,2.25,0,1.0
07-01-2022,2919461,65739,0,2919461,2.25,0,1.0
07-02-2022,2919461,65739,0,2919461,2.25,0,1.0
07-03-2022,2919461,65739,0,2919461,2.25,0,1.0
07-04-2022,2927187,65755,0,2927187,2.25,0,1.0026463789035032
07-05-2022,2927187,65755,0,2927187,2.25,0,1.0
07-06-2022,2927187,65755,0,2927187,2.25,0,1.0
07-07-2022,2927187,65755,0,2927187,2.25,0,1.0
07-08-2022,2927187,65755,0,2927187,2.25,0,1.0
07-09-2022,2927187,65755,0,2927187,2.25,0,1.0
07-10-2022,2927187,65755,0,2927187,2.25,0,1.0
07-11-2022,2942130,65788,0,2942130,2.24,0,1.0051049010534687
07-12-2022,2946174,65797,0,2946174,2.23,0,1.0013745143824373
07-13-2022,2949951,65801,0,2949951,2.23,0,1.0012820016740356
07-14-2022,2953944,65802,0,2953944,2.23,0,1.001353581805257
07-15-2022,2958051,65805,0,2958051,2.22,0,1.0013903445698362
07-16-2022,2961769,65812,0,2961769,2.22,0,1.0012569086875107
07-17-2022,2963934,65813,0,2963934,2.22,0,1.0007309820583576
07-18-2022,2967222,65815,0,2967222,2.22,0,1.0011093364427144
07-19-2022,2974880,65824,0,2974880,2.21,0,1.00258086519984
07-20-2022,2981659,65836,0,2981659,2.21,0,1.0022787473780455
07-21-2022,2988788,65839,0,2988788,2.2,0,1.0023909508095996
07-22-2022,2996178,65846,0,2996178,2.2,0,1.0024725741671876
07-23-2022,3002662,65853,0,3002662,2.19,0,1.002164090384483
07-24-2022,3006756,65857,0,3006756,2.19,0,1.0013634568259764
07-25-2022,3011711,65862,0,3011711,2.19,0,1.001647955470946
07-26-2022,3024064,65894,0,3024064,2.18,0,1.0041016551720932
07-27-2022,3033866,65923,0,3033866,2.17,0,1.003241333516751
07-28-2022,3043205,65935,0,3043205,2.17,0,1.0030782506544456
07-29-2022,3052036,65963,0,3052036,2.16,0,1.0029018748326188
07-30-2022,3059568,65983,0,3059568,2.16,0,1.0024678607984965
07-31-2022,3063647,65999,0,3063647,2.15,0,1.0013331947516773
08-01-2022,3068849,66011,0,3068849,2.15,0,1.0016979763007945
08-02-2022,3080545,66049,0,3080545,2.14,0,1.003811200876941
08-03-2022,3089651,66090,0,3089651,2.14,0,1.0029559704532802
08-04-2022,3098268,66117,0,3098268,2.13,0,1.0027889881413792
08-05-2022,3106033,66143,0,3106033,2.13,0,1.0025062389696437
08-06-2022,3112474,66171,0,3112474,2.13,0,1.0020737062355745
08-07-2022,3115992,66179,0,3115992,2.12,0,1.0011302905662827
08-08-2022,3120681,66193,0,3120681,2.12,0,1.0015048177273882
08-09-2022,3130545,66236,0,3130545,2.12,0,1.0031608485455579
08-10-2022,3137858,66262,0,3137858,2.11,0,1.0023360149750282
08-11-2022,3144327,66291,0,3144327,2.11,0,1.0020615974336633
08-12-2022,3150037,66311,0,3150037,2.11,0,1.0018159688861876
08-13-2022,3154721,66336,0,3154721,2.1,0,1.0014869666610264
08-14-2022,3157372,66348,0,3157372,2.1,0,1.000840327876855
08-15-2022,3159626,66357,0,3159626,2.1,0,1.0007138848384036
08-16-2022,3163226,66375,0,3163226,2.1,0,1.0011393753564504
08-17-2022,3170726,66417,0,3170726,2.09,0,1.0023709972034878
08-18-2022,3176211,66441,0,3176211,2.09,0,1.0017298877291825
08-19-2022,3181065,66462,0,3181065,2.09,0,1.0015282360019533
08-20-2022,3184930,66483,0,3184930,2.09,0,1.0012150018940198
08-21-2022,3186995,66490,0,3186995,2.09,0,1.0006483658981515
08-22-2022,3189594,66500,0,3189594,2.08,0,1.0008155017500813
08-23-2022,3195253,66547,0,3195253,2.08,0,1.001774206999386
08-24-2022,3199216,66576,0,3199216,2.08,0,1.001240277373967
08-25-2022,3202866,66596,0,3202866,2.08,0,1.0011409045216078
08-26-2022,3206185,66612,0,3206185,2.08,0,1.0010362594001747
08-27-2022,3208903,66631,0,3208903,2.08,0,1.0008477364843265
08-28-2022,3210306,66637,0,3210306,2.08,0,1.0004372210690071
08-29-2022,3212211,66639,0,3212211,2.07,0,1.0005934013766913
08-30-2022,3216257,66673,0,3216257,2.07,0,1.0012595685650787
08-31-2022,3219354,66709,0,3219354,2.07,0,1.0009629205626291
09-01-2022,3221984,66728,0,3221984,2.07,0,1.000816934080564
09-02-2022,3224382,66751,0,3224382,2.07,0,1.0007442619206055
09-03-2022,3226207,66766,0,3226207,2.07,0,1.0005659999342509
09-04-2022,3227188,66772,0,3227188,2.07,0,1.0003040722433496
09-05-2022,3228364,66779,0,3228364,2.07,0,1.0003644039330835
09-06-2022,3231240,66795,0,3231240,2.07,0,1.000890853695556
09-07-2022,3233467,66810,0,3233467,2.07,0,1.0006892090961983
09-08-2022,3235527,66825,0,3235527,2.07,0,1.0006370870647512
09-09-2022,3237590,66838,0,3237590,2.06,0,1.0006376086492248
09-10-2022,3239392,66849,0,3239392,2.06,0,1.000556586843918
09-11-2022,3240298,66853,0,3240298,2.06,0,1.0002796821131867
09-12-2022,3241772,66856,0,3241772,2.06,0,1.0004548964323652
09-13-2022,3244886,66874,0,3244886,2.06,0,1.0009605857537174
09-14-2022,3247140,66882,0,3247140,2.06,0,1.000694631490906
09-15-2022,3249108,66888,0,3249108,2.06,0,1.0006060718047267
09-16-2022,3249108,66888,0,3249108,2.06,0,1.0
09-17-2022,3252363,66912,0,3252363,2.06,0,1.0010018134207912
09-18-2022,3253082,66919,0,3253082,2.06,0,1.0002210700343104
09-19-2022,3254049,66921,0,3254049,2.06,0,1.0002972565708457
09-20-2022,3256352,66937,0,3256352,2.06,0,1.0007077336573604
09-21-2022,3257997,66950,0,3257997,2.05,0,1.0005051665176246
09-22-2022,3259328,66962,0,3259328,2.05,0,1.000408533218416
09-23-2022,3260555,66968,0,3260555,2.05,0,1.00037645796925
09-24-2022,3261614,66972,0,3261614,2.05,0,1.0003247913315372
09-25-2022,3262053,66978,0,3262053,2.05,0,1.000134595939311
09-26-2022,3262909,66981,0,3262909,2.05,0,1.0002624114323098
09-27-2022,3264771,66992,0,3264771,2.05,0,1.0005706564295849
09-28-2022,3266196,67003,0,3266196,2.05,0,1.0004364777805244
09-29-2022,3267370,67016,0,3267370,2.05,0,1.0003594395437383
09-30-2022,3268562,67021,0,3268562,2.05,0,1.0003648194113308
10-01-2022,3269497,67027,0,3269497,2.05,0,1.0002860585174764
10-02-2022,3269941,67031,0,3269941,2.05,0,1.0001358007057355
10-03-2022,3270591,67034,0,3270591,2.05,0,1.0001987803449666
10-04-2022,3272010,67054,0,3272010,2.05,0,1.0004338665397172
10-05-2022,3273069,67066,0,3273069,2.05,0,1.0003236542675602
10-06-2022,3273914,67069,0,3273914,2.05,0,1.000258167487456
10-07-2022,3274607,67072,0,3274607,2.05,0,1.0002116732449295
10-08-2022,3275276,67076,0,3275276,2.05,0,1.0002042993250793
10-09-2022,3275276,67076,0,3275276,2.05,0,1.0
10-10-2022,3276020,67084,0,3276020,2.05,0,1.0002271564289544
10-11-2022,3277020,67097,0,3277020,2.05,0,1.0003052484417068
10-12-2022,3277831,67103,0,3277831,2.05,0,1.000247480943052
10-13-2022,3278510,67110,0,3278510,2.05,0,1.000207149178832
10-14-2022,3279145,67113,0,3279145,2.05,0,1.000193685546178
10-15-2022,3279623,67119,0,3279623,2.05,0,1.0001457697052127
10-16-2022,3279860,67120,0,3279860,2.05,0,1.0000722644035611
10-17-2022,3280165,67124,0,3280165,2.05,0,1.000092991774039
10-18-2022,3281047,67131,0,3281047,2.05,0,1.0002688889126004
10-19-2022,3281666,67145,0,3281666,2.05,0,1.0001886592907692
10-20-2022,3282224,67155,0,3282224,2.05,0,1.0001700355855836
10-21-2022,3282751,67161,0,3282751,2.05,0,1.000160561862932
10-22-2022,3283147,67161,0,3283147,2.05,0,1.000120630532136
10-23-2022,3283353,67163,0,3283353,2.05,0,1.0000627446775914
10-24-2022,3283658,67165,0,3283658,2.05,0,1.0000928928446013
10-25-2022,3284350,67168,0,3284350,2.05,0,1.0002107405826064
10-26-2022,3284916,67169,0,3284916,2.04,0,1.0001723324249852
10-27-2022,3285394,67174,0,3285394,2.04,0,1.0001455136143511
10-28-2022,3285833,67179,0,3285833,2.04,0,1.0001336217208652
10-29-2022,3286185,67186,0,3286185,2.04,0,1.0001071265642532
10-30-2022,3286394,67186,0,3286394,2.04,0,1.0000635995843203
10-31-2022,3286735,67186,0,3286735,2.04,0,1.000103761143673
11-01-2022,3287394,67195,0,3287394,2.04,0,1.00020050293072
11-02-2022,3287870,67198,0,3287870,2.04,0,1.0001447955432174
11-03-2022,3288315,67203,0,3288315,2.04,0,1.000135345983874
11-04-2022,3288685,67206,0,3288685,2.04,0,1.0001125196339158
11-05-2022,3288755,67211,0,3288755,2.04,0,1.0000212851033163
11-06-2022,3289184,67213,0,3289184,2.04,0,1.0001304444995143
11-07-2022,3289442,67213,0,3289442,2.04,0,1.000078438907644
11-08-2022,3290030,67217,0,3290030,2.04,0,1.000178753721756
11-09-2022,3290564,67220,0,3290564,2.04,0,1.000162308550378
11-10-2022,3290987,67224,0,3290987,2.04,0,1.0001285493915328
11-11-2022,3291348,67231,0,3291348,2.04,0,1.0001096935357083
11-12-2022,3291589,67236,0,3291589,2.04,0,1.0000732222785316
11-13-2022,3291730,67236,0,3291730,2.04,0,1.0000428364537615
11-14-2022,3291986,67237,0,3291986,2.04,0,1.000077770655552
11-15-2022,3292476,67243,0,3292476,2.04,0,1.0001488463195165
11-16-2022,3292905,67246,0,3292905,2.04,0,1.0001302970773362
11-17-2022,3293346,67249,0,3293346,2.04,0,1.0001339243008833
11-18-2022,3293742,67250,0,3293742,2.04,0,1.0001202424525089
11-19-2022,3294065,67253,0,3294065,2.04,0,1.000098064754313
11-20-2022,3294232,67253,0,3294232,2.04,0,1.000050697238822
11-21-2022,3294447,67253,0,3294447,2.04,0,1.0000652655914946
11-22-2022,3294447,67253,0,3294447,2.04,0,1.0
11-23-2022,3294447,67253,0,3294447,2.04,0,1.0
11-24-2022,3294447,67253,0,3294447,2.04,0,1.0
11-25-2022,3294447,67253,0,3294447,2.04,0,1.0
11-26-2022,3294447,67253,0,3294447,2.04,0,1.0
11-27-2022,3294447,67253,0,3294447,2.04,0,1.0
11-28-2022,3296834,67276,0,3296834,2.04,0,1.0007245525576827
11-29-2022,3296834,67276,0,3296834,2.04,0,1.0
11-30-2022,3296834,67276,0,3296834,2.04,0,1.0
12-01-2022,3296834,67276,0,3296834,2.04,0,1.0
12-02-2022,3296834,67276,0,3296834,2.04,0,1.0
12-03-2022,3296834,67276,0,3296834,2.04,0,1.0
12-04-2022,3296834,67276,0,3296834,2.04,0,1.0
12-05-2022,3298738,67289,0,3298738,2.04,0,1.0005775237697743
12-06-2022,3298738,67289,0,3298738,2.04,0,1.0
12-07-2022,3298738,67289,0,3298738,2.04,0,1.0
12-08-2022,3298738,67289,0,3298738,2.04,0,1.0
12-09-2022,3298738,67289,0,3298738,2.04,0,1.0
12-10-2022,3298738,67289,0,3298738,2.04,0,1.0
12-11-2022,3298738,67289,0,3298738,2.04,0,1.0
12-12-2022,3301662,67310,0,3301662,2.04,0,1.000886399586751
12-13-2022,3301662,67310,0,3301662,2.04,0,1.0
12-14-2022,3301662,67310,0,3301662,2.04,0,1.0
12-15-2022,3301662,67310,0,3301662,2.04,0,1.0
12-16-2022,3301662,67310,0,3301662,2.04,0,1.0
12-17-2022,3301662,67310,0,3301662,2.04,0,1.0
12-18-2022,3301662,67310,0,3301662,2.04,0,1.0
12-19-2022,3305048,67341,0,3305048,2.04,0,1.0010255441047569
12-20-2022,3305048,67341,0,3305048,2.04,0,1.0
12-21-2022,3305048,67341,0,3305048,2.04,0,1.0
12-22-2022,3305048,67341,0,3305048,2.04,0,1.0
12-23-2022,3305048,67341,0,3305048,2.04,0,1.0
12-24-2022,3305048,67341,0,3305048,2.04,0,1.0
12-25-2022,3305048,67341,0,3305048,2.04,0,1.0
12-26-2022,3308480,67374,0,3308480,2.04,0,1.0010384115450064
12-27-2022,3308480,67374,0,3308480,2.04,0,1.0
12-28-2022,3308480,67374,0,3308480,2.04,0,1.0
12-29-2022,3308480,67374,0,3308480,2.04,0,1.0
12-30-2022,3308480,67374,0,3308480,2.04,0,1.0
12-31-2022,3308480,67374,0,3308480,2.04,0,1.0
01-01-2023,3308480,67374,0,3308480,2.04,0,1.0
01-02-2023,3312085,67408,0,3312085,2.04,0,1.001089624238321
01-03-2023,3312085,67408,0,3312085,2.04,0,1.0
01-04-2023,3312085,67408,0,3312085,2.04,0,1.0
01-05-2023,3312085,67408,0,3312085,2.04,0,1.0
01-06-2023,3312085,67408,0,3312085,2.04,0,1.0
01-07-2023,3312085,67408,0,3312085,2.04,0,1.0
01-08-2023,3312085,67408,0,3312085,2.04,0,1.0
01-09-2023,3316192,67460,0,3316192,2.03,0,1.0012400044080993
01-10-2023,3316192,67460,0,3316192,2.03,0,1.0
01-11-2023,3316192,67460,0,3316192,2.03,0,1.0
01-12-2023,3316192,67460,0,3316192,2.03,0,1.0
01-13-2023,3316192,67460,0,3316192,2.03,0,1.0
01-14-2023,3316192,67460,0,3316192,2.03,0,1.0
01-15-2023,3316192,67460,0,3316192,2.03,0,1.0
01-16-2023,3319680,67504,0,3319680,2.03,0,1.0010518088216847
01-17-2023,3319680,67504,0,3319680,2.03,0,1.0
01-18-2023,3319680,67504,0,3319680,2.03,0,1.0
01-19-2023,3319680,67504,0,3319680,2.03,0,1.0
01-20-2023,3319680,67504,0,3319680,2.03,0,1.0
01-21-2023,3319680,67504,0,3319680,2.03,0,1.0
01-22-2023,3319680,67504,0,3319680,2.03,0,1.0
01-23-2023,3322648,67542,0,3322648,2.03,0,1.0008940620782727
01-24-2023,3322648,67542,0,3322648,2.03,0,1.0
01-25-2023,3322648,67542,0,3322648,2.03,0,1.0
01-26-2023,3322648,67542,0,3322648,2.03,0,1.0
01-27-2023,3322648,67542,0,3322648,2.03,0,1.0
01-28-2023,3322648,67542,0,3322648,2.03,0,1.0
01-29-2023,3322648,67542,0,3322648,2.03,0,1.0
01-30-2023,3325006,67576,0,3325006,2.03,0,1.0007096749339683
01-31-2023,3325006,67576,0,3325006,2.03,0,1.0
02-01-2023,3325006,67576,0,3325006,2.03,0,1.0
02-02-2023,3325006,67576,0,3325006,2.03,0,1.0
02-03-2023,3325006,67576,0,3325006,2.03,0,1.0
02-04-2023,3325006,67576,0,3325006,2.03,0,1.0
02-05-2023,3325006,67576,0,3325006,2.03,0,1.0
02-06-2023,3327805,67619,0,3327805,2.03,0,1.0008418029922352
02-07-2023,3327805,67619,0,3327805,2.03,0,1.0
02-08-2023,3327805,67619,0,3327805,2.03,0,1.0
02-09-2023,3327805,67619,0,3327805,2.03,0,1.0
02-10-2023,3327805,67619,0,3327805,2.03,0,1.0
02-11-2023,3327805,67619,0,3327805,2.03,0,1.0
02-12-2023,3327805,67619,0,3327805,2.03,0,1.0
02-13-2023,3331005,67650,0,3331005,2.03,0,1.0009615948049841
02-14-2023,3331005,67650,0,3331005,2.03,0,1.0
02-15-2023,3331005,67650,0,3331005,2.03,0,1.0
02-16-2023,3331005,67650,0,3331005,2.03,0,1.0
02-17-2023,3331005,67650,0,3331005,2.03,0,1.0
02-18-2023,3331005,67650,0,3331005,2.03,0,1.0
02-19-2023,3331005,67650,0,3331005,2.03,0,1.0
02-20-2023,3335131,67675,0,3335131,2.03,0,1.0012386652076475
02-21-2023,3335131,67675,0,3335131,2.03,0,1.0
02-22-2023,3335131,67675,0,3335131,2.03,0,1.0
02-23-2023,3335131,67675,0,3335131,2.03,0,1.0
02-24-2023,3335131,67675,0,3335131,2.03,0,1.0
02-25-2023,3335131,67675,0,3335131,2.03,0,1.0
02-26-2023,3335131,67675,0,3335131,2.03,0,1.0
02-27-2023,3340342,67704,0,3340342,2.03,0,1.001562457366742
02-28-2023,3340342,67704,0,3340342,2.03,0,1.0
03-01-2023,3340342,67704,0,3340342,2.03,0,1.0
03-02-2023,3340342,67704,0,3340342,2.03,0,1.0
03-03-2023,3340342,67704,0,3340342,2.03,0,1.0
03-04-2023,3340342,67704,0,3340342,2.03,0,1.0
03-05-2023,3340342,67704,0,3340342,2.03,0,1.0
03-06-2023,3346046,67736,0,3346046,2.02,0,1.001707609580097
03-07-2023,3346046,67736,0,3346046,2.02,0,1.0
03-08-2023,3346046,67736,0,3346046,2.02,0,1.0
03-09-2023,3346046,67736,0,3346046,2.02,0,1.0
