date,total_confirmed,total_deaths,total_recovered,total_infected,mortality_rate,recovery_rate,daily_growth_rate
01-01-2021,5277,86,5136,141,1.63,97.33,1
01-02-2021,5277,86,5136,141,1.63,97.33,1.0
01-03-2021,5277,86,5136,141,1.63,97.33,1.0
01-04-2021,5279,86,5143,136,1.63,97.42,1.0003790032215274
03-15-2020,1,0,0,1,0.0,0.0,1
03-16-2020,1,0,0,1,0.0,0.0,1.0
03-17-2020,1,0,0,1,0.0,0.0,1.0
03-18-2020,4,0,0,4,0.0,0.0,4.0
03-19-2020,6,0,0,6,0.0,0.0,1.5
03-20-2020,6,0,0,6,0.0,0.0,1.0
03-21-2020,6,0,0,6,0.0,0.0,1.0
03-22-2020,6,0,0,6,0.0,0.0,1.0
03-23-2020,9,0,0,9,0.0,0.0,1.5
03-24-2020,9,0,0,9,0.0,0.0,1.0
03-25-2020,9,0,0,9,0.0,0.0,1.0
03-26-2020,12,0,0,12,0.0,0.0,1.3333333333333333
03-27-2020,12,0,0,12,0.0,0.0,1.0
03-28-2020,12,0,0,12,0.0,0.0,1.0
03-29-2020,12,0,0,12,0.0,0.0,1.0
03-30-2020,12,0,0,12,0.0,0.0,1.0
03-31-2020,12,0,1,11,0.0,8.33,1.0
04-01-2020,15,0,1,14,0.0,6.67,1.25
04-02-2020,15,0,1,14,0.0,6.67,1.0
04-03-2020,16,0,1,15,0.0,6.25,1.0666666666666667
04-04-2020,16,0,1,15,0.0,6.25,1.0
04-05-2020,16,0,1,15,0.0,6.25,1.0
04-06-2020,16,0,3,13,0.0,18.75,1.0
04-07-2020,16,0,3,13,0.0,18.75,1.0
04-08-2020,18,0,3,15,0.0,16.67,1.125
04-09-2020,18,0,3,15,0.0,16.67,1.0
04-10-2020,18,0,3,15,0.0,16.67,1.0
04-11-2020,18,0,3,15,0.0,16.67,1.0
04-12-2020,21,0,3,18,0.0,14.29,1.1666666666666667
04-13-2020,21,0,4,17,0.0,19.05,1.0
04-14-2020,41,0,4,37,0.0,9.76,1.9523809523809523
04-15-2020,51,0,4,47,0.0,7.84,1.2439024390243902
04-16-2020,51,0,4,47,0.0,7.84,1.0
04-17-2020,79,0,4,75,0.0,5.06,1.5490196078431373
04-18-2020,79,0,4,75,0.0,5.06,1.0
04-19-2020,79,0,4,75,0.0,5.06,1.0
04-20-2020,79,0,7,72,0.0,8.86,1.0
04-21-2020,83,0,7,76,0.0,8.43,1.0506329113924051
04-22-2020,84,1,7,77,1.19,8.33,1.0120481927710843
04-23-2020,84,1,7,77,1.19,8.33,1.0
04-24-2020,214,1,7,207,0.47,3.27,2.5476190476190474
04-25-2020,258,1,7,251,0.39,2.71,1.205607476635514
04-26-2020,258,1,8,250,0.39,3.1,1.0
04-27-2020,258,1,9,249,0.39,3.49,1.0
04-28-2020,315,1,9,306,0.32,2.86,1.2209302325581395
04-29-2020,315,1,9,306,0.32,2.86,1.0
04-30-2020,315,1,9,306,0.32,2.86,1.0
05-01-2020,315,1,9,306,0.32,2.86,1.0
05-02-2020,315,1,9,306,0.32,2.86,1.0
05-03-2020,315,1,9,306,0.32,2.86,1.0
05-04-2020,315,3,13,302,0.95,4.13,1.0
05-05-2020,315,3,13,302,0.95,4.13,1.0
05-06-2020,439,4,13,426,0.91,2.96,1.3936507936507936
05-07-2020,439,4,13,426,0.91,2.96,1.0
05-08-2020,439,4,13,426,0.91,2.96,1.0
05-09-2020,439,4,13,426,0.91,2.96,1.0
05-10-2020,439,4,13,426,0.91,2.96,1.0
05-11-2020,439,4,13,426,0.91,2.96,1.0
05-12-2020,439,4,13,426,0.91,2.96,1.0
05-13-2020,522,6,13,509,1.15,2.49,1.1890660592255125
05-14-2020,583,7,13,570,1.2,2.23,1.1168582375478928
05-15-2020,594,7,22,572,1.18,3.7,1.0188679245283019
05-16-2020,594,7,22,572,1.18,3.7,1.0
05-17-2020,594,7,22,572,1.18,3.7,1.0
05-18-2020,719,7,22,697,0.97,3.06,1.2104377104377104
05-19-2020,825,7,22,803,0.85,2.67,1.1474269819193323
05-20-2020,890,7,22,868,0.79,2.47,1.0787878787878789
05-21-2020,903,10,22,881,1.11,2.44,1.0146067415730338
05-22-2020,960,11,165,795,1.15,17.19,1.06312292358804
05-23-2020,960,11,165,795,1.15,17.19,1.0
05-24-2020,960,11,165,795,1.15,17.19,1.0
05-25-2020,1043,12,165,878,1.15,15.82,1.0864583333333333
05-26-2020,1043,12,165,878,1.15,15.82,1.0
05-27-2020,1043,12,165,878,1.15,15.82,1.0
05-28-2020,1043,12,165,878,1.15,15.82,1.0
05-29-2020,1306,12,200,1106,0.92,15.31,1.25215723873442
05-30-2020,1306,12,200,1106,0.92,15.31,1.0
05-31-2020,1306,12,200,1106,0.92,15.31,1.0
06-01-2020,1306,12,200,1106,0.92,15.31,1.0
06-02-2020,1306,12,200,1106,0.92,15.31,1.0
06-03-2020,1306,12,200,1106,0.92,15.31,1.0
06-04-2020,1306,12,200,1106,0.92,15.31,1.0
06-05-2020,1306,12,200,1106,0.92,15.31,1.0
06-06-2020,1306,12,200,1106,0.92,15.31,1.0
06-07-2020,1306,12,200,1106,0.92,15.31,1.0
06-08-2020,1306,12,200,1106,0.92,15.31,1.0
06-09-2020,1306,12,200,1106,0.92,15.31,1.0
06-10-2020,1306,12,200,1106,0.92,15.31,1.0
06-11-2020,1306,12,200,1106,0.92,15.31,1.0
06-12-2020,1306,12,200,1106,0.92,15.31,1.0
06-13-2020,1306,12,200,1106,0.92,15.31,1.0
06-14-2020,1306,12,200,1106,0.92,15.31,1.0
06-15-2020,1306,12,200,1106,0.92,15.31,1.0
06-16-2020,1664,32,515,1149,1.92,30.95,1.2741194486983154
06-17-2020,1664,32,515,1149,1.92,30.95,1.0
06-18-2020,1664,32,515,1149,1.92,30.95,1.0
06-19-2020,1664,32,515,1149,1.92,30.95,1.0
06-20-2020,1664,32,515,1149,1.92,30.95,1.0
06-21-2020,1664,32,515,1149,1.92,30.95,1.0
06-22-2020,1664,32,515,1149,1.92,30.95,1.0
06-23-2020,1664,32,515,1149,1.92,30.95,1.0
06-24-2020,1664,32,515,1149,1.92,30.95,1.0
06-25-2020,2001,32,515,1486,1.6,25.74,1.2025240384615385
06-26-2020,2001,32,515,1486,1.6,25.74,1.0
06-27-2020,2001,32,515,1486,1.6,25.74,1.0
06-28-2020,2001,32,515,1486,1.6,25.74,1.0
06-29-2020,2001,32,515,1486,1.6,25.74,1.0
06-30-2020,2001,32,515,1486,1.6,25.74,1.0
07-01-2020,2001,32,515,1486,1.6,25.74,1.0
07-02-2020,3071,51,842,2229,1.66,27.42,1.5347326336831584
07-03-2020,3071,51,842,2229,1.66,27.42,1.0
07-04-2020,3071,51,842,2229,1.66,27.42,1.0
07-05-2020,3071,51,842,2229,1.66,27.42,1.0
07-06-2020,3071,51,842,2229,1.66,27.42,1.0
07-07-2020,3071,51,842,2229,1.66,27.42,1.0
07-08-2020,3071,51,842,2229,1.66,27.42,1.0
07-09-2020,3071,51,842,2229,1.66,27.42,1.0
07-10-2020,3071,51,842,2229,1.66,27.42,1.0
07-11-2020,3071,51,842,2229,1.66,27.42,1.0
07-12-2020,3071,51,842,2229,1.66,27.42,1.0
07-13-2020,3071,51,842,2229,1.66,27.42,1.0
07-14-2020,3071,51,842,2229,1.66,27.42,1.0
07-15-2020,3071,51,842,2229,1.66,27.42,1.0
07-16-2020,3071,51,842,2229,1.66,27.42,1.0
07-17-2020,3071,51,842,2229,1.66,27.42,1.0
07-18-2020,3071,51,842,2229,1.66,27.42,1.0
07-19-2020,3071,51,842,2229,1.66,27.42,1.0
07-20-2020,3071,51,842,2229,1.66,27.42,1.0
07-21-2020,3071,51,842,2229,1.66,27.42,1.0
07-22-2020,3071,51,842,2229,1.66,27.42,1.0
07-23-2020,3071,51,842,2229,1.66,27.42,1.0
07-24-2020,3071,51,842,2229,1.66,27.42,1.0
07-25-2020,3071,51,842,2229,1.66,27.42,1.0
07-26-2020,3071,51,842,2229,1.66,27.42,1.0
07-27-2020,3071,51,842,2229,1.66,27.42,1.0
07-28-2020,3071,51,842,2229,1.66,27.42,1.0
07-29-2020,3071,51,842,2229,1.66,27.42,1.0
07-30-2020,3071,51,842,2229,1.66,27.42,1.0
07-31-2020,4821,83,2182,2639,1.72,45.26,1.569846955389124
08-01-2020,4821,83,2182,2639,1.72,45.26,1.0
08-02-2020,4821,83,2182,2639,1.72,45.26,1.0
08-03-2020,4821,83,2182,2639,1.72,45.26,1.0
08-04-2020,4821,83,2182,2639,1.72,45.26,1.0
08-05-2020,4821,83,2182,2639,1.72,45.26,1.0
08-06-2020,4821,83,2182,2639,1.72,45.26,1.0
08-07-2020,4821,83,2182,2639,1.72,45.26,1.0
08-08-2020,4821,83,2182,2639,1.72,45.26,1.0
08-09-2020,4821,83,2182,2639,1.72,45.26,1.0
08-10-2020,4821,83,2182,2639,1.72,45.26,1.0
08-11-2020,4821,83,2182,2639,1.72,45.26,1.0
08-12-2020,4821,83,2182,2639,1.72,45.26,1.0
08-13-2020,4821,83,2182,2639,1.72,45.26,1.0
08-14-2020,4821,83,2182,2639,1.72,45.26,1.0
08-15-2020,4821,83,2182,2639,1.72,45.26,1.0
08-16-2020,4821,83,2182,2639,1.72,45.26,1.0
08-17-2020,4821,83,2182,2639,1.72,45.26,1.0
08-18-2020,4821,83,2182,2639,1.72,45.26,1.0
08-19-2020,4892,83,2713,2179,1.7,55.46,1.0147272350134826
08-20-2020,4892,83,2713,2179,1.7,55.46,1.0
08-21-2020,4926,83,2713,2213,1.68,55.08,1.0069501226492232
08-22-2020,4926,83,3795,1131,1.68,77.04,1.0
08-23-2020,4926,83,3795,1131,1.68,77.04,1.0
08-24-2020,4926,83,3795,1131,1.68,77.04,1.0
08-25-2020,4926,83,3795,1131,1.68,77.04,1.0
08-26-2020,4928,83,3798,1130,1.68,77.07,1.0004060089321964
08-27-2020,4928,83,3798,1130,1.68,77.07,1.0
08-28-2020,4941,83,3884,1057,1.68,78.61,1.0026379870129871
08-29-2020,4941,83,3884,1057,1.68,78.61,1.0
08-30-2020,4941,83,3884,1057,1.68,78.61,1.0
08-31-2020,4941,83,3884,1057,1.68,78.61,1.0
09-01-2020,4965,83,3884,1081,1.67,78.23,1.0048573163327261
09-02-2020,4965,83,4390,575,1.67,88.42,1.0
09-03-2020,4965,83,4390,575,1.67,88.42,1.0
09-04-2020,4972,83,4413,559,1.67,88.76,1.001409869083585
09-05-2020,4972,83,4413,559,1.67,88.76,1.0
09-06-2020,4972,83,4413,559,1.67,88.76,1.0
09-07-2020,4985,83,4454,531,1.66,89.35,1.002614641995173
09-08-2020,4985,83,4454,531,1.66,89.35,1.0
09-09-2020,4990,83,4479,511,1.66,89.76,1.0010030090270812
09-10-2020,4990,83,4479,511,1.66,89.76,1.0
09-11-2020,4996,83,4490,506,1.66,89.87,1.0012024048096193
09-12-2020,4996,83,4490,506,1.66,89.87,1.0
09-13-2020,4996,83,4490,506,1.66,89.87,1.0
09-14-2020,5000,83,4496,504,1.66,89.92,1.00080064051241
09-15-2020,5000,83,4496,504,1.66,89.92,1.0
09-16-2020,5000,83,4496,504,1.66,89.92,1.0
09-17-2020,5002,83,4509,493,1.66,90.14,1.0004
09-18-2020,5002,83,4509,493,1.66,90.14,1.0
09-19-2020,5002,83,4509,493,1.66,90.14,1.0
09-20-2020,5002,83,4509,493,1.66,90.14,1.0
09-21-2020,5002,83,4509,493,1.66,90.14,1.0
09-22-2020,5018,83,4509,509,1.65,89.86,1.0031987205117954
09-23-2020,5018,83,4509,509,1.65,89.86,1.0
09-24-2020,5018,83,4530,488,1.65,90.28,1.0
09-25-2020,5018,83,4530,488,1.65,90.28,1.0
09-26-2020,5028,83,4740,288,1.65,94.27,1.0019928258270228
09-27-2020,5028,83,4740,288,1.65,94.27,1.0
09-28-2020,5028,83,4740,288,1.65,94.27,1.0
09-29-2020,5030,83,4769,261,1.65,94.81,1.0003977724741449
09-30-2020,5030,83,4769,261,1.65,94.81,1.0
10-01-2020,5045,83,4879,166,1.65,96.71,1.002982107355865
10-02-2020,5045,83,4879,166,1.65,96.71,1.0
10-03-2020,5045,83,4879,166,1.65,96.71,1.0
10-04-2020,5045,83,4879,166,1.65,96.71,1.0
10-05-2020,5045,83,4879,166,1.65,96.71,1.0
10-06-2020,5052,83,4894,158,1.64,96.87,1.0013875123885034
10-07-2020,5052,83,4894,158,1.64,96.87,1.0
10-08-2020,5062,83,4894,168,1.64,96.68,1.0019794140934284
10-09-2020,5063,83,4894,169,1.64,96.66,1.0001975503753457
10-10-2020,5063,83,4894,169,1.64,96.66,1.0
10-11-2020,5063,83,4894,169,1.64,96.66,1.0
10-12-2020,5066,83,4954,112,1.64,97.79,1.0005925340707091
10-13-2020,5066,83,4954,112,1.64,97.79,1.0
10-14-2020,5068,83,4954,114,1.64,97.75,1.0003947887879985
10-15-2020,5068,83,4954,114,1.64,97.75,1.0
10-16-2020,5068,83,4954,114,1.64,97.75,1.0
10-17-2020,5070,83,4954,116,1.64,97.71,1.000394632991318
10-18-2020,5070,83,4954,116,1.64,97.71,1.0
10-19-2020,5070,83,4954,116,1.64,97.71,1.0
10-20-2020,5074,83,4954,120,1.64,97.64,1.0007889546351085
10-21-2020,5074,83,4954,120,1.64,97.64,1.0
10-22-2020,5074,83,4961,113,1.64,97.77,1.0
10-23-2020,5074,83,4961,113,1.64,97.77,1.0
10-24-2020,5079,83,4962,117,1.63,97.7,1.0009854158454867
10-25-2020,5079,83,4962,117,1.63,97.7,1.0
10-26-2020,5079,83,4962,117,1.63,97.7,1.0
10-27-2020,5083,83,4964,119,1.63,97.66,1.000787556605631
10-28-2020,5083,83,4964,119,1.63,97.66,1.0
10-29-2020,5083,83,4964,119,1.63,97.66,1.0
10-30-2020,5083,83,4964,119,1.63,97.66,1.0
10-31-2020,5088,83,4965,123,1.63,97.58,1.0009836710603974
11-01-2020,5088,83,4965,123,1.63,97.58,1.0
11-02-2020,5089,83,4965,124,1.63,97.56,1.0001965408805031
11-03-2020,5089,83,4965,124,1.63,97.56,1.0
11-04-2020,5089,83,4965,124,1.63,97.56,1.0
11-05-2020,5092,85,4968,124,1.67,97.56,1.000589506779328
11-06-2020,5092,85,4968,124,1.67,97.56,1.0
11-07-2020,5092,85,4968,124,1.67,97.56,1.0
11-08-2020,5092,85,4968,124,1.67,97.56,1.0
11-09-2020,5092,85,4968,124,1.67,97.56,1.0
11-10-2020,5102,85,4971,131,1.67,97.43,1.0019638648860958
11-11-2020,5102,85,4971,131,1.67,97.43,1.0
11-12-2020,5104,85,4973,131,1.67,97.43,1.0003920031360252
11-13-2020,5104,85,4973,131,1.67,97.43,1.0
11-14-2020,5104,85,4973,131,1.67,97.43,1.0
11-15-2020,5104,85,4973,131,1.67,97.43,1.0
11-16-2020,5104,85,4973,131,1.67,97.43,1.0
11-17-2020,5121,85,4975,146,1.66,97.15,1.0033307210031348
11-18-2020,5121,85,4975,146,1.66,97.15,1.0
11-19-2020,5121,85,4975,146,1.66,97.15,1.0
11-20-2020,5121,85,4975,146,1.66,97.15,1.0
11-21-2020,5130,85,4975,155,1.66,96.98,1.0017574692442883
11-22-2020,5130,85,4975,155,1.66,96.98,1.0
11-23-2020,5137,85,5005,132,1.65,97.43,1.001364522417154
11-24-2020,5137,85,5005,132,1.65,97.43,1.0
11-25-2020,5137,85,5005,132,1.65,97.43,1.0
11-26-2020,5146,85,5005,141,1.65,97.26,1.0017519953280125
11-27-2020,5146,85,5005,141,1.65,97.26,1.0
11-28-2020,5153,85,5009,144,1.65,97.21,1.0013602798289933
11-29-2020,5153,85,5009,144,1.65,97.21,1.0
11-30-2020,5153,85,5009,144,1.65,97.21,1.0
12-01-2020,5156,85,5009,147,1.65,97.15,1.0005821851348728
12-02-2020,5156,85,5009,147,1.65,97.15,1.0
12-03-2020,5159,85,5023,136,1.65,97.36,1.0005818463925524
12-04-2020,5159,85,5023,136,1.65,97.36,1.0
12-05-2020,5159,85,5023,136,1.65,97.36,1.0
12-06-2020,5159,85,5023,136,1.65,97.36,1.0
12-07-2020,5166,85,5036,130,1.65,97.48,1.0013568521031209
12-08-2020,5166,85,5036,130,1.65,97.48,1.0
12-09-2020,5183,85,5048,135,1.64,97.4,1.0032907471931862
12-10-2020,5183,85,5048,135,1.64,97.4,1.0
12-11-2020,5183,85,5048,135,1.64,97.4,1.0
12-12-2020,5185,85,5058,127,1.64,97.55,1.0003858769052671
12-13-2020,5185,85,5058,127,1.64,97.55,1.0
12-14-2020,5185,85,5058,127,1.64,97.55,1.0
12-15-2020,5195,85,5061,134,1.64,97.42,1.0019286403085825
12-16-2020,5195,85,5061,134,1.64,97.42,1.0
12-17-2020,5214,85,5064,150,1.63,97.12,1.0036573628488932
12-18-2020,5214,85,5064,150,1.63,97.12,1.0
12-19-2020,5214,85,5064,150,1.63,97.12,1.0
12-20-2020,5214,85,5064,150,1.63,97.12,1.0
12-21-2020,5231,85,5077,154,1.62,97.06,1.0032604526275413
12-22-2020,5231,85,5077,154,1.62,97.06,1.0
12-23-2020,5236,85,5078,158,1.62,96.98,1.0009558401835212
12-24-2020,5236,85,5078,158,1.62,96.98,1.0
12-25-2020,5236,85,5078,158,1.62,96.98,1.0
12-26-2020,5236,85,5078,158,1.62,96.98,1.0
12-27-2020,5248,86,5097,151,1.64,97.12,1.0022918258212377
12-28-2020,5248,86,5097,151,1.64,97.12,1.0
12-29-2020,5248,86,5097,151,1.64,97.12,1.0
12-30-2020,5264,86,5123,141,1.63,97.32,1.0030487804878048
12-31-2020,5277,86,5136,141,1.63,97.33,1.0024696048632218
