date,total_confirmed,total_deaths,total_recovered,total_infected,mortality_rate,recovery_rate,daily_growth_rate
03-02-2020,1,0,0,1,0,0,1
03-03-2020,1,0,0,1,0,0,1.0
03-04-2020,1,0,0,1,0,0,1.0
03-05-2020,5,0,0,5,0,0,5.0
03-06-2020,5,0,0,5,0,0,1.0
03-07-2020,5,0,0,5,0,0,1.0
03-08-2020,11,0,0,11,0,0,2.2
03-09-2020,15,0,0,15,0,0,1.3636363636363638
03-10-2020,20,0,1,19,0,5.0,1.3333333333333333
03-11-2020,21,0,1,20,0,4.76,1.05
03-12-2020,45,0,1,44,0,2.22,2.142857142857143
03-13-2020,86,0,1,85,0,1.16,1.911111111111111
03-14-2020,103,0,1,102,0,0.97,1.197674418604651
03-15-2020,103,0,1,102,0,0.97,1.0
03-16-2020,118,0,2,116,0,1.69,1.145631067961165
03-17-2020,171,0,6,165,0,3.51,1.4491525423728815
03-18-2020,171,0,6,165,0,3.51,1.0
03-19-2020,274,0,6,268,0,2.19,1.6023391812865497
03-20-2020,344,0,8,336,0,2.33,1.2554744525547445
03-21-2020,392,0,16,376,0,4.08,1.1395348837209303
03-22-2020,511,0,17,494,0,3.33,1.3035714285714286
03-23-2020,562,0,19,543,0,3.38,1.0998043052837574
03-24-2020,767,1,28,739,0.13,3.65,1.3647686832740213
03-25-2020,900,2,29,871,0.22,3.22,1.1734028683181226
03-26-2020,1012,3,33,979,0.3,3.26,1.1244444444444444
03-27-2020,1104,3,35,1069,0.27,3.17,1.0909090909090908
03-28-2020,1203,4,37,1166,0.33,3.08,1.0896739130434783
03-29-2020,1299,8,66,1233,0.62,5.08,1.0798004987531171
03-30-2020,1453,8,115,1338,0.55,7.91,1.1185527328714395
03-31-2020,1563,10,165,1398,0.64,10.56,1.075705437026841
04-01-2020,1720,16,264,1456,0.93,15.35,1.1004478566858604
04-02-2020,1885,21,328,1557,1.11,17.4,1.0959302325581395
04-03-2020,2039,25,351,1688,1.23,17.21,1.0816976127320954
04-04-2020,2179,29,420,1759,1.33,19.27,1.0686611083864639
04-05-2020,2402,34,488,1914,1.42,20.32,1.1023405231757688
04-06-2020,2605,38,551,2054,1.46,21.15,1.0845129059117402
04-07-2020,2795,41,615,2180,1.47,22.0,1.072936660268714
04-08-2020,2932,41,631,2301,1.4,21.52,1.049016100178891
04-09-2020,3287,44,666,2621,1.34,20.26,1.1210777626193724
04-10-2020,3651,47,685,2966,1.29,18.76,1.1107392759355035
04-11-2020,4033,52,720,3313,1.29,17.85,1.1046288688030677
04-12-2020,4462,59,761,3701,1.32,17.06,1.1063724274733449
04-13-2020,4934,65,805,4129,1.32,16.32,1.1057821604661586
04-14-2020,5369,73,889,4480,1.36,16.56,1.0881637616538307
04-15-2020,5862,79,931,4931,1.35,15.88,1.0918234308064816
04-16-2020,6380,83,990,5390,1.3,15.52,1.0883657454793585
04-17-2020,7142,87,1049,6093,1.22,14.69,1.119435736677116
04-18-2020,8274,92,1329,6945,1.11,16.06,1.158499019882386
04-19-2020,9362,97,1398,7964,1.04,14.93,1.1314962533236645
04-20-2020,10484,103,1490,8994,0.98,14.21,1.119846186712241
04-21-2020,11631,109,1640,9991,0.94,14.1,1.1094048073254483
04-22-2020,12772,114,1812,10960,0.89,14.19,1.098099905425157
04-23-2020,13930,121,1925,12005,0.87,13.82,1.0906670842467898
04-24-2020,15102,127,2049,13053,0.84,13.57,1.08413496051687
04-25-2020,16299,136,2215,14084,0.83,13.59,1.0792610250297974
04-26-2020,17522,139,2357,15165,0.79,13.45,1.0750352782379287
04-27-2020,18811,144,2531,16280,0.77,13.45,1.073564661568314
04-28-2020,20077,152,2784,17293,0.76,13.87,1.067301047259582
04-29-2020,21402,157,2953,18449,0.73,13.8,1.0659959157244607
04-30-2020,22753,162,3163,19590,0.71,13.9,1.0631249415942436
05-01-2020,24097,169,3555,20542,0.7,14.75,1.0590691337406057
05-02-2020,25459,176,3765,21694,0.69,14.79,1.0565215587002532
05-03-2020,27011,184,4134,22877,0.68,15.3,1.060960760438352
05-04-2020,28656,191,4476,24180,0.67,15.62,1.060901114360816
05-05-2020,30251,200,5431,24820,0.66,17.95,1.0556602456728086
05-06-2020,31938,209,6783,25155,0.65,21.24,1.0557667515123468
05-07-2020,33731,219,7798,25933,0.65,23.12,1.0561400212912517
05-08-2020,35432,229,9120,26312,0.65,25.74,1.0504283893154664
05-09-2020,37136,239,10144,26992,0.64,27.32,1.048092120117408
05-10-2020,39048,246,11457,27591,0.63,29.34,1.0514864282636796
05-11-2020,41014,255,12737,28277,0.62,31.06,1.0503482892849827
05-12-2020,42925,264,15257,27668,0.62,35.54,1.0465938460038036
05-13-2020,44830,273,17622,27208,0.61,39.31,1.044379732090856
05-14-2020,46869,283,19051,27818,0.6,40.65,1.0454829355342405
05-15-2020,49176,292,21869,27307,0.59,44.47,1.049222300454458
05-16-2020,52016,302,23666,28350,0.58,45.5,1.0577517488205628
05-17-2020,54752,312,25722,29030,0.57,46.98,1.0525992002460782
05-18-2020,57345,320,28748,28597,0.56,50.13,1.0473590005844535
05-19-2020,59854,329,31634,28220,0.55,52.85,1.0437527247362455
05-20-2020,62545,339,33478,29067,0.54,53.53,1.04495940120961
05-21-2020,65077,351,36040,29037,0.54,55.38,1.0404828523463105
05-22-2020,67719,364,39003,28716,0.54,57.6,1.0405980607587935
05-23-2020,70161,379,41236,28925,0.54,58.77,1.0360607805785673
05-24-2020,72560,390,43520,29040,0.54,59.98,1.034192785165548
05-25-2020,74795,399,45668,29127,0.53,61.06,1.0308020948180816
05-26-2020,76726,411,48450,28276,0.54,63.15,1.025817233772311
05-27-2020,78541,425,51022,27519,0.54,64.96,1.0236556056617052
05-28-2020,80185,441,54553,25632,0.55,68.03,1.0209317426567015
05-29-2020,81766,458,57013,24753,0.56,69.73,1.0197169046579784
05-30-2020,83384,480,58883,24501,0.58,70.62,1.0197881760144802
05-31-2020,85261,503,62442,22819,0.59,73.24,1.0225103137292526
06-01-2020,87142,525,64306,22836,0.6,73.79,1.0220616694620048
06-02-2020,89011,549,65790,23221,0.62,73.91,1.021447751945101
06-03-2020,91182,579,68159,23023,0.63,74.75,1.024390243902439
06-04-2020,93157,611,68965,24192,0.66,74.03,1.0216599767497971
06-05-2020,95748,642,70616,25132,0.67,73.75,1.0278132614833024
06-06-2020,98869,676,71791,27078,0.68,72.61,1.032595981117099
06-07-2020,101914,712,72817,29097,0.7,71.45,1.0307983291021452
06-08-2020,105283,746,74524,30759,0.71,70.78,1.0330572835920482
06-09-2020,108571,783,76339,32232,0.72,70.31,1.0312301131236763
06-10-2020,112288,819,77954,34334,0.73,69.42,1.0342356614565584
06-11-2020,116021,857,80019,36002,0.74,68.97,1.0332448703334283
06-12-2020,119942,893,81029,38913,0.74,67.56,1.0337956059678852
06-13-2020,123308,932,82548,40760,0.76,66.94,1.0280635640559603
06-14-2020,127541,972,84720,42821,0.76,66.43,1.034328672916599
06-15-2020,132048,1011,87890,44158,0.77,66.56,1.0353376561262653
06-16-2020,136315,1052,89540,46775,0.77,65.69,1.0323140070277474
06-17-2020,141234,1091,91662,49572,0.77,64.9,1.0360855371749258
06-18-2020,145991,1139,93915,52076,0.78,64.33,1.0336816913774303
06-19-2020,150292,1184,95764,54528,0.79,63.72,1.029460720181381
06-20-2020,154233,1230,98917,55316,0.8,64.13,1.02622228728076
06-21-2020,157612,1267,101130,56482,0.8,64.16,1.0219084112997867
06-22-2020,161005,1307,105175,55830,0.81,65.32,1.0215275486638073
06-23-2020,164144,1346,109885,54259,0.82,66.94,1.0194962889351262
06-24-2020,167267,1387,112797,54470,0.83,67.44,1.0190259771907593
06-25-2020,170639,1428,117882,52757,0.84,69.08,1.020159385892017
06-26-2020,174577,1474,120471,54106,0.84,69.01,1.0230779599036564
06-27-2020,178504,1511,122128,56376,0.85,68.42,1.0224943721108737
06-28-2020,182493,1551,124755,57738,0.85,68.36,1.0223468381660916
06-29-2020,186436,1599,127118,59318,0.86,68.18,1.0216063081871634
06-30-2020,190823,1649,130766,60057,0.86,68.53,1.0235308631380207
07-01-2020,194225,1698,132760,61465,0.87,68.35,1.017828039596904
07-02-2020,197608,1752,137669,59939,0.89,69.67,1.017417943107221
07-03-2020,201801,1802,140614,61187,0.89,69.68,1.0212187765677503
07-04-2020,205929,1858,143256,62673,0.9,69.57,1.0204557955609734
07-05-2020,209509,1916,145236,64273,0.91,69.32,1.0173846325675353
07-06-2020,213716,1968,149634,64082,0.92,70.02,1.020080282947272
07-07-2020,217108,2017,154839,62269,0.93,71.32,1.0158715304422692
07-08-2020,220144,2059,158050,62094,0.94,71.79,1.0139838237190706
07-09-2020,223327,2100,161096,62231,0.94,72.13,1.0144587179300821
07-10-2020,226486,2151,163026,63460,0.95,71.98,1.0141451772512953
07-11-2020,229480,2181,165396,64084,0.95,72.07,1.0132193601370505
07-12-2020,232259,2223,167138,65121,0.96,71.96,1.012109987798501
07-13-2020,235111,2243,169842,65269,0.95,72.24,1.0122793949857702
07-14-2020,237803,2283,177560,60243,0.96,74.67,1.0114499108931525
07-15-2020,240474,2325,183048,57426,0.97,76.12,1.011231986139788
07-16-2020,243238,2370,187622,55616,0.97,77.14,1.0114939660836515
07-17-2020,245851,2407,191161,54690,0.98,77.75,1.0107425648952877
07-18-2020,248416,2447,194218,54198,0.99,78.18,1.0104331485330547
07-19-2020,250920,2486,197735,53185,0.99,78.8,1.0100798660311736
07-20-2020,253349,2523,203259,50090,1.0,80.23,1.0096803762155269
07-21-2020,255825,2557,207259,48566,1.0,81.02,1.0097730798226952
07-22-2020,258156,2601,210398,47758,1.01,81.5,1.0091116974494283
07-23-2020,260394,2635,213490,46904,1.01,81.99,1.0086691767768325
07-24-2020,262772,2672,215731,47041,1.02,82.1,1.0091323148766869
07-25-2020,264973,2703,217782,47191,1.02,82.19,1.008376082687653
07-26-2020,266941,2733,220323,46618,1.02,82.54,1.0074271718250538
07-27-2020,268934,2760,222936,45998,1.03,82.9,1.007466069281227
07-28-2020,270831,2789,225624,45207,1.03,83.31,1.0070537752757183
07-29-2020,272590,2816,228569,44021,1.03,83.85,1.0064948251861863
07-30-2020,274219,2842,231198,43021,1.04,84.31,1.0059760079239883
07-31-2020,275905,2866,235658,40247,1.04,85.41,1.006148370463024
08-01-2020,277478,2887,237548,39930,1.04,85.61,1.005701237744876
08-02-2020,278835,2917,240081,38754,1.05,86.1,1.0048904778036456
08-03-2020,280093,2949,242055,38038,1.05,86.42,1.0045116287410116
08-04-2020,281456,2984,243713,37743,1.06,86.59,1.0048662408557159
08-05-2020,282824,3020,245314,37510,1.07,86.74,1.0048604399977261
08-06-2020,284226,3055,247089,37137,1.07,86.93,1.0049571464939326
08-07-2020,285793,3093,248948,36845,1.08,87.11,1.0055132183544082
08-08-2020,287262,3130,250440,36822,1.09,87.18,1.0051400839068836
08-09-2020,288690,3167,252039,36651,1.1,87.3,1.0049710717045763
08-10-2020,289947,3199,253478,36469,1.1,87.42,1.0043541515120025
08-11-2020,291468,3233,255118,36350,1.11,87.53,1.0052457862988753
08-12-2020,293037,3269,257269,35768,1.12,87.79,1.0053830952282927
08-13-2020,294519,3303,260393,34126,1.12,88.41,1.0050573818323283
08-14-2020,295902,3338,262959,32943,1.13,88.87,1.0046957921220703
08-15-2020,297315,3369,264487,32828,1.13,88.96,1.0047752296368393
08-16-2020,298542,3408,266953,31589,1.14,89.42,1.0041269360778973
08-17-2020,299914,3436,268385,31529,1.15,89.49,1.0045956682811799
08-18-2020,301323,3470,272911,28412,1.15,90.57,1.0046980134305168
08-19-2020,302686,3506,274091,28595,1.16,90.55,1.0045233852045812
08-20-2020,303973,3548,275476,28497,1.17,90.63,1.0042519310440523
08-21-2020,305186,3580,277067,28119,1.17,90.79,1.0039904859971116
08-22-2020,306370,3619,278441,27929,1.18,90.88,1.0038796012923266
08-23-2020,307479,3649,280143,27336,1.19,91.11,1.003619806116787
08-24-2020,308654,3691,282888,25766,1.2,91.65,1.003821399184985
08-25-2020,309768,3722,283932,25836,1.2,91.66,1.0036092193848127
08-26-2020,310836,3755,284945,25891,1.21,91.67,1.003447741535601
08-27-2020,311855,3785,286255,25600,1.21,91.79,1.0032782560578568
08-28-2020,312924,3813,287403,25521,1.22,91.84,1.0034278751342771
08-29-2020,313911,3840,288441,25470,1.22,91.89,1.0031541204893202
08-30-2020,314821,3870,289667,25154,1.23,92.01,1.0028989108377853
08-31-2020,315772,3897,290796,24976,1.23,92.09,1.0030207641802802
09-01-2020,316670,3929,291514,25156,1.24,92.06,1.0028438240249293
09-02-2020,317486,3956,292510,24976,1.25,92.13,1.002576814980895
09-03-2020,318319,3982,293964,24355,1.25,92.35,1.0026237377396168
09-04-2020,319141,4015,295063,24078,1.26,92.46,1.0025823152246645
09-05-2020,319932,4049,295842,24090,1.27,92.47,1.0024785282994038
09-06-2020,320688,4081,296737,23951,1.27,92.53,1.0023630021379544
09-07-2020,321456,4107,297623,23833,1.28,92.59,1.002394851070199
09-08-2020,322237,4137,298246,23991,1.28,92.55,1.0024295704544324
09-09-2020,323012,4165,298966,24046,1.29,92.56,1.0024050621126686
09-10-2020,323720,4189,299998,23722,1.29,92.67,1.0021918690327294
09-11-2020,324407,4213,300933,23474,1.3,92.76,1.0021222043741504
09-12-2020,325050,4240,301836,23214,1.3,92.86,1.001982078068599
09-13-2020,325651,4268,302870,22781,1.31,93.0,1.0018489463159514
09-14-2020,326258,4305,303930,22328,1.32,93.16,1.0018639586551246
09-15-2020,326930,4338,305022,21908,1.33,93.3,1.002059719608408
09-16-2020,327551,4369,306004,21547,1.33,93.42,1.0018994891872879
09-17-2020,328144,4399,307207,20937,1.34,93.62,1.0018104050972214
09-18-2020,328720,4430,308352,20368,1.35,93.8,1.0017553269296406
09-19-2020,329271,4458,309430,19841,1.35,93.97,1.0016761985884644
09-20-2020,329754,4485,310439,19315,1.36,94.14,1.0014668768279016
09-21-2020,330246,4512,311499,18747,1.37,94.32,1.0014920213249878
09-22-2020,330798,4542,312684,18114,1.37,94.52,1.0016714812594247
09-23-2020,331359,4569,313786,17573,1.38,94.7,1.0016958990078537
09-24-2020,331857,4599,314793,17064,1.39,94.86,1.0015029016866903
09-25-2020,332329,4625,315636,16693,1.39,94.98,1.0014222993638826
09-26-2020,332790,4655,316405,16385,1.4,95.08,1.0013871795720506
09-27-2020,333193,4683,317005,16188,1.41,95.14,1.0012109738874366
09-28-2020,333648,4712,317846,15802,1.41,95.26,1.0013655749070358
09-29-2020,334187,4739,318542,15645,1.42,95.32,1.001615474991608
09-30-2020,334605,4768,319154,15451,1.42,95.38,1.0012507967096267
10-01-2020,335097,4794,319746,15351,1.43,95.42,1.0014703904603937
10-02-2020,335578,4823,320348,15230,1.44,95.46,1.0014354052707126
10-03-2020,335997,4850,320974,15023,1.44,95.53,1.0012485919815959
10-04-2020,336387,4875,321485,14902,1.45,95.57,1.0011607246493273
10-05-2020,336766,4898,322055,14711,1.45,95.63,1.0011266784982773
10-06-2020,337243,4923,322612,14631,1.46,95.66,1.0014164137709864
10-07-2020,337711,4947,323208,14503,1.46,95.71,1.0013877233923314
10-08-2020,338132,4972,323769,14363,1.47,95.75,1.001246628034029
10-09-2020,338539,4996,324282,14257,1.48,95.79,1.0012036719387696
10-10-2020,338944,5018,324737,14207,1.48,95.81,1.0011963171156055
10-11-2020,339267,5043,325330,13937,1.49,95.89,1.0009529597809668
10-12-2020,339615,5068,325839,13776,1.49,95.94,1.0010257407882288
10-13-2020,340089,5087,326339,13750,1.5,95.96,1.0013956980698733
10-14-2020,340590,5108,326820,13770,1.5,95.96,1.0014731437947126
10-15-2020,341062,5127,327327,13735,1.5,95.97,1.0013858304706538
10-16-2020,341495,5144,327795,13700,1.51,95.99,1.0012695638916091
10-17-2020,341854,5165,328165,13689,1.51,96.0,1.0010512599013164
10-18-2020,342202,5185,328538,13664,1.52,96.01,1.0010179784352384
10-19-2020,342583,5201,328895,13688,1.52,96.0,1.001113377478799
10-20-2020,342968,5217,329270,13698,1.52,96.01,1.0011238152506108
10-21-2020,343373,5235,329715,13658,1.52,96.02,1.0011808681859533
10-22-2020,343774,5250,330181,13593,1.53,96.05,1.0011678262414343
10-23-2020,344157,5264,330578,13579,1.53,96.05,1.001114104033464
10-24-2020,344552,5281,330995,13557,1.53,96.07,1.0011477319944095
10-25-2020,344875,5296,331330,13545,1.54,96.07,1.000937449209408
10-26-2020,345232,5313,331691,13541,1.54,96.08,1.001035157665821
10-27-2020,345631,5329,332117,13514,1.54,96.09,1.0011557445428
10-28-2020,346047,5348,332550,13497,1.55,96.1,1.00120359574228
10-29-2020,346482,5363,333005,13477,1.55,96.11,1.001257054677544
10-30-2020,346880,5383,333409,13471,1.55,96.12,1.0011486888207757
10-31-2020,347282,5402,333842,13440,1.56,96.13,1.0011589022140222
11-01-2020,347656,5420,334236,13420,1.56,96.14,1.0010769345949402
11-02-2020,348037,5437,334672,13365,1.56,96.16,1.0010959109004303
11-03-2020,348510,5456,335153,13357,1.57,96.17,1.0013590509055073
11-04-2020,348936,5471,335594,13342,1.57,96.18,1.0012223465610743
11-05-2020,349386,5489,336068,13318,1.57,96.19,1.0012896347754316
11-06-2020,349822,5506,336533,13289,1.57,96.2,1.0012479034649355
11-07-2020,350229,5525,336966,13263,1.58,96.21,1.0011634488396957
11-08-2020,350592,5540,337386,13206,1.58,96.23,1.0010364647130878
11-09-2020,350984,5559,337788,13196,1.58,96.24,1.0011181087988317
11-10-2020,351455,5576,338281,13174,1.59,96.25,1.0013419415130034
11-11-2020,351849,5590,338702,13147,1.59,96.26,1.0011210539044828
11-12-2020,352160,5605,339114,13046,1.59,96.3,1.0008839019010995
11-13-2020,352601,5625,339568,13033,1.6,96.3,1.0012522716946843
11-14-2020,352950,5641,339947,13003,1.6,96.32,1.0009897873233484
11-15-2020,353255,5657,340304,12951,1.6,96.33,1.00086414506304
11-16-2020,353556,5676,340668,12888,1.61,96.35,1.0008520756960269
11-17-2020,353918,5692,341104,12814,1.61,96.38,1.001023883062372
11-18-2020,354208,5710,341515,12693,1.61,96.42,1.0008193988438
11-19-2020,354527,5729,341956,12571,1.62,96.45,1.0009006007769445
11-20-2020,354813,5745,342404,12409,1.62,96.5,1.0008067086568866
11-21-2020,355034,5761,342882,12152,1.62,96.58,1.0006228633110963
11-22-2020,355258,5780,343371,11887,1.63,96.65,1.0006309254888264
11-23-2020,355489,5796,343816,11673,1.63,96.72,1.0006502316626227
11-24-2020,355741,5811,344311,11430,1.63,96.79,1.0007088826939792
11-25-2020,356067,5825,344787,11280,1.64,96.83,1.000916397041668
11-26-2020,356389,5840,345215,11174,1.64,96.86,1.0009043241861784
11-27-2020,356691,5857,345622,11069,1.64,96.9,1.0008473886680005
11-28-2020,356911,5870,346023,10888,1.64,96.95,1.0006167803504995
11-29-2020,357128,5884,346409,10719,1.65,97.0,1.0006079947101658
11-30-2020,357360,5896,346802,10558,1.65,97.05,1.0006496270244842
12-01-2020,357623,5907,347176,10447,1.65,97.08,1.0007359525408552
12-02-2020,357872,5919,347513,10359,1.65,97.11,1.0006962639427555
12-03-2020,358102,5930,347881,10221,1.66,97.15,1.000642687888407
12-04-2020,358336,5940,348238,10098,1.66,97.18,1.0006534451078184
12-05-2020,358526,5954,348562,9964,1.66,97.22,1.0005302286122522
12-06-2020,358713,5965,348879,9834,1.66,97.26,1.0005215800248797
12-07-2020,358922,5977,349168,9754,1.67,97.28,1.0005826384881507
12-08-2020,359115,5989,349414,9701,1.67,97.3,1.0005377212876336
12-09-2020,359274,6002,349624,9650,1.67,97.31,1.000442755106303
12-10-2020,359415,6012,349872,9543,1.67,97.34,1.0003924581238832
12-11-2020,359583,6023,350108,9475,1.67,97.37,1.0004674262342974
12-12-2020,359749,6036,350347,9402,1.68,97.39,1.0004616458508884
12-13-2020,359888,6048,350549,9339,1.68,97.41,1.0003863805041848
12-14-2020,360013,6059,350792,9221,1.68,97.44,1.0003473302805317
12-15-2020,360155,6069,350993,9162,1.69,97.46,1.0003944302011316
12-16-2020,360335,6080,351192,9143,1.69,97.46,1.0004997848148713
12-17-2020,360516,6091,351365,9151,1.69,97.46,1.000502310350091
12-18-2020,360690,6101,351573,9117,1.69,97.47,1.0004826415471157
12-19-2020,360848,6112,351722,9126,1.69,97.47,1.000438049294408
12-20-2020,361010,6122,351878,9132,1.7,97.47,1.0004489424910212
12-21-2020,361178,6131,352089,9089,1.7,97.48,1.0004653610703305
12-22-2020,361359,6139,352249,9110,1.7,97.48,1.0005011379430642
12-23-2020,361536,6148,352418,9118,1.7,97.48,1.000489817605207
12-24-2020,361725,6159,352608,9117,1.7,97.48,1.0005227695167287
12-25-2020,361903,6168,352815,9088,1.7,97.49,1.0004920865298224
12-26-2020,362066,6176,353004,9062,1.71,97.5,1.000450396929564
12-27-2020,362220,6185,353179,9041,1.71,97.5,1.0004253368170444
12-28-2020,362339,6196,353353,8986,1.71,97.52,1.0003285296228812
12-29-2020,362488,6204,353512,8976,1.71,97.52,1.0004112171198793
12-30-2020,362601,6214,353682,8919,1.71,97.54,1.0003117344574166
12-31-2020,362741,6223,353853,8888,1.72,97.55,1.0003860993212925
01-01-2021,362878,6230,354081,8797,1.72,97.58,1.0003776799424382
01-02-2021,362979,6239,354263,8716,1.72,97.6,1.0002783304581706
01-03-2021,363061,6246,354443,8618,1.72,97.63,1.0002259083858847
01-04-2021,363155,6256,354609,8546,1.72,97.65,1.0002589096598091
01-05-2021,363259,6265,354755,8504,1.72,97.66,1.0002863790943262
01-06-2021,363377,6272,354899,8478,1.73,97.67,1.0003248370997002
01-07-2021,363485,6278,355037,8448,1.73,97.68,1.0002972119864493
01-08-2021,363582,6282,355208,8374,1.73,97.7,1.0002668610809249
01-09-2021,363692,6286,355382,8310,1.73,97.72,1.0003025452305119
01-10-2021,363809,6291,355548,8261,1.73,97.73,1.0003217007797807
01-11-2021,363949,6295,355706,8243,1.73,97.74,1.000384817307983
01-12-2021,364096,6300,355857,8239,1.73,97.74,1.0004039027446152
01-13-2021,364271,6304,356013,8258,1.73,97.73,1.0004806424679205
01-14-2021,364440,6310,356201,8239,1.73,97.74,1.0004639403081772
01-15-2021,364613,6313,356382,8231,1.73,97.74,1.0004747009109867
01-16-2021,364753,6318,356541,8212,1.73,97.75,1.0003839687559137
01-17-2021,364929,6323,356687,8242,1.73,97.74,1.000482518306909
01-18-2021,365099,6329,356848,8251,1.73,97.74,1.0004658440408956
01-19-2021,365325,6335,357004,8321,1.73,97.72,1.0006190101862782
01-20-2021,365563,6338,357177,8386,1.73,97.71,1.0006514747142954
01-21-2021,365775,6342,357337,8438,1.73,97.69,1.0005799273996547
01-22-2021,365988,6346,357525,8463,1.73,97.69,1.000582325199918
01-23-2021,366185,6350,357728,8457,1.73,97.69,1.0005382690142846
01-24-2021,366371,6352,357939,8432,1.73,97.7,1.0005079399756953
01-25-2021,366584,6355,358137,8447,1.73,97.7,1.000581377892901
01-26-2021,366807,6359,358340,8467,1.73,97.69,1.0006083189664579
01-27-2021,367023,6363,358545,8478,1.73,97.69,1.000588865534191
01-28-2021,367276,6366,358753,8523,1.73,97.68,1.000689330096479
01-29-2021,367543,6368,359006,8537,1.73,97.68,1.0007269737200362
01-30-2021,367813,6372,359299,8514,1.73,97.69,1.0007346079234267
01-31-2021,368074,6375,359573,8501,1.73,97.69,1.0007095997150726
02-01-2021,368329,6379,359839,8490,1.73,97.69,1.000692795470476
02-02-2021,368639,6383,360110,8529,1.73,97.69,1.0008416388609096
02-03-2021,368945,6386,360400,8545,1.73,97.68,1.0008300803767372
02-04-2021,369248,6389,360697,8551,1.73,97.68,1.000821260621502
02-05-2021,369575,6393,360954,8621,1.73,97.67,1.000885583672762
02-06-2021,369961,6397,361237,8724,1.73,97.64,1.0010444429412162
02-07-2021,370278,6402,361515,8763,1.73,97.63,1.0008568470730699
02-08-2021,370634,6406,361813,8821,1.73,97.62,1.000961439783082
02-09-2021,370987,6410,362062,8925,1.73,97.59,1.0009524220659733
02-10-2021,371356,6415,362368,8988,1.73,97.58,1.0009946440171757
02-11-2021,371720,6420,362642,9078,1.73,97.56,1.0009801915143421
02-12-2021,372073,6424,362947,9126,1.73,97.55,1.0009496395136124
02-13-2021,372410,6429,363303,9107,1.73,97.55,1.0009057362399314
02-14-2021,372732,6433,363585,9147,1.73,97.55,1.0008646384361322
02-15-2021,373046,6438,363926,9120,1.73,97.56,1.0008424283399333
02-16-2021,373368,6441,364297,9071,1.73,97.57,1.0008631643282597
02-17-2021,373702,6445,364646,9056,1.72,97.58,1.0008945597908765
02-18-2021,374029,6450,365017,9012,1.72,97.59,1.0008750287662362
02-19-2021,374366,6454,365363,9003,1.72,97.6,1.000900999655107
02-20-2021,374691,6457,365745,8946,1.72,97.61,1.0008681343925463
02-21-2021,375006,6461,366094,8912,1.72,97.62,1.0008406927308102
02-22-2021,375333,6466,366412,8921,1.72,97.62,1.0008719860482231
02-23-2021,375668,6470,366735,8933,1.72,97.62,1.000892540757141
02-24-2021,376021,6475,367015,9006,1.72,97.6,1.0009396594865678
02-25-2021,376377,6480,367323,9054,1.72,97.59,1.000946755633329
02-26-2021,376723,6483,367691,9032,1.72,97.6,1.0009192910300044
02-27-2021,377061,6488,368011,9050,1.72,97.6,1.0008972109480971
02-28-2021,377383,6494,368305,9078,1.72,97.59,1.0008539732297956
03-01-2021,377700,6500,368640,9060,1.72,97.6,1.000839995442296
03-02-2021,378002,6505,368926,9076,1.72,97.6,1.000799576383373
03-03-2021,378333,6510,369277,9056,1.72,97.61,1.000875656742557
03-04-2021,378708,6514,369613,9095,1.72,97.6,1.0009911903006081
03-05-2021,379092,6519,369922,9170,1.72,97.58,1.0010139738268007
03-06-2021,379474,6524,370300,9174,1.72,97.58,1.0010076709611386
03-07-2021,379831,6528,370614,9217,1.72,97.57,1.0009407759161366
03-08-2021,380182,6534,371032,9150,1.72,97.59,1.0009240951897027
03-09-2021,380572,6539,371338,9234,1.72,97.57,1.0010258244735417
03-10-2021,380958,6545,371583,9375,1.72,97.54,1.0010142627413472
03-11-2021,381348,6551,371850,9498,1.72,97.51,1.0010237348999103
03-12-2021,381708,6556,372217,9491,1.72,97.51,1.0009440196356085
03-13-2021,382059,6563,372456,9603,1.72,97.49,1.0009195510704518
03-14-2021,382407,6567,372703,9704,1.72,97.46,1.0009108540827465
03-15-2021,382752,6573,372926,9826,1.72,97.43,1.0009021801379159
03-16-2021,383106,6578,373130,9976,1.72,97.4,1.0009248808628042
03-17-2021,383499,6585,373361,10138,1.72,97.36,1.0010258257505755
03-18-2021,383880,6591,373601,10279,1.72,97.32,1.0009934836857461
03-19-2021,384271,6596,373864,10407,1.72,97.29,1.0010185474627489
03-20-2021,384653,6602,374135,10518,1.72,97.27,1.000994090108283
03-21-2021,385020,6609,374412,10608,1.72,97.24,1.0009541066883658
03-22-2021,385424,6613,374799,10625,1.72,97.24,1.0010492961404602
03-23-2021,385834,6618,375165,10669,1.72,97.23,1.001063763543526
03-24-2021,386300,6624,375471,10829,1.71,97.2,1.0012077732911044
03-25-2021,386782,6630,375831,10951,1.71,97.17,1.0012477349210458
03-26-2021,387292,6637,376203,11089,1.71,97.14,1.0013185722189761
03-27-2021,387794,6643,376558,11236,1.71,97.1,1.0012961796267417
03-28-2021,388325,6650,376947,11378,1.71,97.07,1.001369283691857
03-29-2021,388866,6656,377304,11562,1.71,97.03,1.0013931629434107
03-30-2021,389422,6663,377714,11708,1.71,96.99,1.0014297984395653
03-31-2021,390007,6669,378083,11924,1.71,96.94,1.0015022263765272
04-01-2021,390597,6676,378469,12128,1.71,96.9,1.0015127933601191
04-02-2021,391325,6684,378873,12452,1.71,96.82,1.0018638135981588
04-03-2021,392009,6690,379312,12697,1.71,96.76,1.0017479077493132
04-04-2021,392682,6697,379816,12866,1.71,96.72,1.0017167973184289
04-05-2021,393377,6704,380305,13072,1.7,96.68,1.001769879953754
04-06-2021,394169,6711,380772,13397,1.7,96.6,1.0020133358076349
04-07-2021,394952,6719,381189,13763,1.7,96.52,1.001986457585452
04-08-2021,395854,6728,381658,14196,1.7,96.41,1.0022838218315138
04-09-2021,396758,6737,382198,14560,1.7,96.33,1.002283670242059
04-10-2021,397636,6747,382773,14863,1.7,96.26,1.002212935845024
04-11-2021,398435,6754,383321,15114,1.7,96.21,1.0020093754086652
04-12-2021,399277,6765,384027,15250,1.69,96.18,1.0021132681616827
04-13-2021,400228,6773,384635,15593,1.69,96.1,1.0023818051127413
04-14-2021,401157,6781,385441,15716,1.69,96.08,1.0023211769291505
04-15-2021,402142,6791,386102,16040,1.69,96.01,1.0024553977619735
04-16-2021,403106,6801,387020,16086,1.69,96.01,1.0023971631911115
04-17-2021,404054,6810,387795,16259,1.69,95.98,1.002351738748617
04-18-2021,404970,6823,388702,16268,1.68,95.98,1.002267023714652
04-19-2021,405940,6834,389598,16342,1.68,95.97,1.0023952391535176
04-20-2021,407010,6846,390538,16472,1.68,95.95,1.0026358575158891
04-21-2021,408038,6858,391362,16676,1.68,95.91,1.0025257364683915
04-22-2021,409093,6869,392448,16645,1.68,95.93,1.002585543503301
04-23-2021,410191,6878,393671,16520,1.68,95.97,1.002683986281848
04-24-2021,411263,6887,394529,16734,1.67,95.93,1.0026134166766214
04-25-2021,412216,6900,395557,16659,1.67,95.96,1.002317251977445
04-26-2021,413174,6913,396604,16570,1.67,95.99,1.002324024297941
04-27-2021,414219,6922,397587,16632,1.67,95.98,1.002529200772556
04-28-2021,415281,6935,398454,16827,1.67,95.95,1.0025638611459156
04-29-2021,416307,6946,399509,16798,1.67,95.96,1.0024706162815058
04-30-2021,417363,6957,400580,16783,1.67,95.98,1.002536589584129
05-01-2021,418411,6968,401544,16867,1.67,95.97,1.0025110036107656
05-02-2021,419348,6979,402664,16684,1.66,96.02,1.002239424871717
05-03-2021,420301,6992,403702,16599,1.66,96.05,1.0022725755220008
05-04-2021,421300,7006,404707,16593,1.66,96.06,1.0023768680065002
05-05-2021,422316,7018,405607,16709,1.66,96.04,1.002411583194873
05-06-2021,423406,7032,406589,16817,1.66,96.03,1.0025810056924198
05-07-2021,424445,7045,407650,16795,1.66,96.04,1.0024539094864031
05-08-2021,425442,7059,408676,16766,1.66,96.06,1.0023489498050395
05-09-2021,426384,7072,409740,16644,1.66,96.1,1.0022141678536676
05-10-2021,427370,7085,410816,16554,1.66,96.13,1.002312469511051
05-11-2021,428369,7098,412102,16267,1.66,96.2,1.0023375529400753
05-12-2021,429389,7111,413010,16379,1.66,96.19,1.0023811246845593
05-13-2021,430505,7122,414139,16366,1.65,96.2,1.0025990418944128
05-14-2021,431432,7134,415747,15685,1.65,96.36,1.0021532850954111
05-15-2021,432269,7147,416759,15510,1.65,96.41,1.0019400508075433
05-16-2021,433094,7162,417787,15307,1.65,96.47,1.0019085338064955
05-17-2021,433980,7174,418914,15066,1.65,96.53,1.002045745265462
05-18-2021,435027,7188,419761,15266,1.65,96.49,1.0024125535738975
05-19-2021,436239,7201,420671,15568,1.65,96.43,1.0027860339703052
05-20-2021,437569,7214,421726,15843,1.65,96.38,1.0030487874765897
05-21-2021,438705,7224,422706,15999,1.65,96.35,1.0025961619767396
05-22-2021,439847,7237,423795,16052,1.65,96.35,1.0026031159891042
05-23-2021,440914,7249,424690,16224,1.64,96.32,1.0024258435319555
05-24-2021,442071,7264,425677,16394,1.64,96.29,1.002624094494618
05-25-2021,443460,7278,426589,16871,1.64,96.2,1.0031420292215505
05-26-2021,444780,7295,427462,17318,1.64,96.11,1.0029765931538357
05-27-2021,445963,7309,428502,17461,1.64,96.08,1.0026597418948693
05-28-2021,447178,7320,429663,17515,1.64,96.08,1.0027244412653067
05-29-2021,448284,7334,430937,17347,1.64,96.13,1.0024732880418983
05-30-2021,449191,7347,432138,17053,1.64,96.2,1.002023270962158
05-31-2021,450436,7362,433413,17023,1.63,96.22,1.0027716494765033
06-01-2021,451687,7377,434439,17248,1.63,96.18,1.0027773090960759
06-02-2021,452956,7393,435520,17436,1.63,96.15,1.002809467618063
06-03-2021,454217,7408,436884,17333,1.63,96.18,1.0027839348634304
06-04-2021,455418,7424,438206,17212,1.63,96.22,1.0026441106343444
06-05-2021,456562,7440,439459,17103,1.63,96.25,1.0025119780070177
06-06-2021,457546,7456,440644,16902,1.63,96.31,1.002155238499919
06-07-2021,458707,7471,441860,16847,1.63,96.33,1.0025374497864696
06-08-2021,459968,7488,442782,17186,1.63,96.26,1.0027490315168506
06-09-2021,461242,7503,443810,17432,1.63,96.22,1.0027697578962014
06-10-2021,461242,7503,443810,17432,1.63,96.22,1.0
06-11-2021,463703,7537,446054,17649,1.63,96.19,1.0053355938964794
06-12-2021,464780,7553,446960,17820,1.63,96.17,1.0023226073585894
06-13-2021,465797,7572,448093,17704,1.63,96.2,1.0021881320194501
06-14-2021,466906,7590,449241,17665,1.63,96.22,1.0023808654843205
06-15-2021,468175,7606,450255,17920,1.62,96.17,1.0027178918240502
06-16-2021,469414,7621,451187,18227,1.62,96.12,1.0026464463074705
06-17-2021,470723,7635,452209,18514,1.62,96.07,1.0027885832122605
06-18-2021,471959,7650,453259,18700,1.62,96.04,1.0026257480514018
06-19-2021,473112,7663,454404,18708,1.62,96.05,1.0024430088206815
06-20-2021,474191,7677,455618,18573,1.62,96.08,1.0022806439067282
06-21-2021,475403,7691,457128,18275,1.62,96.16,1.0025559321033086
06-22-2021,476882,7703,458048,18834,1.62,96.05,1.0031110447346778
06-23-2021,478135,7716,459091,19044,1.61,96.02,1.002627484367202
06-24-2021,479390,7730,460338,19052,1.61,96.03,1.002624781703912
06-25-2021,480702,7743,461628,19074,1.61,96.03,1.0027368113644424
06-26-2021,482003,7760,463004,18999,1.61,96.06,1.0027064584711527
06-27-2021,483221,7775,464256,18965,1.61,96.08,1.0025269552264198
06-28-2021,484539,7789,465546,18993,1.61,96.08,1.002727530467426
06-29-2021,486106,7804,466578,19528,1.61,95.98,1.0032340018037764
06-30-2021,487592,7819,467633,19959,1.6,95.91,1.0030569464273225
07-01-2021,489126,7832,469120,20006,1.6,95.91,1.0031460729462338
07-02-2021,490464,7848,470328,20136,1.6,95.89,1.002735491468456
07-03-2021,491612,7863,471550,20062,1.6,95.92,1.0023406406994193
07-04-2021,492785,7876,472939,19846,1.6,95.97,1.0023860280058257
07-05-2021,494032,7891,474368,19664,1.6,96.02,1.0025305153363029
07-06-2021,495309,7907,475448,19861,1.6,95.99,1.0025848528030572
07-07-2021,496516,7921,476643,19873,1.6,96.0,1.0024368626453386
07-08-2021,497773,7933,478127,19646,1.59,96.05,1.0025316404708005
07-09-2021,498906,7947,479709,19197,1.59,96.15,1.002276137918288
07-10-2021,500083,7963,481225,18858,1.59,96.23,1.0023591618461194
07-11-2021,501195,7976,482414,18781,1.59,96.25,1.0022236308772743
07-12-2021,502439,7992,483937,18502,1.59,96.32,1.00248206785782
07-13-2021,503734,8006,484883,18851,1.59,96.26,1.0025774273095838
07-14-2021,504960,8020,486011,18949,1.59,96.25,1.002433824200868
07-15-2021,506125,8035,486918,19207,1.59,96.21,1.0023071134347274
07-16-2021,507423,8048,488883,18540,1.59,96.35,1.0025645838478636
07-17-2021,508521,8063,489553,18968,1.59,96.27,1.0021638751101152
07-18-2021,509576,8075,490696,18880,1.58,96.29,1.0020746439183437
07-19-2021,510869,8089,492149,18720,1.58,96.34,1.0025374036453836
07-20-2021,512142,8103,493240,18902,1.58,96.31,1.0024918325441552
07-21-2021,513284,8115,494264,19020,1.58,96.29,1.0022298503149518
07-22-2021,514446,8130,495650,18796,1.58,96.35,1.0022638539288191
07-23-2021,515693,8141,496810,18883,1.58,96.34,1.0024239667525843
07-24-2021,516949,8155,497965,18984,1.58,96.33,1.002435557589496
07-25-2021,518143,8167,499129,19014,1.58,96.33,1.0023097055995853
07-26-2021,519395,8179,500428,18967,1.57,96.35,1.0024163213630215
07-27-2021,520774,8189,501449,19325,1.57,96.29,1.002655012081364
07-28-2021,522108,8200,502528,19580,1.57,96.25,1.002561571814261
07-29-2021,522108,8200,502528,19580,1.57,96.25,1.0
07-30-2021,522108,8200,502528,19580,1.57,96.25,1.0
07-31-2021,525730,8237,506089,19641,1.57,96.26,1.0069372620224168
08-01-2021,526814,8249,507374,19440,1.57,96.31,1.0020618948890114
08-02-2021,526814,8249,507374,19440,1.57,96.31,1.0
08-03-2021,526814,8249,507374,19440,1.57,96.31,1.0
08-04-2021,526814,8249,507374,19440,1.57,96.31,1.0
08-05-2021,526814,8249,0,526814,1.57,0,1.0
08-06-2021,531935,8311,0,531935,1.56,0,1.009720698386907
08-07-2021,531935,8311,0,531935,1.56,0,1.0
08-08-2021,531935,8311,0,531935,1.56,0,1.0
08-09-2021,531935,8311,0,531935,1.56,0,1.0
08-10-2021,531935,8311,0,531935,1.56,0,1.0
08-11-2021,531935,8311,0,531935,1.56,0,1.0
08-12-2021,531935,8311,0,531935,1.56,0,1.0
08-13-2021,537374,8388,0,537374,1.56,0,1.0102249334975137
08-14-2021,537374,8388,0,537374,1.56,0,1.0
08-15-2021,537374,8388,0,537374,1.56,0,1.0
08-16-2021,539129,8419,0,539129,1.56,0,1.0032658818625388
08-17-2021,539129,8419,0,539129,1.56,0,1.0
08-18-2021,539129,8419,0,539129,1.56,0,1.0
08-19-2021,540244,8439,0,540244,1.56,0,1.0020681506652396
08-20-2021,540244,8439,0,540244,1.56,0,1.0
08-21-2021,541201,8457,0,541201,1.56,0,1.0017714218020006
08-22-2021,541201,8457,0,541201,1.56,0,1.0
08-23-2021,541994,8481,0,541994,1.56,0,1.0014652596724691
08-24-2021,541994,8481,0,541994,1.56,0,1.0
08-25-2021,541994,8481,0,541994,1.56,0,1.0
08-26-2021,541994,8481,0,541994,1.56,0,1.0
08-27-2021,543318,8512,0,543318,1.57,0,1.002442831470459
08-28-2021,543318,8512,0,543318,1.57,0,1.0
08-29-2021,543318,8512,0,543318,1.57,0,1.0
08-30-2021,543318,8512,0,543318,1.57,0,1.0
08-31-2021,543318,8512,0,543318,1.57,0,1.0
09-01-2021,543318,8512,0,543318,1.57,0,1.0
09-02-2021,543318,8512,0,543318,1.57,0,1.0
09-03-2021,543318,8512,0,543318,1.57,0,1.0
09-04-2021,543318,8512,0,543318,1.57,0,1.0
09-05-2021,545243,8579,0,545243,1.57,0,1.0035430447730427
09-06-2021,545243,8579,0,545243,1.57,0,1.0
09-07-2021,545505,8591,0,545505,1.57,0,1.0004805196948883
09-08-2021,545505,8591,0,545505,1.57,0,1.0
09-09-2021,545727,8604,0,545727,1.58,0,1.0004069623559821
09-10-2021,545829,8610,0,545829,1.58,0,1.0001869066401332
09-11-2021,545829,8610,0,545829,1.58,0,1.0
09-12-2021,545829,8610,0,545829,1.58,0,1.0
09-13-2021,545829,8610,0,545829,1.58,0,1.0
09-14-2021,545829,8610,0,545829,1.58,0,1.0
09-15-2021,545829,8610,0,545829,1.58,0,1.0
09-16-2021,546336,8645,0,546336,1.58,0,1.0009288623360064
09-17-2021,546411,8651,0,546411,1.58,0,1.0001372781584958
09-18-2021,546411,8651,0,546411,1.58,0,1.0
09-19-2021,546411,8651,0,546411,1.58,0,1.0
09-20-2021,546612,8667,0,546612,1.59,0,1.0003678549663166
09-21-2021,546681,8672,0,546681,1.59,0,1.0001262321354087
09-22-2021,546735,8679,0,546735,1.59,0,1.0000987778978965
09-23-2021,546735,8679,0,546735,1.59,0,1.0
09-24-2021,546735,8679,0,546735,1.59,0,1.0
09-25-2021,546882,8694,0,546882,1.59,0,1.0002688688304207
09-26-2021,546926,8699,0,546926,1.59,0,1.000080456113019
09-27-2021,546985,8704,0,546985,1.59,0,1.0001078756541104
09-28-2021,547035,8709,0,547035,1.59,0,1.0000914101849228
09-29-2021,547035,8709,0,547035,1.59,0,1.0
09-30-2021,547134,8716,0,547134,1.59,0,1.000180975623132
10-01-2021,547134,8716,0,547134,1.59,0,1.0
10-02-2021,547134,8716,0,547134,1.59,0,1.0
10-03-2021,547134,8716,0,547134,1.59,0,1.0
10-04-2021,547134,8716,0,547134,1.59,0,1.0
10-05-2021,547357,8730,0,547357,1.59,0,1.0004075783994415
10-06-2021,547402,8732,0,547402,1.6,0,1.0000822132538727
10-07-2021,547449,8736,0,547449,1.6,0,1.0000858601174274
10-08-2021,547497,8739,0,547497,1.6,0,1.0000876794002729
10-09-2021,547532,8743,0,547532,1.6,0,1.0000639272909257
10-10-2021,547591,8745,0,547591,1.6,0,1.0001077562589948
10-11-2021,547649,8748,0,547649,1.6,0,1.0001059184683458
10-12-2021,547704,8751,0,547704,1.6,0,1.0001004292895632
10-13-2021,547761,8753,0,547761,1.6,0,1.0001040708119715
10-14-2021,547797,8755,0,547797,1.6,0,1.000065722094125
10-15-2021,547845,8758,0,547845,1.6,0,1.0000876237000202
10-16-2021,547890,8760,0,547890,1.6,0,1.0000821400213564
10-17-2021,547931,8763,0,547931,1.6,0,1.0000748325393782
10-18-2021,547969,8765,0,547969,1.6,0,1.0000693517979453
10-19-2021,548018,8767,0,548018,1.6,0,1.000089421116888
10-20-2021,548065,8770,0,548065,1.6,0,1.000085763606305
10-21-2021,548111,8773,0,548111,1.6,0,1.0000839316504428
10-22-2021,548162,8774,0,548162,1.6,0,1.0000930468463505
10-23-2021,548205,8776,0,548205,1.6,0,1.0000784439636459
10-24-2021,548252,8778,0,548252,1.6,0,1.0000857343512006
10-25-2021,548303,8780,0,548303,1.6,0,1.000093022916469
10-26-2021,548368,8782,0,548368,1.6,0,1.0001185475913865
10-27-2021,548423,8785,0,548423,1.6,0,1.000100297610364
10-28-2021,548474,8788,0,548474,1.6,0,1.0000929939116339
10-29-2021,548530,8790,0,548530,1.6,0,1.0001021014669793
10-30-2021,548571,8793,0,548571,1.6,0,1.0000747452281553
10-31-2021,548617,8794,0,548617,1.6,0,1.0000838542321777
11-01-2021,548666,8796,0,548666,1.6,0,1.000089315496968
11-02-2021,548711,8798,0,548711,1.6,0,1.000082017110592
11-03-2021,548760,8799,0,548760,1.6,0,1.0000893001962783
11-04-2021,548805,8800,0,548805,1.6,0,1.0000820030614477
11-05-2021,548848,8802,0,548848,1.6,0,1.0000783520558303
11-06-2021,548890,8803,0,548890,1.6,0,1.0000765239191907
11-07-2021,548930,8804,0,548930,1.6,0,1.0000728743464082
11-08-2021,548973,8805,0,548973,1.6,0,1.0000783342138342
11-09-2021,549022,8806,0,549022,1.6,0,1.0000892575773308
11-10-2021,549060,8807,0,549060,1.6,0,1.0000692139841392
11-11-2021,549103,8809,0,549103,1.6,0,1.0000783156667759
11-12-2021,549148,8810,0,549148,1.6,0,1.0000819518378155
11-13-2021,549192,8811,0,549192,1.6,0,1.0000801241195452
11-14-2021,549222,8813,0,549222,1.6,0,1.0000546257046716
11-15-2021,549260,8816,0,549260,1.61,0,1.0000691887797648
11-16-2021,549297,8818,0,549297,1.61,0,1.0000673633616137
11-17-2021,549339,8820,0,549339,1.61,0,1.0000764613678939
11-18-2021,549377,8821,0,549377,1.61,0,1.0000691740437144
11-19-2021,549412,8822,0,549412,1.61,0,1.0000637085280235
11-20-2021,549443,8823,0,549443,1.61,0,1.0000564239587049
11-21-2021,549479,8824,0,549479,1.61,0,1.0000655209002571
11-22-2021,549518,8826,0,549518,1.61,0,1.0000709763248459
11-23-2021,549556,8827,0,549556,1.61,0,1.0000691515109605
11-24-2021,549590,8828,0,549590,1.61,0,1.0000618681262692
11-25-2021,549618,8829,0,549618,1.61,0,1.0000509470696337
11-26-2021,549642,8830,0,549642,1.61,0,1.0000436666921388
11-27-2021,549671,8832,0,549671,1.61,0,1.0000527616157426
11-28-2021,549695,8833,0,549695,1.61,0,1.000043662481739
11-29-2021,549720,8834,0,549720,1.61,0,1.000045479766052
11-30-2021,549752,8836,0,549752,1.61,0,1.0000582114531034
12-01-2021,549786,8837,0,549786,1.61,0,1.000061846068773
12-02-2021,549810,8839,0,549810,1.61,0,1.0000436533487576
12-03-2021,549848,8840,0,549848,1.61,0,1.0000691147851075
12-04-2021,549877,8842,0,549877,1.61,0,1.0000527418486564
12-05-2021,549912,8844,0,549912,1.61,0,1.0000636505982248
12-06-2021,549955,8845,0,549955,1.61,0,1.0000781943292745
12-07-2021,549997,8847,0,549997,1.61,0,1.0000763698848087
12-08-2021,550043,8849,0,550043,1.61,0,1.0000836368198371
12-09-2021,550088,8850,0,550088,1.61,0,1.000081811785624
12-10-2021,550136,8851,0,550136,1.61,0,1.0000872587658702
12-11-2021,550189,8852,0,550189,1.61,0,1.0000963398141551
12-12-2021,550240,8853,0,550240,1.61,0,1.0000926954192104
12-13-2021,550304,8855,0,550304,1.61,0,1.0001163128816517
12-14-2021,550369,8856,0,550369,1.61,0,1.0001181165319533
12-15-2021,550457,8857,0,550457,1.61,0,1.0001598927265163
12-16-2021,550542,8858,0,550542,1.61,0,1.0001544171479335
12-17-2021,550622,8860,0,550622,1.61,0,1.0001453113477263
12-18-2021,550738,8861,0,550738,1.61,0,1.0002106708413394
12-19-2021,550842,8862,0,550842,1.61,0,1.0001888375234684
12-20-2021,550988,8864,0,550988,1.61,0,1.0002650487798679
12-21-2021,551210,8865,0,551210,1.61,0,1.000402912586118
12-22-2021,551462,8867,0,551462,1.61,0,1.0004571760309138
12-23-2021,551749,8868,0,551749,1.61,0,1.0005204347715708
12-24-2021,552081,8869,0,552081,1.61,0,1.0006017228848625
12-25-2021,552406,8870,0,552406,1.61,0,1.0005886817332963
12-26-2021,552795,8871,0,552795,1.6,0,1.0007041922064568
12-27-2021,553319,8872,0,553319,1.6,0,1.000947910165613
12-28-2021,553921,8873,0,553921,1.6,0,1.0010879799898431
12-29-2021,554665,8874,0,554665,1.6,0,1.0013431518212885
12-30-2021,555417,8875,0,555417,1.6,0,1.0013557733046072
12-31-2021,556236,8877,0,556236,1.6,0,1.0014745677571986
01-01-2022,557082,8878,0,557082,1.59,0,1.001520937156171
01-02-2022,558106,8879,0,558106,1.59,0,1.0018381495004327
01-03-2022,559852,8881,0,559852,1.59,0,1.0031284379669811
01-04-2022,562437,8883,0,562437,1.58,0,1.0046172917128098
01-05-2022,565482,8886,0,565482,1.57,0,1.0054139396945792
01-06-2022,568650,8888,0,568650,1.56,0,1.0056023003384724
01-07-2022,572225,8890,0,572225,1.55,0,1.0062868196605996
01-08-2022,575293,8892,0,575293,1.55,0,1.0053615273712264
01-09-2022,578753,8893,0,578753,1.54,0,1.0060143266127
01-10-2022,583531,8895,0,583531,1.52,0,1.0082556807480911
01-11-2022,588183,8897,0,588183,1.51,0,1.0079721557209471
01-12-2022,593545,8899,0,593545,1.5,0,1.0091162104311073
01-13-2022,599044,8901,0,599044,1.49,0,1.009264672434272
01-14-2022,604672,8903,0,604672,1.47,0,1.0093949693177797
01-15-2022,609953,8905,0,609953,1.46,0,1.0087336605630821
01-16-2022,615430,8906,0,615430,1.45,0,1.008979380378488
01-17-2022,620935,8908,0,620935,1.43,0,1.0089449653088085
01-18-2022,626808,8910,0,626808,1.42,0,1.0094583168930726
01-19-2022,632736,8912,0,632736,1.41,0,1.0094574415131907
01-20-2022,638327,8914,0,638327,1.4,0,1.0088362286956962
01-21-2022,643211,8916,0,643211,1.39,0,1.0076512508479196
01-22-2022,647819,8918,0,647819,1.38,0,1.0071640565848532
01-23-2022,652354,8920,0,652354,1.37,0,1.0070004121521599
01-24-2022,657192,8922,0,657192,1.36,0,1.0074162188014484
01-25-2022,661733,8924,0,661733,1.35,0,1.0069097006658632
01-26-2022,666259,8927,0,666259,1.34,0,1.0068396165825189
01-27-2022,670997,8929,0,670997,1.33,0,1.0071113485896626
01-28-2022,675471,8931,0,675471,1.32,0,1.0066676900194784
01-29-2022,679384,8933,0,679384,1.31,0,1.005792994813989
01-30-2022,683053,8936,0,683053,1.31,0,1.0054004804352177
01-31-2022,687264,8940,0,687264,1.3,0,1.0061649681649887
02-01-2022,691125,8941,0,691125,1.29,0,1.0056179284816316
02-02-2022,695217,8943,0,695217,1.29,0,1.0059207813347804
02-03-2022,699069,8947,0,699069,1.28,0,1.005540716064193
02-04-2022,702624,8950,0,702624,1.27,0,1.0050853349240203
02-05-2022,705637,8953,0,705637,1.27,0,1.0042882110488682
02-06-2022,708897,8954,0,708897,1.26,0,1.004619939147182
02-07-2022,712644,8957,0,712644,1.26,0,1.0052856761983757
02-08-2022,715974,8959,0,715974,1.25,0,1.0046727398252142
02-09-2022,719136,8962,0,719136,1.25,0,1.004416361487987
02-10-2022,722002,8965,0,722002,1.24,0,1.0039853379611088
02-11-2022,724525,8969,0,724525,1.24,0,1.0034944501538776
02-12-2022,726251,8971,0,726251,1.24,0,1.0023822504399433
02-13-2022,728387,8973,0,728387,1.23,0,1.00294113192271
02-14-2022,730614,8974,0,730614,1.23,0,1.003057440618792
02-15-2022,732596,8975,0,732596,1.23,0,1.002712786779339
02-16-2022,734389,8977,0,734389,1.22,0,1.0024474608105969
02-17-2022,735958,8978,0,735958,1.22,0,1.0021364699089992
02-18-2022,737334,8981,0,737334,1.22,0,1.0018696719106253
02-19-2022,738331,8982,0,738331,1.22,0,1.0013521687593412
02-20-2022,739344,8984,0,739344,1.22,0,1.0013720133652793
02-21-2022,740396,8986,0,740396,1.21,0,1.0014228829881624
02-22-2022,741237,8987,0,741237,1.21,0,1.001135878637918
02-23-2022,741864,8990,0,741864,1.21,0,1.0008458833004827
02-24-2022,742541,8991,0,742541,1.21,0,1.0009125661846376
02-25-2022,743205,8993,0,743205,1.21,0,1.0008942267161005
02-26-2022,743742,8994,0,743742,1.21,0,1.0007225462691989
02-27-2022,744374,8996,0,744374,1.21,0,1.0008497570394035
02-28-2022,745027,8998,0,745027,1.21,0,1.0008772471902565
03-01-2022,745590,9001,0,745590,1.21,0,1.0007556773110236
03-02-2022,746066,9002,0,746066,1.21,0,1.0006384205796752
03-03-2022,746473,9004,0,746473,1.21,0,1.0005455281436226
03-04-2022,746836,9005,0,746836,1.21,0,1.000486286844936
03-05-2022,747119,9006,0,747119,1.21,0,1.0003789319207965
03-06-2022,747436,9008,0,747436,1.21,0,1.0004242965310748
03-07-2022,747715,9009,0,747715,1.2,0,1.000373276106583
03-08-2022,747934,9011,0,747934,1.2,0,1.0002928923453456
03-09-2022,748121,9013,0,748121,1.2,0,1.00025002206077
03-10-2022,748311,9014,0,748311,1.2,0,1.0002539696118675
03-11-2022,748489,9016,0,748489,1.2,0,1.0002378690143536
03-12-2022,748624,9017,0,748624,1.2,0,1.0001803633720736
03-13-2022,748769,9018,0,748769,1.2,0,1.000193688687512
03-14-2022,748915,9020,0,748915,1.2,0,1.000194986704845
03-15-2022,749044,9021,0,749044,1.2,0,1.0001722491871574
03-16-2022,749171,9023,0,749171,1.2,0,1.0001695494523686
03-17-2022,749268,9024,0,749268,1.2,0,1.0001294764479671
03-18-2022,749373,9025,0,749373,1.2,0,1.000140136773491
03-19-2022,749471,9027,0,749471,1.2,0,1.0001307759953988
03-20-2022,749597,9028,0,749597,1.2,0,1.0001681185796383
03-21-2022,749730,9030,0,749730,1.2,0,1.000177428671673
03-22-2022,749855,9032,0,749855,1.2,0,1.0001667266882746
03-23-2022,749965,9033,0,749965,1.2,0,1.0001466950277054
03-24-2022,750080,9034,0,750080,1.2,0,1.0001533404892229
03-25-2022,750179,9036,0,750179,1.2,0,1.0001319859215017
03-26-2022,750258,9038,0,750258,1.2,0,1.0001053081997764
03-27-2022,750356,9039,0,750356,1.2,0,1.0001306217327905
03-28-2022,750483,9040,0,750483,1.2,0,1.0001692529945785
03-29-2022,750589,9042,0,750589,1.2,0,1.000141242373245
03-30-2022,750707,9043,0,750707,1.2,0,1.000157209871181
03-31-2022,750814,9045,0,750814,1.2,0,1.0001425323062128
04-01-2022,750910,9046,0,750910,1.2,0,1.0001278612279472
04-02-2022,750998,9047,0,750998,1.2,0,1.000117191141415
04-03-2022,751076,9048,0,751076,1.2,0,1.0001038617945721
04-04-2022,751180,9050,0,751180,1.2,0,1.0001384680112266
04-05-2022,751296,9050,0,751296,1.2,0,1.0001544237067015
04-06-2022,751404,9053,0,751404,1.2,0,1.00014375159724
04-07-2022,751518,9054,0,751518,1.2,0,1.0001517159876712
04-08-2022,751622,9055,0,751622,1.2,0,1.0001383865722444
04-09-2022,751717,9055,0,751717,1.2,0,1.0001263933200466
04-10-2022,751813,9058,0,751813,1.2,0,1.000127707634655
04-11-2022,751943,9058,0,751943,1.2,0,1.0001729153393197
04-12-2022,752078,9060,0,752078,1.2,0,1.000179534884958
04-13-2022,752188,9062,0,752188,1.2,0,1.0001462614250118
04-14-2022,752291,9063,0,752291,1.2,0,1.0001369338516435
04-15-2022,752396,9066,0,752396,1.2,0,1.0001395736490268
04-16-2022,752479,9068,0,752479,1.21,0,1.0001103142494112
04-17-2022,752572,9069,0,752572,1.21,0,1.000123591488932
04-18-2022,752705,9069,0,752705,1.2,0,1.000176727276593
04-19-2022,752848,9072,0,752848,1.21,0,1.000189981466843
04-20-2022,752994,9074,0,752994,1.21,0,1.0001939302488683
04-21-2022,753124,9075,0,753124,1.2,0,1.0001726441379346
04-22-2022,753241,9075,0,753241,1.2,0,1.000155352903373
04-23-2022,753332,9076,0,753332,1.2,0,1.0001208112675757
04-24-2022,753417,9078,0,753417,1.2,0,1.0001128320581099
04-25-2022,753526,9079,0,753526,1.2,0,1.0001446741976887
04-26-2022,753632,9082,0,753632,1.21,0,1.0001406719874297
04-27-2022,753730,9084,0,753730,1.21,0,1.0001300369411066
04-28-2022,753822,9085,0,753822,1.21,0,1.0001220596234726
04-29-2022,753921,9086,0,753921,1.21,0,1.0001313307385564
04-30-2022,754011,9088,0,754011,1.21,0,1.0001193759027802
05-01-2022,754110,9089,0,754110,1.21,0,1.0001312978192627
05-02-2022,754238,9093,0,754238,1.21,0,1.0001697365105886
05-03-2022,754340,9093,0,754340,1.21,0,1.0001352358274178
05-04-2022,754464,9094,0,754464,1.21,0,1.0001643821088633
05-05-2022,754623,9096,0,754623,1.21,0,1.0002107456419391
05-06-2022,754842,9099,0,754842,1.21,0,1.000290211138542
05-07-2022,755076,9099,0,755076,1.21,0,1.0003099986487238
05-08-2022,755415,9103,0,755415,1.21,0,1.0004489614290482
05-09-2022,755980,9104,0,755980,1.2,0,1.0007479332552305
05-10-2022,756549,9104,0,756549,1.2,0,1.000752665414429
05-11-2022,757191,9108,0,757191,1.2,0,1.0008485901111495
05-12-2022,757802,9110,0,757802,1.2,0,1.0008069298235187
05-13-2022,758361,9111,0,758361,1.2,0,1.0007376597053057
05-14-2022,758795,9114,0,758795,1.2,0,1.0005722868132723
05-15-2022,759226,9116,0,759226,1.2,0,1.0005680058513828
05-16-2022,759856,9118,0,759856,1.2,0,1.000829792446518
05-17-2022,760477,9121,0,760477,1.2,0,1.0008172601124423
05-18-2022,761079,9123,0,761079,1.2,0,1.0007916084247124
05-19-2022,761624,9124,0,761624,1.2,0,1.000716088605782
05-20-2022,762164,9127,0,762164,1.2,0,1.0007090112706531
05-21-2022,762575,9128,0,762575,1.2,0,1.00053925401882
05-22-2022,764789,9135,0,764789,1.19,0,1.0029033209848213
05-23-2022,763692,9131,0,763692,1.2,0,1.0014343825551884
05-24-2022,764249,9134,0,764249,1.2,0,1.0007293516234292
05-25-2022,764789,9135,0,764789,1.19,0,1.0007065759981368
05-26-2022,765305,9138,0,765305,1.19,0,1.0006746958965151
05-27-2022,765788,9140,0,765788,1.19,0,1.000631120925644
05-28-2022,766196,9143,0,766196,1.19,0,1.0005327845304444
05-29-2022,766726,9144,0,766726,1.19,0,1.0006917290092874
05-30-2022,767412,9145,0,767412,1.19,0,1.0008947133656612
05-31-2022,768079,9148,0,768079,1.19,0,1.0008691550301534
06-01-2022,768648,9149,0,768648,1.19,0,1.0007408092136356
06-02-2022,769423,9151,0,769423,1.19,0,1.001008263860701
06-03-2022,770085,9152,0,770085,1.19,0,1.000860384989791
06-04-2022,770650,9155,0,770650,1.19,0,1.0007336852425381
06-05-2022,771302,9156,0,771302,1.19,0,1.0008460390579381
06-06-2022,772269,9158,0,772269,1.19,0,1.0012537242221593
06-07-2022,773221,9160,0,773221,1.18,0,1.0012327310820452
06-08-2022,774250,9163,0,774250,1.18,0,1.0013307967579774
06-09-2022,775205,9165,0,775205,1.18,0,1.0012334517274781
06-10-2022,776137,9167,0,776137,1.18,0,1.001202262627305
06-11-2022,776890,9170,0,776890,1.18,0,1.0009701895412795
06-12-2022,777795,9173,0,777795,1.18,0,1.001164901079947
06-13-2022,778983,9175,0,778983,1.18,0,1.0015273947505448
06-14-2022,780135,9176,0,780135,1.18,0,1.0014788512714654
06-15-2022,781168,9179,0,781168,1.18,0,1.0013241297980477
06-16-2022,782131,9180,0,782131,1.17,0,1.0012327693914753
06-17-2022,783076,9183,0,783076,1.17,0,1.001208237494742
06-18-2022,783907,9185,0,783907,1.17,0,1.0010611996792138
06-19-2022,784837,9188,0,784837,1.17,0,1.0011863652193436
06-20-2022,786069,9189,0,786069,1.17,0,1.0015697527002423
06-21-2022,787212,9191,0,787212,1.17,0,1.0014540708258435
06-22-2022,788294,9194,0,788294,1.17,0,1.0013744709176182
06-23-2022,788294,9194,0,788294,1.17,0,1.0
06-24-2022,788294,9194,0,788294,1.17,0,1.0
06-25-2022,788294,9194,0,788294,1.17,0,1.0
06-26-2022,791784,9201,0,791784,1.16,0,1.0044272822068923
06-27-2022,792860,9202,0,792860,1.16,0,1.0013589564830812
06-28-2022,793729,9205,0,793729,1.16,0,1.0010960320863709
06-29-2022,794488,9207,0,794488,1.16,0,1.0009562457715417
06-30-2022,795186,9208,0,795186,1.16,0,1.0008785532317668
07-01-2022,795811,9209,0,795811,1.16,0,1.000785979632438
07-02-2022,796268,9211,0,796268,1.16,0,1.00057425695297
07-03-2022,796771,9211,0,796771,1.16,0,1.0006316968658793
07-04-2022,797374,9211,0,797374,1.16,0,1.0007568046527797
07-05-2022,797940,9212,0,797940,1.15,0,1.000709830017031
07-06-2022,798474,9215,0,798474,1.15,0,1.0006692232498684
07-07-2022,798977,9218,0,798977,1.15,0,1.0006299516327395
07-08-2022,799435,9219,0,799435,1.15,0,1.0005732330217265
07-09-2022,799788,9220,0,799788,1.15,0,1.0004415618530587
07-10-2022,800087,9221,0,800087,1.15,0,1.0003738490700036
07-11-2022,800462,9221,0,800462,1.15,0,1.0004686990289806
07-12-2022,800869,9223,0,800869,1.15,0,1.0005084563664484
07-13-2022,801349,9225,0,801349,1.15,0,1.0005993489571952
07-14-2022,801935,9228,0,801935,1.15,0,1.0007312669011879
07-15-2022,802586,9229,0,802586,1.15,0,1.0008117864914239
07-16-2022,803158,9230,0,803158,1.15,0,1.0007126962095028
07-17-2022,803764,9232,0,803764,1.15,0,1.000754521526275
07-18-2022,804570,9233,0,804570,1.15,0,1.0010027819111083
07-19-2022,805277,9233,0,805277,1.15,0,1.0008787302534272
07-20-2022,805879,9233,0,805879,1.15,0,1.00074756884898
07-21-2022,806401,9236,0,806401,1.15,0,1.0006477399212537
07-22-2022,806877,9237,0,806877,1.14,0,1.0005902770457873
07-23-2022,807215,9238,0,807215,1.14,0,1.000418899039135
07-24-2022,807591,9239,0,807591,1.14,0,1.000465799074596
07-25-2022,808053,9240,0,808053,1.14,0,1.0005720717541429
07-26-2022,808419,9243,0,808419,1.14,0,1.0004529405868179
07-27-2022,808742,9243,0,808742,1.14,0,1.0003995452853038
07-28-2022,809026,9245,0,809026,1.14,0,1.0003511626699244
07-29-2022,809274,9247,0,809274,1.14,0,1.000306541446134
07-30-2022,809449,9250,0,809449,1.14,0,1.000216243200696
07-31-2022,809672,9251,0,809672,1.14,0,1.0002754960473113
08-01-2022,809960,9252,0,809960,1.14,0,1.0003556995919336
08-02-2022,810187,9255,0,810187,1.14,0,1.0002802607536174
08-03-2022,810394,9255,0,810394,1.14,0,1.0002554965705448
08-04-2022,810583,9257,0,810583,1.14,0,1.0002332198905717
08-05-2022,810760,9257,0,810760,1.14,0,1.0002183613522613
08-06-2022,810887,9260,0,810887,1.14,0,1.0001566431496374
08-07-2022,811034,9261,0,811034,1.14,0,1.000181282965444
08-08-2022,811217,9261,0,811217,1.14,0,1.0002256378894103
08-09-2022,811362,9263,0,811362,1.14,0,1.0001787437886533
08-10-2022,811512,9264,0,811512,1.14,0,1.0001848743224355
08-11-2022,811642,9265,0,811642,1.14,0,1.000160194796873
08-12-2022,811748,9266,0,811748,1.14,0,1.0001305994514822
08-13-2022,811853,9269,0,811853,1.14,0,1.0001293504880826
08-14-2022,811958,9269,0,811958,1.14,0,1.0001293337586976
08-15-2022,812093,9271,0,812093,1.14,0,1.0001662647575367
08-16-2022,812196,9272,0,812196,1.14,0,1.0001268327642276
08-17-2022,812300,9272,0,812300,1.14,0,1.000128047909618
08-18-2022,812397,9273,0,812397,1.14,0,1.0001194140096024
08-19-2022,812486,9274,0,812486,1.14,0,1.0001095523494055
08-20-2022,812550,9276,0,812550,1.14,0,1.000078770588047
08-21-2022,812624,9277,0,812624,1.14,0,1.0000910713186881
08-22-2022,812736,9280,0,812736,1.14,0,1.0001378251196125
08-23-2022,812824,9280,0,812824,1.14,0,1.0001082762422238
08-24-2022,812903,9282,0,812903,1.14,0,1.000097192012047
08-25-2022,812975,9284,0,812975,1.14,0,1.0000885714531746
08-26-2022,813042,9287,0,813042,1.14,0,1.0000824133583444
08-27-2022,813107,9288,0,813107,1.14,0,1.0000799466694217
08-28-2022,813186,9289,0,813186,1.14,0,1.0000971581845932
08-29-2022,813284,9292,0,813284,1.14,0,1.0001205136340272
08-30-2022,813376,9293,0,813376,1.14,0,1.0001131216155734
08-31-2022,813461,9295,0,813461,1.14,0,1.0001045027146116
09-01-2022,813542,9297,0,813542,1.14,0,1.0000995745339973
09-02-2022,813616,9299,0,813616,1.14,0,1.000090960270029
09-03-2022,813682,9302,0,813682,1.14,0,1.0000811193486854
09-04-2022,813764,9303,0,813764,1.14,0,1.0001007764704148
09-05-2022,813878,9306,0,813878,1.14,0,1.0001400897557522
09-06-2022,813986,9309,0,813986,1.14,0,1.0001326980210794
09-07-2022,814088,9310,0,814088,1.14,0,1.0001253092805036
09-08-2022,814192,9312,0,814192,1.14,0,1.000127750316919
09-09-2022,814278,9313,0,814278,1.14,0,1.0001056261913652
09-10-2022,814356,9315,0,814356,1.14,0,1.000095790381172
09-11-2022,814465,9316,0,814465,1.14,0,1.0001338480959188
09-12-2022,814597,9317,0,814597,1.14,0,1.0001620695794171
09-13-2022,814722,9320,0,814722,1.14,0,1.0001534501109137
09-14-2022,814829,9322,0,814829,1.14,0,1.0001313331418569
09-15-2022,814937,9324,0,814937,1.14,0,1.0001325431470898
09-16-2022,815035,9327,0,815035,1.14,0,1.0001202546945347
09-17-2022,815097,9330,0,815097,1.14,0,1.0000760703528069
09-18-2022,815195,9331,0,815195,1.14,0,1.0001202310890607
09-19-2022,815326,9332,0,815326,1.14,0,1.0001606977471649
09-20-2022,815431,9333,0,815431,1.14,0,1.0001287828426912
09-21-2022,815529,9335,0,815529,1.14,0,1.0001201818424859
09-22-2022,815609,9337,0,815609,1.14,0,1.0000980958371806
09-23-2022,815686,9340,0,815686,1.15,0,1.0000944079822562
09-24-2022,815743,9341,0,815743,1.15,0,1.0000698798312095
09-25-2022,815839,9342,0,815839,1.15,0,1.0001176841235537
09-26-2022,816000,9344,0,816000,1.15,0,1.0001973428580884
09-27-2022,816130,9347,0,816130,1.15,0,1.0001593137254903
09-28-2022,816262,9350,0,816262,1.15,0,1.0001617389386495
09-29-2022,816389,9351,0,816389,1.15,0,1.000155587299176
09-30-2022,816498,9352,0,816498,1.15,0,1.0001335147827812
10-01-2022,816575,9353,0,816575,1.15,0,1.0000943051911946
10-02-2022,816664,9355,0,816664,1.15,0,1.000108991825613
10-03-2022,816820,9357,0,816820,1.15,0,1.0001910210319054
10-04-2022,816975,9360,0,816975,1.15,0,1.0001897602899048
10-05-2022,817127,9361,0,817127,1.15,0,1.0001860522047799
10-06-2022,817264,9362,0,817264,1.15,0,1.0001676605962109
10-07-2022,817403,9364,0,817403,1.15,0,1.0001700796804949
10-08-2022,817490,9365,0,817490,1.15,0,1.0001064346472914
10-09-2022,817612,9368,0,817612,1.15,0,1.0001492372995389
10-10-2022,817838,9369,0,817838,1.15,0,1.0002764147297252
10-11-2022,818033,9372,0,818033,1.15,0,1.0002384335284005
10-12-2022,818236,9374,0,818236,1.15,0,1.0002481562479753
10-13-2022,818427,9376,0,818427,1.15,0,1.0002334289862582
10-14-2022,818592,9379,0,818592,1.15,0,1.0002016062519932
10-15-2022,818592,9379,0,818592,1.15,0,1.0
10-16-2022,818837,9381,0,818837,1.15,0,1.000299294398186
10-17-2022,819083,9383,0,819083,1.15,0,1.0003004260921282
10-18-2022,819323,9384,0,819323,1.15,0,1.0002930105984376
10-19-2022,819570,9387,0,819570,1.15,0,1.0003014684074534
10-20-2022,819811,9390,0,819811,1.15,0,1.0002940566394574
10-21-2022,820027,9391,0,820027,1.15,0,1.000263475362004
10-22-2022,820156,9392,0,820156,1.15,0,1.0001573118933889
10-23-2022,820334,9393,0,820334,1.15,0,1.0002170318817396
10-24-2022,820644,9395,0,820644,1.14,0,1.0003778948574604
10-25-2022,820920,9397,0,820920,1.14,0,1.0003363212306433
10-26-2022,821246,9400,0,821246,1.14,0,1.000397115431467
10-27-2022,821540,9401,0,821540,1.14,0,1.0003579926112274
10-28-2022,821777,9403,0,821777,1.14,0,1.0002884826058378
10-29-2022,821937,9405,0,821937,1.14,0,1.0001947000220255
10-30-2022,822132,9406,0,822132,1.14,0,1.0002372444603418
10-31-2022,822459,9407,0,822459,1.14,0,1.000397746347302
11-01-2022,822718,9409,0,822718,1.14,0,1.0003149093146284
11-02-2022,822976,9412,0,822976,1.14,0,1.0003135946946584
11-03-2022,823203,9415,0,823203,1.14,0,1.0002758282137025
11-04-2022,823388,9416,0,823388,1.14,0,1.000224731931249
11-05-2022,823494,9417,0,823494,1.14,0,1.0001287363915918
11-06-2022,823624,9418,0,823624,1.14,0,1.0001578639310063
11-07-2022,823834,9421,0,823834,1.14,0,1.000254970714792
11-08-2022,824003,9423,0,824003,1.14,0,1.0002051384138066
11-09-2022,824151,9425,0,824151,1.14,0,1.000179610996562
11-10-2022,824273,9426,0,824273,1.14,0,1.000148031125364
11-11-2022,824377,9429,0,824377,1.14,0,1.0001261717901715
11-12-2022,824438,9432,0,824438,1.14,0,1.000073995271581
11-13-2022,824513,9433,0,824513,1.14,0,1.000090971061499
11-14-2022,824640,9435,0,824640,1.14,0,1.0001540303185033
11-15-2022,824747,9438,0,824747,1.14,0,1.0001297535894451
11-16-2022,824834,9440,0,824834,1.14,0,1.000105486894769
11-17-2022,824917,9442,0,824917,1.14,0,1.000100626307839
11-18-2022,824984,9443,0,824984,1.14,0,1.0000812202924658
11-19-2022,825029,9446,0,825029,1.14,0,1.0000545465124173
11-20-2022,825087,9447,0,825087,1.14,0,1.0000703005591318
11-21-2022,825176,9448,0,825176,1.14,0,1.00010786741277
11-22-2022,825239,9449,0,825239,1.15,0,1.0000763473489291
11-23-2022,825290,9451,0,825290,1.15,0,1.0000618002784647
11-24-2022,825332,9454,0,825332,1.15,0,1.0000508912018806
11-25-2022,825372,9456,0,825372,1.15,0,1.0000484653448551
11-26-2022,825402,9457,0,825402,1.15,0,1.0000363472470595
11-27-2022,825436,9458,0,825436,1.15,0,1.0000411920494499
11-28-2022,825497,9459,0,825497,1.15,0,1.00007390033873
11-29-2022,825549,9461,0,825549,1.15,0,1.0000629923549087
11-30-2022,825597,9464,0,825597,1.15,0,1.000058143126574
12-01-2022,825640,9465,0,825640,1.15,0,1.0000520835225903
12-02-2022,825681,9468,0,825681,1.15,0,1.0000496584467806
12-03-2022,825718,9471,0,825718,1.15,0,1.0000448114949962
12-04-2022,825773,9472,0,825773,1.15,0,1.0000666086969159
12-05-2022,825859,9474,0,825859,1.15,0,1.0001041448436798
12-06-2022,825936,9476,0,825936,1.15,0,1.0000932362546149
12-07-2022,826009,9477,0,826009,1.15,0,1.0000883845721702
12-08-2022,826064,9480,0,826064,1.15,0,1.0000665852309116
12-09-2022,826117,9481,0,826117,1.15,0,1.0000641596777005
12-10-2022,826153,9482,0,826153,1.15,0,1.0000435773625285
12-11-2022,826191,9484,0,826191,1.15,0,1.000045996322715
12-12-2022,826259,9486,0,826259,1.15,0,1.000082305423322
12-13-2022,826312,9487,0,826312,1.15,0,1.0000641445357932
12-14-2022,826365,9490,0,826365,1.15,0,1.0000641404215358
12-15-2022,826410,9491,0,826410,1.15,0,1.0000544553556843
12-16-2022,826450,9492,0,826450,1.15,0,1.0000484021248532
12-17-2022,826478,9494,0,826478,1.15,0,1.0000338798475408
12-18-2022,826516,9496,0,826516,1.15,0,1.0000459782353552
12-19-2022,826575,9498,0,826575,1.15,0,1.0000713839780475
12-20-2022,826621,9499,0,826621,1.15,0,1.000055651332305
12-21-2022,826667,9502,0,826667,1.15,0,1.0000556482354066
12-22-2022,826711,9503,0,826711,1.15,0,1.0000532257849897
12-23-2022,826743,9506,0,826743,1.15,0,1.0000387076015682
12-24-2022,826766,9508,0,826766,1.15,0,1.0000278200117811
12-25-2022,826797,9509,0,826797,1.15,0,1.000037495494493
12-26-2022,826850,9510,0,826850,1.15,0,1.000064102796696
12-27-2022,826890,9512,0,826890,1.15,0,1.0000483763681443
12-28-2022,826927,9513,0,826927,1.15,0,1.0000447459758854
12-29-2022,826954,9514,0,826954,1.15,0,1.0000326510078883
12-30-2022,826984,9515,0,826984,1.15,0,1.0000362777131497
12-31-2022,827004,9518,0,827004,1.15,0,1.00002418426475
01-01-2023,827032,9520,0,827032,1.15,0,1.0000338571518397
01-02-2023,827071,9521,0,827071,1.15,0,1.0000471565791893
01-03-2023,827100,9524,0,827100,1.15,0,1.0000350634951534
01-04-2023,827128,9526,0,827128,1.15,0,1.0000338532221014
01-05-2023,827152,9527,0,827152,1.15,0,1.000029016065228
01-06-2023,827172,9528,0,827172,1.15,0,1.000024179352767
01-07-2023,827190,9529,0,827190,1.15,0,1.0000217608913262
01-08-2023,827213,9531,0,827213,1.15,0,1.0000278049783
01-09-2023,827246,9533,0,827246,1.15,0,1.0000398929900762
01-10-2023,827275,9534,0,827275,1.15,0,1.0000350560776359
01-11-2023,827305,9537,0,827305,1.15,0,1.0000362636366384
01-12-2023,827332,9539,0,827332,1.15,0,1.0000326360894711
01-13-2023,827358,9540,0,827358,1.15,0,1.0000314263197845
01-14-2023,827372,9542,0,827372,1.15,0,1.0000169213327241
01-15-2023,827391,9544,0,827391,1.15,0,1.0000229642772538
01-16-2023,827422,9545,0,827422,1.15,0,1.0000374671709023
01-17-2023,827453,9546,0,827453,1.15,0,1.000037465767166
01-18-2023,827488,9549,0,827488,1.15,0,1.0000422984749586
01-19-2023,827522,9552,0,827522,1.15,0,1.0000410882091342
01-20-2023,827556,9554,0,827556,1.15,0,1.0000410865209626
01-21-2023,827578,9555,0,827578,1.15,0,1.0000265843036604
01-22-2023,827608,9557,0,827608,1.15,0,1.0000362503594826
01-23-2023,827658,9560,0,827658,1.16,0,1.0000604150757364
01-24-2023,827697,9561,0,827697,1.16,0,1.0000471209122608
01-25-2023,827737,9563,0,827737,1.16,0,1.0000483268635745
01-26-2023,827772,9564,0,827772,1.16,0,1.0000422839621763
01-27-2023,827807,9566,0,827807,1.16,0,1.0000422821743185
01-28-2023,827828,9568,0,827828,1.16,0,1.000025368231967
01-29-2023,827861,9570,0,827861,1.16,0,1.000039863353257
01-30-2023,827916,9571,0,827916,1.16,0,1.0000664362737224
01-31-2023,827962,9574,0,827962,1.16,0,1.0000555611921982
02-01-2023,828012,9575,0,828012,1.16,0,1.0000603892449171
02-02-2023,828064,9577,0,828064,1.16,0,1.0000628010222075
02-03-2023,828106,9578,0,828106,1.16,0,1.0000507207172393
02-04-2023,828131,9579,0,828131,1.16,0,1.000030189371892
02-05-2023,828171,9580,0,828171,1.16,0,1.0000483015368342
02-06-2023,828236,9582,0,828236,1.16,0,1.0000784862063512
02-07-2023,828294,9583,0,828294,1.16,0,1.0000700283494077
02-08-2023,828356,9586,0,828356,1.16,0,1.0000748526489387
02-09-2023,828410,9587,0,828410,1.16,0,1.0000651893630275
02-10-2023,828456,9590,0,828456,1.16,0,1.0000555280597772
02-11-2023,828486,9591,0,828486,1.16,0,1.0000362119412498
02-12-2023,828525,9592,0,828525,1.16,0,1.0000470738189904
02-13-2023,828595,9593,0,828595,1.16,0,1.0000844874928336
02-14-2023,828662,9595,0,828662,1.16,0,1.0000808597686446
02-15-2023,828729,9596,0,828729,1.16,0,1.000080853230871
02-16-2023,828793,9598,0,828793,1.16,0,1.0000772266929236
02-17-2023,828842,9599,0,828842,1.16,0,1.0000591221209638
02-18-2023,828874,9600,0,828874,1.16,0,1.0000386080821193
02-19-2023,828917,9602,0,828917,1.16,0,1.000051877607453
02-20-2023,828983,9605,0,828983,1.16,0,1.0000796219645633
02-21-2023,829041,9606,0,829041,1.16,0,1.0000699652465732
02-22-2023,829095,9607,0,829095,1.16,0,1.000065135499933
02-23-2023,829137,9608,0,829137,1.16,0,1.0000506576447814
02-24-2023,829185,9611,0,829185,1.16,0,1.0000578915185308
02-25-2023,829228,9613,0,829228,1.16,0,1.00005185814987
02-26-2023,829287,9614,0,829287,1.16,0,1.0000711505159015
02-27-2023,829388,9615,0,829388,1.16,0,1.000121791370177
02-28-2023,829478,9614,0,829478,1.16,0,1.000108513747486
03-01-2023,829554,9615,0,829554,1.16,0,1.000091623888759
03-02-2023,829624,9617,0,829624,1.16,0,1.0000843826923864
03-03-2023,829624,9617,0,829624,1.16,0,1.0
03-04-2023,829730,9617,0,829730,1.16,0,1.000127768724145
03-05-2023,829784,9617,0,829784,1.16,0,1.0000650814120255
03-06-2023,829882,9617,0,829882,1.16,0,1.0001181030244015
03-07-2023,829955,9618,0,829955,1.16,0,1.0000879643129987
03-08-2023,830044,9618,0,830044,1.16,0,1.0001072347295938
03-09-2023,830127,9618,0,830127,1.16,0,1.0000999946990763
