date,total_confirmed,total_deaths,total_recovered,total_infected,mortality_rate,recovery_rate,daily_growth_rate
03-11-2020,1,0,0,1,0,0,1
03-12-2020,2,0,0,2,0,0,2.0
03-13-2020,8,0,0,8,0,0,4.0
03-14-2020,8,0,0,8,0,0,1.0
03-15-2020,10,0,0,10,0,0,1.25
03-16-2020,10,0,2,8,0,20.0,1.0
03-17-2020,12,0,2,10,0,16.67,1.2
03-18-2020,13,0,2,11,0,15.38,1.0833333333333333
03-19-2020,15,1,2,13,6.67,13.33,1.1538461538461537
03-20-2020,16,1,2,14,6.25,12.5,1.0666666666666667
03-21-2020,16,1,2,14,6.25,12.5,1.0
03-22-2020,19,1,2,17,5.26,10.53,1.1875
03-23-2020,19,1,2,17,5.26,10.53,1.0
03-24-2020,21,1,2,19,4.76,9.52,1.1052631578947367
03-25-2020,26,1,2,24,3.85,7.69,1.2380952380952381
03-26-2020,26,1,2,24,3.85,7.69,1.0
03-27-2020,26,1,2,24,3.85,7.69,1.0
03-28-2020,30,1,2,28,3.33,6.67,1.1538461538461537
03-29-2020,32,1,2,30,3.13,6.25,1.0666666666666667
03-30-2020,36,1,2,34,2.78,5.56,1.125
03-31-2020,36,1,2,34,2.78,5.56,1.0
04-01-2020,44,3,2,42,6.82,4.55,1.2222222222222223
04-02-2020,47,3,2,45,6.38,4.26,1.0681818181818181
04-03-2020,47,3,2,45,6.38,4.26,1.0
04-04-2020,53,3,7,46,5.66,13.21,1.127659574468085
04-05-2020,58,3,8,50,5.17,13.79,1.0943396226415094
04-06-2020,58,3,8,50,5.17,13.79,1.0
04-07-2020,63,3,8,55,4.76,12.7,1.0862068965517242
04-08-2020,63,4,10,53,6.35,15.87,1.0
04-09-2020,63,4,12,51,6.35,19.05,1.0
04-10-2020,63,4,13,50,6.35,20.63,1.0
04-11-2020,65,4,13,52,6.15,20.0,1.0317460317460316
04-12-2020,69,4,13,56,5.8,18.84,1.0615384615384615
04-13-2020,73,4,19,54,5.48,26.03,1.0579710144927537
04-14-2020,73,4,19,54,5.48,26.03,1.0
04-15-2020,125,5,21,104,4.0,16.8,1.7123287671232876
04-16-2020,143,5,21,122,3.5,14.69,1.144
04-17-2020,143,5,25,118,3.5,17.48,1.0
04-18-2020,163,5,25,138,3.07,15.34,1.1398601398601398
04-19-2020,173,5,27,146,2.89,15.61,1.0613496932515338
04-20-2020,223,5,27,196,2.24,12.11,1.2890173410404624
04-21-2020,223,6,27,196,2.69,12.11,1.0
04-22-2020,233,6,27,206,2.58,11.59,1.0448430493273542
04-23-2020,257,6,28,229,2.33,10.89,1.1030042918454936
04-24-2020,288,7,28,260,2.43,9.72,1.1206225680933852
04-25-2020,305,7,28,277,2.3,9.18,1.0590277777777777
04-26-2020,350,7,28,322,2.0,8.0,1.1475409836065573
04-27-2020,364,7,29,335,1.92,7.97,1.04
04-28-2020,364,7,29,335,1.92,7.97,1.0
04-29-2020,396,7,29,367,1.77,7.32,1.0879120879120878
04-30-2020,422,8,29,393,1.9,6.87,1.0656565656565657
05-01-2020,432,8,31,401,1.85,7.18,1.0236966824644549
05-02-2020,463,8,33,430,1.73,7.13,1.0717592592592593
05-03-2020,469,9,38,431,1.92,8.1,1.0129589632829374
05-04-2020,471,9,38,433,1.91,8.07,1.004264392324094
05-05-2020,473,9,56,417,1.9,11.84,1.0042462845010616
05-06-2020,478,9,57,421,1.88,11.92,1.0105708245243128
05-07-2020,488,9,58,430,1.84,11.89,1.0209205020920502
05-08-2020,490,9,62,428,1.84,12.65,1.0040983606557377
05-09-2020,490,9,62,428,1.84,12.65,1.0
05-10-2020,502,9,90,412,1.79,17.93,1.0244897959183674
05-11-2020,505,9,90,415,1.78,17.82,1.0059760956175299
05-12-2020,507,9,100,407,1.78,19.72,1.003960396039604
05-13-2020,509,9,113,396,1.77,22.2,1.0039447731755424
05-14-2020,509,9,118,391,1.77,23.18,1.0
05-15-2020,511,9,121,390,1.76,23.68,1.0039292730844793
05-16-2020,517,9,121,396,1.74,23.4,1.0117416829745598
05-17-2020,520,9,127,393,1.73,24.42,1.0058027079303675
05-18-2020,520,9,131,389,1.73,25.19,1.0
05-19-2020,520,9,145,375,1.73,27.88,1.0
05-20-2020,529,9,171,358,1.7,32.33,1.0173076923076922
05-21-2020,534,9,181,353,1.69,33.9,1.00945179584121
05-22-2020,544,9,191,353,1.65,35.11,1.0187265917602997
05-23-2020,550,9,200,350,1.64,36.36,1.0110294117647058
05-24-2020,552,9,211,341,1.63,38.22,1.0036363636363637
05-25-2020,556,9,238,318,1.62,42.81,1.0072463768115942
05-26-2020,564,9,267,297,1.6,47.34,1.014388489208633
05-27-2020,569,9,279,290,1.58,49.03,1.0088652482269505
05-28-2020,569,9,284,285,1.58,49.91,1.0
05-29-2020,575,9,289,286,1.57,50.26,1.0105448154657293
05-30-2020,581,9,290,291,1.55,49.91,1.0104347826086957
05-31-2020,586,9,311,275,1.54,53.07,1.008605851979346
06-01-2020,588,9,322,266,1.53,54.76,1.0034129692832765
06-02-2020,590,9,356,234,1.53,60.34,1.0034013605442176
06-03-2020,591,10,361,230,1.69,61.08,1.0016949152542374
06-04-2020,591,10,368,223,1.69,62.27,1.0
06-05-2020,595,10,385,210,1.68,64.71,1.0067681895093064
06-06-2020,596,10,404,192,1.68,67.79,1.0016806722689076
06-07-2020,598,10,405,193,1.67,67.73,1.0033557046979866
06-08-2020,599,10,405,194,1.67,67.61,1.0016722408026757
06-09-2020,605,10,405,200,1.65,66.94,1.010016694490818
06-10-2020,605,10,407,198,1.65,67.27,1.0
06-11-2020,611,10,408,203,1.64,66.78,1.0099173553719007
06-12-2020,614,10,417,197,1.63,67.92,1.004909983633388
06-13-2020,615,10,420,195,1.63,68.29,1.001628664495114
06-14-2020,617,10,420,197,1.62,68.07,1.0032520325203251
06-15-2020,621,10,430,191,1.61,69.24,1.006482982171799
06-16-2020,621,10,449,172,1.61,72.3,1.0
06-17-2020,626,10,451,175,1.6,72.04,1.0080515297906603
06-18-2020,638,10,458,180,1.57,71.79,1.0191693290734825
06-19-2020,652,10,458,194,1.53,70.25,1.0219435736677116
06-20-2020,657,10,462,195,1.52,70.32,1.0076687116564418
06-21-2020,659,10,516,143,1.52,78.3,1.0030441400304415
06-22-2020,665,10,516,149,1.5,77.59,1.0091047040971168
06-23-2020,670,10,518,152,1.49,77.31,1.0075187969924813
06-24-2020,678,10,521,157,1.47,76.84,1.0119402985074626
06-25-2020,684,10,526,158,1.46,76.9,1.008849557522124
06-26-2020,686,10,539,147,1.46,78.57,1.0029239766081872
06-27-2020,690,10,552,138,1.45,80.0,1.0058309037900874
06-28-2020,696,10,552,144,1.44,79.31,1.008695652173913
06-29-2020,698,10,553,145,1.43,79.23,1.0028735632183907
06-30-2020,702,10,553,149,1.42,78.77,1.005730659025788
07-01-2020,707,10,555,152,1.41,78.5,1.0071225071225072
07-02-2020,715,10,560,155,1.4,78.32,1.0113154172560113
07-03-2020,721,10,565,156,1.39,78.36,1.0083916083916085
07-04-2020,728,10,569,159,1.37,78.16,1.0097087378640777
07-05-2020,732,10,584,148,1.37,79.78,1.0054945054945055
07-06-2020,737,10,591,146,1.36,80.19,1.0068306010928962
07-07-2020,745,10,599,146,1.34,80.4,1.010854816824966
07-08-2020,751,10,600,151,1.33,79.89,1.0080536912751679
07-09-2020,753,10,603,150,1.33,80.08,1.0026631158455392
07-10-2020,753,10,605,148,1.33,80.35,1.0
07-11-2020,758,10,615,143,1.32,81.13,1.0066401062416999
07-12-2020,758,10,620,138,1.32,81.79,1.0
07-13-2020,759,10,628,131,1.32,82.74,1.0013192612137203
07-14-2020,762,10,643,119,1.31,84.38,1.0039525691699605
07-15-2020,763,10,647,116,1.31,84.8,1.0013123359580052
07-16-2020,765,10,647,118,1.31,84.58,1.0026212319790302
07-17-2020,768,10,678,90,1.3,88.28,1.003921568627451
07-18-2020,774,10,679,95,1.29,87.73,1.0078125
07-19-2020,790,10,693,97,1.27,87.72,1.020671834625323
07-20-2020,809,10,706,103,1.24,87.27,1.0240506329113923
07-21-2020,810,10,709,101,1.23,87.53,1.0012360939431397
07-22-2020,816,10,710,106,1.23,87.01,1.0074074074074073
07-23-2020,821,10,711,110,1.22,86.6,1.0061274509803921
07-24-2020,831,10,711,120,1.2,85.56,1.0121802679658953
07-25-2020,837,10,711,126,1.19,84.95,1.0072202166064983
07-26-2020,842,10,714,128,1.19,84.8,1.005973715651135
07-27-2020,853,10,714,139,1.17,83.7,1.013064133016627
07-28-2020,855,10,724,131,1.17,84.68,1.0023446658851114
07-29-2020,856,10,724,132,1.17,84.58,1.001169590643275
07-30-2020,864,10,724,140,1.16,83.8,1.0093457943925233
07-31-2020,878,10,726,152,1.14,82.69,1.0162037037037037
08-01-2020,883,10,743,140,1.13,84.14,1.0056947608200455
08-02-2020,894,12,743,151,1.34,83.11,1.012457531143828
08-03-2020,905,12,743,162,1.33,82.1,1.012304250559284
08-04-2020,920,12,745,175,1.3,80.98,1.0165745856353592
08-05-2020,928,12,745,183,1.29,80.28,1.008695652173913
08-06-2020,958,12,745,213,1.25,77.77,1.0323275862068966
08-07-2020,987,13,745,242,1.32,75.48,1.0302713987473904
08-08-2020,1003,13,745,258,1.3,74.28,1.0162107396149949
08-09-2020,1023,14,745,278,1.37,72.83,1.0199401794616152
08-10-2020,1031,14,745,286,1.36,72.26,1.007820136852395
08-11-2020,1047,14,753,294,1.34,71.92,1.0155189136760427
08-12-2020,1065,14,753,312,1.31,70.7,1.0171919770773639
08-13-2020,1071,14,754,317,1.31,70.4,1.0056338028169014
08-14-2020,1082,14,761,321,1.29,70.33,1.0102707749766573
08-15-2020,1082,14,761,321,1.29,70.33,1.0
08-16-2020,1113,14,764,349,1.26,68.64,1.0286506469500925
08-17-2020,1129,14,764,365,1.24,67.67,1.014375561545373
08-18-2020,1146,14,770,376,1.22,67.19,1.0150575730735163
08-19-2020,1192,14,772,420,1.17,64.77,1.0401396160558465
08-20-2020,1290,15,788,502,1.16,61.09,1.082214765100671
08-21-2020,1346,16,788,558,1.19,58.54,1.0434108527131782
08-22-2020,1346,16,788,558,1.19,58.54,1.0
08-23-2020,1529,16,819,710,1.05,53.56,1.1359583952451708
08-24-2020,1612,16,819,793,0.99,50.81,1.0542838456507522
08-25-2020,1732,19,840,892,1.1,48.5,1.0744416873449132
08-26-2020,1804,19,846,958,1.05,46.9,1.0415704387990763
08-27-2020,1870,19,846,1024,1.02,45.24,1.0365853658536586
08-28-2020,2011,19,888,1123,0.94,44.16,1.0754010695187166
08-29-2020,2113,20,890,1223,0.95,42.12,1.0507210343112878
08-30-2020,2357,21,890,1467,0.89,37.76,1.115475627070516
08-31-2020,2459,21,890,1569,0.85,36.19,1.0432753500212133
09-01-2020,2459,21,890,1569,0.85,36.19,1.0
09-02-2020,2683,24,898,1785,0.89,33.47,1.0910939406262707
09-03-2020,2896,29,921,1975,1.0,31.8,1.079388743943347
09-04-2020,2964,30,922,2042,1.01,31.11,1.0234806629834254
09-05-2020,3024,32,950,2074,1.06,31.42,1.0202429149797572
09-06-2020,3103,33,958,2145,1.06,30.87,1.0261243386243386
09-07-2020,3183,34,974,2209,1.07,30.6,1.0257815017724783
09-08-2020,3323,36,992,2331,1.08,29.85,1.0439836632108075
09-09-2020,3437,38,1019,2418,1.11,29.65,1.0343063496840204
09-10-2020,3511,40,1019,2492,1.14,29.02,1.0215304044224613
09-11-2020,3511,40,1019,2492,1.14,29.02,1.0
09-12-2020,3623,40,1072,2551,1.1,29.59,1.0318997436627741
09-13-2020,3771,42,1149,2622,1.11,30.47,1.0408501242064587
09-14-2020,3933,44,1161,2772,1.12,29.52,1.0429594272076372
09-15-2020,4042,46,1163,2879,1.14,28.77,1.027714213068904
09-16-2020,4164,46,1180,2984,1.1,28.34,1.0301830776843146
09-17-2020,4374,51,1225,3149,1.17,28.01,1.0504322766570606
09-18-2020,4571,55,1264,3307,1.2,27.65,1.0450388660265204
09-19-2020,4758,60,1327,3431,1.26,27.89,1.040910085320499
09-20-2020,4988,67,1350,3638,1.34,27.06,1.048339638503573
09-21-2020,5143,70,1407,3736,1.36,27.36,1.031074578989575
09-22-2020,5270,75,1444,3826,1.42,27.4,1.0246937585067082
09-23-2020,5395,76,1444,3951,1.41,26.77,1.023719165085389
09-24-2020,5588,77,1490,4098,1.38,26.66,1.0357738646895274
09-25-2020,5723,80,1496,4227,1.4,26.14,1.0241589119541876
09-26-2020,5854,88,1624,4230,1.5,27.74,1.0228900926087716
09-27-2020,6017,89,1706,4311,1.48,28.35,1.0278442090878033
09-28-2020,6170,93,1741,4429,1.51,28.22,1.0254279541299651
09-29-2020,6408,101,1770,4638,1.58,27.62,1.0385737439222043
09-30-2020,6482,107,1867,4615,1.65,28.8,1.0115480649188515
10-01-2020,6555,111,1991,4564,1.69,30.37,1.0112619561863623
10-02-2020,6704,116,2112,4592,1.73,31.5,1.0227307398932113
10-03-2020,6795,119,2345,4450,1.75,34.51,1.0135739856801909
10-04-2020,6895,120,2460,4435,1.74,35.68,1.0147167034584252
10-05-2020,7012,120,2635,4377,1.71,37.58,1.0169688179840464
10-06-2020,7109,123,2674,4435,1.73,37.61,1.0138334284084427
10-07-2020,7191,126,2700,4491,1.75,37.55,1.0115346743564495
10-08-2020,7273,128,2732,4541,1.76,37.56,1.0114031428174106
10-09-2020,7363,132,3102,4261,1.79,42.13,1.0123745359549017
10-10-2020,7559,138,3142,4417,1.83,41.57,1.026619584408529
10-11-2020,7718,139,3162,4556,1.8,40.97,1.0210345283767694
10-12-2020,7813,146,3237,4576,1.87,41.43,1.0123088883130344
10-13-2020,7910,146,3303,4607,1.85,41.76,1.0124152054268527
10-14-2020,7989,151,3431,4558,1.89,42.95,1.0099873577749683
10-15-2020,8067,160,3481,4586,1.98,43.15,1.0097634247089748
10-16-2020,8132,162,3653,4479,1.99,44.92,1.0080575182843685
10-17-2020,8195,168,3653,4542,2.05,44.58,1.0077471716674864
10-18-2020,8274,171,3859,4415,2.07,46.64,1.0096400244051251
10-19-2020,8321,173,3951,4370,2.08,47.48,1.0056804447667391
10-20-2020,8374,174,4002,4372,2.08,47.79,1.0063694267515924
10-21-2020,8445,174,4016,4429,2.06,47.55,1.0084786243133508
10-22-2020,8600,179,4095,4505,2.08,47.62,1.0183540556542332
10-23-2020,8638,182,4156,4482,2.11,48.11,1.0044186046511627
10-24-2020,8670,186,4209,4461,2.15,48.55,1.003704561241028
10-25-2020,8714,188,4282,4432,2.16,49.14,1.0050749711649365
10-26-2020,8749,192,4303,4446,2.19,49.18,1.0040165251319715
10-27-2020,8787,196,4347,4440,2.23,49.47,1.0043433535261173
10-28-2020,8851,198,4379,4472,2.24,49.47,1.0072834869693865
10-29-2020,8927,202,4429,4498,2.26,49.61,1.0085866003841373
10-30-2020,9005,205,4442,4563,2.28,49.33,1.0087375378066539
10-31-2020,9094,206,4510,4584,2.27,49.59,1.00988339811216
11-01-2020,9131,208,4617,4514,2.28,50.56,1.004068616670332
11-02-2020,9257,210,4637,4620,2.27,50.09,1.013799145767167
11-03-2020,9296,214,4666,4630,2.3,50.19,1.0042130279788268
11-04-2020,9326,215,4704,4622,2.31,50.44,1.0032271944922548
11-05-2020,9373,217,4745,4628,2.32,50.62,1.0050396740295946
11-06-2020,9426,218,4801,4625,2.31,50.93,1.0056545396351222
11-07-2020,9472,218,4878,4594,2.3,51.5,1.0048801188202843
11-08-2020,9506,221,4934,4572,2.32,51.9,1.003589527027027
11-09-2020,9542,221,4952,4590,2.32,51.9,1.0037870818430465
11-10-2020,9573,224,4987,4586,2.34,52.09,1.0032487948019284
11-11-2020,9581,225,4995,4586,2.35,52.13,1.000835683693722
11-12-2020,9634,225,5043,4591,2.34,52.35,1.0055317816511846
11-13-2020,9723,227,5168,4555,2.33,53.15,1.009238115009342
11-14-2020,9780,229,5228,4552,2.34,53.46,1.005862388151805
11-15-2020,9884,231,5248,4636,2.34,53.1,1.0106339468302659
11-16-2020,9929,231,5330,4599,2.33,53.68,1.0045528126264671
11-17-2020,9959,231,5338,4621,2.32,53.6,1.003021452311411
11-18-2020,10019,233,5369,4650,2.33,53.59,1.0060247012752284
11-19-2020,10088,235,5407,4681,2.33,53.6,1.0068869148617627
11-20-2020,10151,235,5432,4719,2.32,53.51,1.0062450436161776
11-21-2020,10240,237,5481,4759,2.31,53.53,1.0087676091025515
11-22-2020,10284,238,5505,4779,2.31,53.53,1.004296875
11-23-2020,10343,239,5518,4825,2.31,53.35,1.0057370672889927
11-24-2020,10422,243,5572,4850,2.33,53.46,1.007638016049502
11-25-2020,10488,247,5623,4865,2.36,53.61,1.0063327576280945
11-26-2020,10541,248,5721,4820,2.35,54.27,1.0050533943554538
11-27-2020,10600,250,5829,4771,2.36,54.99,1.0055971919172755
11-28-2020,10669,251,5953,4716,2.35,55.8,1.0065094339622642
11-29-2020,10709,256,6066,4643,2.39,56.64,1.003749179866904
11-30-2020,10763,257,6219,4544,2.39,57.78,1.0050424876272295
12-01-2020,10810,258,6364,4446,2.39,58.87,1.0043668122270741
12-02-2020,10864,258,6500,4364,2.37,59.83,1.004995374653099
12-03-2020,10911,259,6614,4297,2.37,60.62,1.0043262150220913
12-04-2020,10987,260,6730,4257,2.37,61.25,1.0069654477133168
12-05-2020,11063,261,6866,4197,2.36,62.06,1.0069172658596524
12-06-2020,11120,265,6998,4122,2.38,62.93,1.0051523095001356
12-07-2020,11184,265,7146,4038,2.37,63.89,1.0057553956834533
12-08-2020,11271,265,7292,3979,2.35,64.7,1.0077789699570816
12-09-2020,11369,266,7390,3979,2.34,65.0,1.008694880667199
12-10-2020,11443,270,7522,3921,2.36,65.73,1.006508927786085
12-11-2020,11509,270,7667,3842,2.35,66.62,1.005767718255702
12-12-2020,11608,271,7799,3809,2.33,67.19,1.0086019636805978
12-13-2020,11710,273,7954,3756,2.33,67.92,1.0087870434183321
12-14-2020,11792,273,8098,3694,2.32,68.67,1.007002561912895
12-15-2020,11875,276,8212,3663,2.32,69.15,1.007038670284939
12-16-2020,11907,276,8371,3536,2.32,70.3,1.0026947368421053
12-17-2020,11968,279,8525,3443,2.33,71.23,1.0051230368690687
12-18-2020,12039,283,8668,3371,2.35,72.0,1.005932486631016
12-19-2020,12135,285,8812,3323,2.35,72.62,1.0079740842262646
12-20-2020,12224,286,8966,3258,2.34,73.35,1.007334157395962
12-21-2020,12289,286,9113,3176,2.33,74.16,1.0053174083769634
12-22-2020,12354,288,9266,3088,2.33,75.0,1.0052892830987061
12-23-2020,12423,290,9416,3007,2.33,75.79,1.0055852355512385
12-24-2020,12519,292,9579,2940,2.33,76.52,1.0077276020284955
12-25-2020,12597,294,9737,2860,2.33,77.3,1.0062305295950156
12-26-2020,12684,294,9881,2803,2.32,77.9,1.0069064062872113
12-27-2020,12723,295,10019,2704,2.32,78.75,1.0030747398297066
12-28-2020,12732,298,10161,2571,2.34,79.81,1.0007073803348268
12-29-2020,12752,298,10207,2545,2.34,80.04,1.0015708451146716
12-30-2020,12793,302,10319,2474,2.36,80.66,1.003215181932246
12-31-2020,12827,302,10383,2444,2.35,80.95,1.0026577034315642
01-01-2021,12915,303,10532,2383,2.35,81.55,1.0068605285725423
01-02-2021,12931,303,10679,2252,2.34,82.58,1.0012388695315524
01-03-2021,13049,304,10833,2216,2.33,83.02,1.0091253576676205
01-04-2021,13203,304,10973,2230,2.3,83.11,1.0118016706261017
01-05-2021,13246,305,11106,2140,2.3,83.84,1.003256835567674
01-06-2021,13330,306,11182,2148,2.3,83.89,1.006341537067794
01-07-2021,13368,306,11253,2115,2.29,84.18,1.0028507126781696
01-08-2021,13411,307,11323,2088,2.29,84.43,1.0032166367444644
01-09-2021,13455,311,11379,2076,2.31,84.57,1.0032808888226084
01-10-2021,13548,312,11429,2119,2.3,84.36,1.006911928651059
01-11-2021,13637,313,11506,2131,2.3,84.37,1.006569235311485
01-12-2021,13760,315,11526,2234,2.29,83.76,1.0090195790863092
01-13-2021,13852,317,11568,2284,2.29,83.51,1.0066860465116279
01-14-2021,13915,322,11592,2323,2.31,83.31,1.0045480796996824
01-15-2021,13992,323,11630,2362,2.31,83.12,1.0055335968379446
01-16-2021,14096,323,11674,2422,2.29,82.82,1.0074328187535735
01-17-2021,14161,324,11709,2452,2.29,82.68,1.00461123723042
01-18-2021,14274,326,11727,2547,2.28,82.16,1.0079796624532167
01-19-2021,14419,329,11743,2676,2.28,81.44,1.010158329830461
01-20-2021,14487,331,11777,2710,2.28,81.29,1.0047159997225883
01-21-2021,14550,331,11809,2741,2.27,81.16,1.0043487264443984
01-22-2021,14658,332,11833,2825,2.26,80.73,1.0074226804123712
01-23-2021,14772,336,11850,2922,2.27,80.22,1.0077773229635694
01-24-2021,14879,336,11870,3009,2.26,79.78,1.007243433522881
01-25-2021,15012,338,11889,3123,2.25,79.2,1.008938772766987
01-26-2021,15153,339,11911,3242,2.24,78.6,1.0093924860111911
01-27-2021,15241,342,11942,3299,2.24,78.35,1.0058074308717746
01-28-2021,15435,344,11961,3474,2.23,77.49,1.0127288235680074
01-29-2021,15462,345,11981,3481,2.23,77.49,1.0017492711370262
01-30-2021,15527,348,12004,3523,2.24,77.31,1.0042038546113052
01-31-2021,15653,350,12043,3610,2.24,76.94,1.0081148966316738
02-01-2021,15778,352,12068,3710,2.23,76.49,1.0079856896441577
02-02-2021,15973,353,12108,3865,2.21,75.8,1.0123589808594244
02-03-2021,16073,355,12137,3936,2.21,75.51,1.0062605647029361
02-04-2021,16250,355,12174,4076,2.18,74.92,1.0110122565793567
02-05-2021,16513,357,12174,4339,2.16,73.72,1.0161846153846155
02-06-2021,16841,357,12225,4616,2.12,72.59,1.0198631381335916
02-07-2021,17085,358,12271,4814,2.1,71.82,1.014488450804584
02-08-2021,17298,358,12318,4980,2.07,71.21,1.0124670763827919
02-09-2021,17701,359,12362,5339,2.03,69.84,1.0232974910394266
02-10-2021,17908,362,12406,5502,2.02,69.28,1.0116942545618892
02-11-2021,18237,363,12456,5781,1.99,68.3,1.0183716774625866
02-12-2021,18527,368,12504,6023,1.99,67.49,1.0159017382244886
02-13-2021,18830,372,12545,6285,1.98,66.62,1.0163545096345874
02-14-2021,19035,374,12593,6442,1.96,66.16,1.0108868826340944
02-15-2021,19305,378,12635,6670,1.96,65.45,1.0141843971631206
02-16-2021,19773,378,12684,7089,1.91,64.15,1.0242424242424242
02-17-2021,20016,381,12735,7281,1.9,63.62,1.0122894856622666
02-18-2021,20310,384,12781,7529,1.89,62.93,1.0146882494004796
02-19-2021,20581,391,12828,7753,1.9,62.33,1.013343180699163
02-20-2021,20924,391,12883,8041,1.87,61.57,1.0166658568582674
02-21-2021,21382,396,12931,8451,1.85,60.48,1.0218887402026382
02-22-2021,21679,399,12988,8691,1.84,59.91,1.0138901880086053
02-23-2021,21826,405,13046,8780,1.86,59.77,1.0067807555699064
02-24-2021,22019,406,13107,8912,1.84,59.53,1.0088426647118116
02-25-2021,22267,410,13173,9094,1.84,59.16,1.011263000136246
02-26-2021,22471,413,13231,9240,1.84,58.88,1.0091615394979117
02-27-2021,22817,417,13318,9499,1.83,58.37,1.0153976236037559
02-28-2021,23263,422,13410,9853,1.81,57.65,1.0195468291186396
03-01-2021,23599,425,13502,10097,1.8,57.21,1.0144435369470834
03-02-2021,23838,432,13625,10213,1.81,57.16,1.0101275477774483
03-03-2021,24103,435,13745,10358,1.8,57.03,1.011116704421512
03-04-2021,24444,436,13869,10575,1.78,56.74,1.0141476164792764
03-05-2021,24776,443,14012,10764,1.79,56.55,1.0135820651284568
03-06-2021,25303,446,14159,11144,1.76,55.96,1.0212705844365515
03-07-2021,26026,453,14301,11725,1.74,54.95,1.0285736869145952
03-08-2021,26904,454,14447,12457,1.69,53.7,1.0337354952739568
03-09-2021,27465,460,14595,12870,1.67,53.14,1.0208519179304192
03-10-2021,28273,463,14645,13628,1.64,51.8,1.0294192608774804
03-11-2021,28968,475,14781,14187,1.64,51.03,1.0245817564460793
03-12-2021,29387,480,14912,14475,1.63,50.74,1.0144642363987848
03-13-2021,29912,484,15059,14853,1.62,50.34,1.0178650423656719
03-14-2021,30499,485,15139,15360,1.59,49.64,1.0196242310778283
03-15-2021,31305,492,15253,16052,1.57,48.72,1.0264270959703596
03-16-2021,31907,494,15371,16536,1.55,48.17,1.019230154927328
03-17-2021,32728,507,15473,17255,1.55,47.28,1.0257310308082865
03-18-2021,33366,511,15615,17751,1.53,46.8,1.0194940112441946
03-19-2021,33970,519,15810,18160,1.53,46.54,1.0181022597854104
03-20-2021,34665,524,15939,18726,1.51,45.98,1.0204592287312335
03-21-2021,35338,533,16130,19208,1.51,45.64,1.019414394922833
03-22-2021,35896,536,16309,19587,1.49,45.43,1.015790367309978
03-23-2021,36231,542,16490,19741,1.5,45.51,1.009332516157789
03-24-2021,36670,545,16618,20052,1.49,45.32,1.0121166956473737
03-25-2021,37128,546,16739,20389,1.47,45.08,1.0124897736569403
03-26-2021,37458,557,16848,20610,1.49,44.98,1.0088881706528765
03-27-2021,37747,566,17016,20731,1.5,45.08,1.0077153078114154
03-28-2021,38227,570,17197,21030,1.49,44.99,1.0127162423503855
03-29-2021,38514,586,17334,21180,1.52,45.01,1.0075077824574254
03-30-2021,38848,587,17474,21374,1.51,44.98,1.0086721711585398
03-31-2021,39237,596,17598,21639,1.52,44.85,1.010013385502471
04-01-2021,39543,599,17725,21818,1.51,44.82,1.0077987613731936
04-02-2021,39967,607,17861,22106,1.52,44.69,1.010722504615229
04-03-2021,40449,613,18014,22435,1.52,44.54,1.0120599494583031
04-04-2021,40663,615,18149,22514,1.51,44.63,1.0052906128705283
04-05-2021,41013,618,18297,22716,1.51,44.61,1.0086073334480978
04-06-2021,41328,622,18444,22884,1.51,44.63,1.0076804915514592
04-07-2021,41400,631,18444,22956,1.52,44.55,1.0017421602787457
04-08-2021,41604,646,18566,23038,1.55,44.63,1.0049275362318841
04-09-2021,41843,661,18690,23153,1.58,44.67,1.0057446399384675
04-10-2021,42119,669,18785,23334,1.59,44.6,1.006596085366728
04-11-2021,42500,672,18896,23604,1.58,44.46,1.009045798808139
04-12-2021,42763,676,19017,23746,1.58,44.47,1.0061882352941176
04-13-2021,42924,682,19136,23788,1.59,44.58,1.0037649369782289
04-14-2021,43054,692,19248,23806,1.61,44.71,1.0030286087037554
04-15-2021,43240,697,19369,23871,1.61,44.79,1.0043201560830586
04-16-2021,43473,713,19472,24001,1.64,44.79,1.0053885291396856
04-17-2021,43684,721,19599,24085,1.65,44.87,1.0048535872840614
04-18-2021,43890,723,19710,24180,1.65,44.91,1.004715685376797
04-19-2021,44136,727,19832,24304,1.65,44.93,1.0056049213943952
04-20-2021,44254,738,19962,24292,1.67,45.11,1.0026735544680079
04-21-2021,44337,744,20070,24267,1.68,45.27,1.0018755366746508
04-22-2021,44502,751,20170,24332,1.69,45.32,1.0037214967183166
04-23-2021,44642,752,20275,24367,1.68,45.42,1.0031459260257967
04-24-2021,44867,756,20391,24476,1.68,45.45,1.005040096769858
04-25-2021,45004,760,20519,24485,1.69,45.59,1.0030534691421311
04-26-2021,45145,761,20626,24519,1.69,45.69,1.0031330548395698
04-27-2021,45212,767,20729,24483,1.7,45.85,1.0014841067670839
04-28-2021,45292,770,20842,24450,1.7,46.02,1.0017694417411307
04-29-2021,45414,770,20945,24469,1.7,46.12,1.002693632429568
04-30-2021,45578,778,21059,24519,1.71,46.2,1.0036112212093187
05-01-2021,45777,779,21153,24624,1.7,46.21,1.0043661415595244
05-02-2021,45867,784,21293,24574,1.71,46.42,1.0019660528212857
05-03-2021,46039,790,21487,24552,1.72,46.67,1.0037499727472912
05-04-2021,46087,793,21646,24441,1.72,46.97,1.001042594322205
05-05-2021,46194,794,21779,24415,1.72,47.15,1.0023216959229284
05-06-2021,46338,798,21893,24445,1.72,47.25,1.0031172879594752
05-07-2021,46428,801,22018,24410,1.73,47.42,1.0019422504208209
05-08-2021,46588,803,22148,24440,1.72,47.54,1.0034461962608772
05-09-2021,46708,806,22268,24440,1.73,47.67,1.0025757705846998
05-10-2021,46782,809,22395,24387,1.73,47.87,1.0015843110387943
05-11-2021,46821,814,22517,24304,1.74,48.09,1.0008336539694755
05-12-2021,46922,820,22636,24286,1.75,48.24,1.0021571517054313
05-13-2021,47020,834,22761,24259,1.77,48.41,1.0020885725246154
05-14-2021,47150,838,22895,24255,1.78,48.56,1.002764780944279
05-15-2021,47233,843,23013,24220,1.78,48.72,1.0017603393425238
05-16-2021,47319,860,23124,24195,1.82,48.87,1.0018207609086867
05-17-2021,47396,863,23281,24115,1.82,49.12,1.0016272533231894
05-18-2021,47479,878,23410,24069,1.85,49.31,1.0017512026331337
05-19-2021,47572,892,23530,24042,1.88,49.46,1.0019587607152636
05-20-2021,47672,902,23643,24029,1.89,49.6,1.0021020768519298
05-21-2021,47776,904,23742,24034,1.89,49.69,1.0021815740896123
05-22-2021,47899,912,23852,24047,1.9,49.8,1.0025745144005358
05-23-2021,47959,917,23986,23973,1.91,50.01,1.0012526357543998
05-24-2021,48054,925,24105,23949,1.92,50.16,1.001980858650097
05-25-2021,48081,931,24226,23855,1.94,50.39,1.0005618678986141
05-26-2021,48101,934,24373,23728,1.94,50.67,1.0004159647261912
05-27-2021,48180,935,24528,23652,1.94,50.91,1.0016423774973493
05-28-2021,48288,936,24703,23585,1.94,51.16,1.0022415940224159
05-29-2021,48374,942,24866,23508,1.95,51.4,1.0017809807819749
05-30-2021,48467,945,25054,23413,1.95,51.69,1.001922520362178
05-31-2021,48557,948,25298,23259,1.95,52.1,1.0018569335836756
06-01-2021,48594,949,25485,23109,1.95,52.44,1.0007619910620509
06-02-2021,48639,951,25622,23017,1.96,52.68,1.000926040251883
06-03-2021,48733,951,25802,22931,1.95,52.95,1.0019326055223174
06-04-2021,48821,960,25945,22876,1.97,53.14,1.0018057579053208
06-05-2021,48901,964,26102,22799,1.97,53.38,1.001638639110219
06-06-2021,48951,970,26295,22656,1.98,53.72,1.0010224739780373
06-07-2021,48983,971,26424,22559,1.98,53.95,1.0006537149394292
06-08-2021,49031,974,26641,22390,1.99,54.34,1.000979931813078
06-09-2021,49090,988,26828,22262,2.01,54.65,1.001203320348351
06-10-2021,49110,989,27013,22097,2.01,55.01,1.0004074149521287
06-11-2021,49179,990,27201,21978,2.01,55.31,1.0014050091631033
06-12-2021,49232,996,27365,21867,2.02,55.58,1.0010776957644523
06-13-2021,49277,997,27542,21735,2.02,55.89,1.0009140396490088
06-14-2021,49356,1011,27732,21624,2.05,56.19,1.001603182011892
06-15-2021,49379,1012,27919,21460,2.05,56.54,1.0004660021071399
06-16-2021,49429,1012,28054,21375,2.05,56.76,1.0010125761963589
06-17-2021,49503,1023,28182,21321,2.07,56.93,1.001497096845981
06-18-2021,49564,1028,28333,21231,2.07,57.16,1.001232248550593
06-19-2021,49607,1031,28465,21142,2.08,57.38,1.0008675651682672
06-20-2021,49668,1033,28620,21048,2.08,57.62,1.0012296651682222
06-21-2021,49712,1034,28793,20919,2.08,57.92,1.0008858822581943
06-22-2021,49735,1037,28935,20800,2.09,58.18,1.0004626649501127
06-23-2021,49795,1042,29130,20665,2.09,58.5,1.0012063938876044
06-24-2021,49841,1049,29322,20519,2.1,58.83,1.0009237875288683
06-25-2021,49909,1051,29456,20453,2.11,59.02,1.0013643385967377
06-26-2021,49964,1057,29647,20317,2.12,59.34,1.0011020056502835
06-27-2021,50005,1061,29830,20175,2.12,59.65,1.0008205908253942
06-28-2021,50054,1061,29953,20101,2.12,59.84,1.000979902009799
06-29-2021,50080,1065,29957,20123,2.13,59.82,1.0005194390058736
06-30-2021,50124,1075,30074,20050,2.14,60.0,1.0008785942492013
07-01-2021,50166,1080,30192,19974,2.15,60.18,1.0008379219535553
07-02-2021,50242,1082,30270,19972,2.15,60.25,1.0015149702986086
07-03-2021,50242,1082,30270,19972,2.15,60.25,1.0
07-04-2021,50242,1082,30270,19972,2.15,60.25,1.0
07-05-2021,50389,1094,32604,17785,2.17,64.7,1.0029258389395326
07-06-2021,50404,1096,33699,16705,2.17,66.86,1.0002976840183373
07-07-2021,50456,1101,34764,15692,2.18,68.9,1.0010316641536385
07-08-2021,50497,1108,35777,14720,2.19,70.85,1.000812589186618
07-09-2021,50568,1111,36882,13686,2.2,72.94,1.0014060241202447
07-10-2021,50629,1114,37918,12711,2.2,74.89,1.0012062964720772
07-11-2021,50720,1130,39000,11720,2.23,76.89,1.0017973888482885
07-12-2021,50757,1131,40029,10728,2.23,78.86,1.0007294952681387
07-13-2021,50793,1134,41090,9703,2.23,80.9,1.0007092617767008
07-14-2021,50848,1134,42122,8726,2.23,82.84,1.0010828263737128
07-15-2021,50913,1136,43157,7756,2.23,84.77,1.0012783196979231
07-16-2021,50983,1140,44207,6776,2.24,86.71,1.0013748944277494
07-17-2021,51052,1153,45282,5770,2.26,88.7,1.0013533923072397
07-18-2021,51135,1155,46316,4819,2.26,90.58,1.001625793308783
07-19-2021,51220,1157,46695,4525,2.26,91.17,1.0016622665493302
07-20-2021,51282,1158,46724,4558,2.26,91.11,1.0012104646622413
07-21-2021,51408,1163,46751,4657,2.26,90.94,1.0024570024570025
07-22-2021,51542,1167,46773,4769,2.26,90.75,1.0026065981948336
07-23-2021,51686,1168,46819,4867,2.26,90.58,1.0027938380350006
07-24-2021,51686,1168,46819,4867,2.26,90.58,1.0
07-25-2021,51984,1176,46843,5141,2.26,90.11,1.0057655844909648
07-26-2021,52089,1178,46868,5221,2.26,89.98,1.0020198522622346
07-27-2021,52141,1179,46892,5249,2.26,89.93,1.0009982913858972
07-28-2021,52322,1182,46911,5411,2.26,89.66,1.0034713565140676
07-29-2021,52504,1182,46938,5566,2.25,89.4,1.0034784603035052
07-30-2021,52684,1187,46966,5718,2.25,89.15,1.003428310223983
07-31-2021,52895,1190,46979,5916,2.25,88.82,1.004005011009035
08-01-2021,53237,1196,47001,6236,2.25,88.29,1.0064656394744305
08-02-2021,53237,1196,47001,6236,2.25,88.29,1.0
08-03-2021,53543,1203,47078,6465,2.25,87.93,1.005747882112065
08-04-2021,53639,1207,47101,6538,2.25,87.81,1.0017929514595745
08-05-2021,53839,1211,0,53839,2.25,0,1.0037286302876638
08-06-2021,54165,1214,0,54165,2.24,0,1.0060550901762664
08-07-2021,54480,1218,0,54480,2.24,0,1.0058155635558017
08-08-2021,54859,1222,0,54859,2.23,0,1.0069566813509545
08-09-2021,55140,1231,0,55140,2.23,0,1.0051222224247616
08-10-2021,55456,1241,0,55456,2.24,0,1.0057308668842946
08-11-2021,55790,1254,0,55790,2.25,0,1.0060227928447778
08-12-2021,56165,1268,0,56165,2.26,0,1.0067216347015595
08-13-2021,56709,1276,0,56709,2.25,0,1.0096857473515535
08-14-2021,57289,1285,0,57289,2.24,0,1.0102276534588865
08-15-2021,57945,1300,0,57945,2.24,0,1.011450714796907
08-16-2021,58458,1311,0,58458,2.24,0,1.008853222883769
08-17-2021,59088,1320,0,59088,2.23,0,1.010776968079647
08-18-2021,59377,1339,0,59377,2.26,0,1.0048910100189548
08-19-2021,59932,1342,0,59932,2.24,0,1.0093470535729323
08-20-2021,60488,1356,0,60488,2.24,0,1.0092771808049121
08-21-2021,61282,1371,0,61282,2.24,0,1.0131265705594499
08-22-2021,61282,1371,0,61282,2.24,0,1.0
08-23-2021,62712,1402,0,62712,2.24,0,1.0233347475604582
08-24-2021,63464,1417,0,63464,2.23,0,1.0119913254241613
08-25-2021,63831,1431,0,63831,2.24,0,1.005782806000252
08-26-2021,64294,1453,0,64294,2.26,0,1.0072535288496185
08-27-2021,64899,1465,0,64899,2.26,0,1.0094098982797772
08-28-2021,65734,1483,0,65734,2.26,0,1.0128661458574093
08-29-2021,66663,1504,0,66663,2.26,0,1.014132716706727
08-30-2021,67402,1510,0,67402,2.24,0,1.011085609708534
08-31-2021,68131,1518,0,68131,2.23,0,1.0108157027981366
09-01-2021,68482,1549,0,68482,2.26,0,1.0051518398379593
09-02-2021,69054,1568,0,69054,2.27,0,1.0083525597967349
09-03-2021,69789,1585,0,69789,2.27,0,1.0106438439482144
09-04-2021,70657,1593,0,70657,2.25,0,1.0124374901488773
09-05-2021,71344,1619,0,71344,2.27,0,1.009723028150077
09-06-2021,71987,1637,0,71987,2.27,0,1.009012671002467
09-07-2021,72824,1646,0,72824,2.26,0,1.0116270993373804
09-08-2021,73496,1666,0,73496,2.27,0,1.0092277271229264
09-09-2021,74007,1685,0,74007,2.28,0,1.0069527593338412
09-10-2021,74645,1693,0,74645,2.27,0,1.0086208061399597
09-11-2021,75297,1704,0,75297,2.26,0,1.0087346774733739
09-12-2021,75857,1731,0,75857,2.28,0,1.007437215294102
09-13-2021,76451,1734,0,76451,2.27,0,1.0078305232213243
09-14-2021,76987,1736,0,76987,2.25,0,1.007011026670678
09-15-2021,77497,1757,0,77497,2.27,0,1.006624495044618
09-16-2021,77989,1768,0,77989,2.27,0,1.006348632850304
09-17-2021,78590,1772,0,78590,2.25,0,1.0077062149790355
09-18-2021,79127,1777,0,79127,2.25,0,1.0068329303982695
09-19-2021,79673,1791,0,79673,2.25,0,1.0069002995184957
09-20-2021,80406,1794,0,80406,2.23,0,1.009200105430949
09-21-2021,80780,1800,0,80780,2.23,0,1.004651394174564
09-22-2021,80959,1803,0,80959,2.23,0,1.0022158950235207
09-23-2021,81394,1809,0,81394,2.22,0,1.0053730900826343
09-24-2021,81828,1821,0,81828,2.23,0,1.0053320883603214
09-25-2021,82349,1824,0,82349,2.21,0,1.0063670137361294
09-26-2021,82778,1834,0,82778,2.22,0,1.0052095350277477
09-27-2021,83030,1841,0,83030,2.22,0,1.0030442871294305
09-28-2021,83342,1859,0,83342,2.23,0,1.0037576779477297
09-29-2021,83486,1860,0,83486,2.23,0,1.0017278203066882
09-30-2021,83737,1869,0,83737,2.23,0,1.003006492106461
10-01-2021,84069,1877,0,84069,2.23,0,1.0039647945352712
10-02-2021,84417,1884,0,84417,2.23,0,1.00413945687471
10-03-2021,84701,1909,0,84701,2.25,0,1.0033642512764016
10-04-2021,84914,1922,0,84914,2.26,0,1.0025147282794773
10-05-2021,85163,1936,0,85163,2.27,0,1.00293237864192
10-06-2021,85261,1943,0,85261,2.28,0,1.0011507344738912
10-07-2021,85475,1964,0,85475,2.3,0,1.0025099400663844
10-08-2021,85680,1980,0,85680,2.31,0,1.0023983620941797
10-09-2021,85905,1995,0,85905,2.32,0,1.002626050420168
10-10-2021,86126,2000,0,86126,2.32,0,1.0025726092776905
10-11-2021,86384,2025,0,86384,2.34,0,1.0029956110814389
10-12-2021,86456,2034,0,86456,2.35,0,1.0008334876829041
10-13-2021,86507,2053,0,86507,2.37,0,1.000589895438142
10-14-2021,86722,2059,0,86722,2.37,0,1.0024853480065197
10-15-2021,86986,2072,0,86986,2.38,0,1.003044210235004
10-16-2021,87232,2103,0,87232,2.41,0,1.0028280412940014
10-17-2021,87389,2110,0,87389,2.41,0,1.0017997982391782
10-18-2021,87586,2117,0,87586,2.42,0,1.0022542882971541
10-19-2021,87667,2123,0,87667,2.42,0,1.000924805334186
10-20-2021,87723,2129,0,87723,2.43,0,1.0006387808411374
10-21-2021,87797,2133,0,87797,2.43,0,1.0008435644015823
10-22-2021,87970,2153,0,87970,2.45,0,1.0019704545713406
10-23-2021,88159,2175,0,88159,2.47,0,1.0021484597021713
10-24-2021,88259,2179,0,88259,2.47,0,1.001134314136957
10-25-2021,88431,2183,0,88431,2.47,0,1.001948809753113
10-26-2021,88480,2184,0,88480,2.47,0,1.0005541043299295
10-27-2021,88530,2192,0,88530,2.48,0,1.0005650994575046
10-28-2021,88666,2199,0,88666,2.48,0,1.0015362024172596
10-29-2021,88775,2217,0,88775,2.5,0,1.0012293325513726
10-30-2021,88907,2229,0,88907,2.51,0,1.0014869050971558
10-31-2021,89014,2236,0,89014,2.51,0,1.0012035047858998
11-01-2021,89123,2243,0,89123,2.52,0,1.0012245264789807
11-02-2021,89170,2246,0,89170,2.52,0,1.000527361062801
11-03-2021,89216,2249,0,89216,2.52,0,1.000515868565661
11-04-2021,89349,2257,0,89349,2.53,0,1.0014907639885222
11-05-2021,89466,2272,0,89466,2.54,0,1.0013094718463553
11-06-2021,89587,2274,0,89587,2.54,0,1.0013524690944047
11-07-2021,89681,2275,0,89681,2.54,0,1.001049259379151
11-08-2021,89746,2287,0,89746,2.55,0,1.00072479120438
11-09-2021,89788,2293,0,89788,2.55,0,1.0004679874311948
11-10-2021,89818,2298,0,89818,2.56,0,1.0003341203724327
11-11-2021,89926,2302,0,89926,2.56,0,1.0012024315838697
11-12-2021,90005,2311,0,90005,2.57,0,1.0008785001000824
11-13-2021,90149,2322,0,90149,2.58,0,1.0015999111160492
11-14-2021,90209,2327,0,90209,2.58,0,1.0006655647871856
11-15-2021,90311,2329,0,90311,2.58,0,1.0011307075790663
11-16-2021,90341,2331,0,90341,2.58,0,1.000332185448063
11-17-2021,90370,2331,0,90370,2.58,0,1.0003210059662833
11-18-2021,90467,2343,0,90467,2.59,0,1.0010733650547747
11-19-2021,90558,2354,0,90558,2.6,0,1.0010058916510993
11-20-2021,90630,2356,0,90630,2.6,0,1.0007950705625124
11-21-2021,90705,2358,0,90705,2.6,0,1.0008275405494869
11-22-2021,90807,2359,0,90807,2.6,0,1.001124524557632
11-23-2021,90855,2363,0,90855,2.6,0,1.0005285936106247
11-24-2021,90905,2365,0,90905,2.6,0,1.0005503274448297
11-25-2021,90961,2367,0,90961,2.6,0,1.0006160277212475
11-26-2021,91026,2376,0,91026,2.61,0,1.0007145919679863
11-27-2021,91122,2385,0,91122,2.62,0,1.0010546437281655
11-28-2021,91169,2388,0,91169,2.62,0,1.0005157920151007
11-29-2021,91222,2391,0,91222,2.62,0,1.0005813379547872
11-30-2021,91249,2392,0,91249,2.62,0,1.0002959812325973
12-01-2021,91272,2396,0,91272,2.63,0,1.0002520575567952
12-02-2021,91304,2402,0,91304,2.63,0,1.0003506004031906
12-03-2021,91369,2406,0,91369,2.63,0,1.0007119074739332
12-04-2021,91421,2407,0,91421,2.63,0,1.000569120817783
12-05-2021,91469,2410,0,91469,2.63,0,1.0005250434801631
12-06-2021,91536,2410,0,91536,2.63,0,1.000732488602696
12-07-2021,91554,2411,0,91554,2.63,0,1.0001966439433665
12-08-2021,91578,2415,0,91578,2.64,0,1.0002621403761713
12-09-2021,91601,2416,0,91601,2.64,0,1.0002511520234116
12-10-2021,91652,2418,0,91652,2.64,0,1.000556762480759
12-11-2021,91725,2424,0,91725,2.64,0,1.0007964910749356
12-12-2021,91765,2425,0,91765,2.64,0,1.00043608612701
12-13-2021,91802,2428,0,91802,2.64,0,1.0004032038358852
12-14-2021,91843,2429,0,91843,2.64,0,1.0004466133635432
12-15-2021,91868,2432,0,91868,2.65,0,1.0002722036518843
12-16-2021,91927,2433,0,91927,2.65,0,1.000642225802238
12-17-2021,91972,2441,0,91972,2.65,0,1.0004895188573542
12-18-2021,92018,2444,0,92018,2.66,0,1.000500152220241
12-19-2021,92018,2444,0,92018,2.66,0,1.0
12-20-2021,92089,2449,0,92089,2.66,0,1.0007715881675325
12-21-2021,92127,2450,0,92127,2.66,0,1.0004126442897632
12-22-2021,92226,2450,0,92226,2.66,0,1.0010746035364226
12-23-2021,92279,2461,0,92279,2.67,0,1.0005746752542668
12-24-2021,92355,2462,0,92355,2.67,0,1.0008235893323507
12-25-2021,92513,2462,0,92513,2.66,0,1.0017107898868496
12-26-2021,92705,2463,0,92705,2.66,0,1.0020753840000864
12-27-2021,92705,2463,0,92705,2.66,0,1.0
12-28-2021,92950,2464,0,92950,2.65,0,1.0026427916509357
12-29-2021,92950,2464,0,92950,2.65,0,1.0
12-30-2021,93591,2470,0,93591,2.64,0,1.0068961807423347
12-31-2021,93920,2473,0,93920,2.63,0,1.0035152952741182
01-01-2022,94649,2476,0,94649,2.62,0,1.0077619250425895
01-02-2022,95177,2476,0,95177,2.6,0,1.0055785058479223
01-03-2022,95946,2477,0,95946,2.58,0,1.0080796831167194
01-04-2022,96331,2479,0,96331,2.57,0,1.0040126737956767
01-05-2022,97066,2483,0,97066,2.56,0,1.0076299425937651
01-06-2022,98194,2486,0,98194,2.53,0,1.0116209589351575
01-07-2022,99463,2489,0,99463,2.5,0,1.0129233965415403
01-08-2022,101056,2495,0,101056,2.47,0,1.016016005951962
01-09-2022,102505,2499,0,102505,2.44,0,1.0143385845471817
01-10-2022,103458,2501,0,103458,2.42,0,1.0092971074581727
01-11-2022,105172,2502,0,105172,2.38,0,1.016567109358387
01-12-2022,106379,2506,0,106379,2.36,0,1.011476438595824
01-13-2022,107721,2514,0,107721,2.33,0,1.0126152718111658
01-14-2022,108983,2517,0,108983,2.31,0,1.0117154500979382
01-15-2022,110250,2522,0,110250,2.29,0,1.0116256663883358
01-16-2022,112218,2530,0,112218,2.25,0,1.0178503401360544
01-17-2022,113438,2536,0,113438,2.24,0,1.010871696162826
01-18-2022,114986,2551,0,114986,2.22,0,1.0136462208431036
01-19-2022,116084,2555,0,116084,2.2,0,1.009548988572522
01-20-2022,116944,2561,0,116944,2.19,0,1.0074084283794493
01-21-2022,117717,2568,0,117717,2.18,0,1.0066100013681762
01-22-2022,118727,2572,0,118727,2.17,0,1.008579899249896
01-23-2022,119565,2594,0,119565,2.17,0,1.0070582091689337
01-24-2022,120682,2599,0,120682,2.15,0,1.009342198803998
01-25-2022,121436,2609,0,121436,2.15,0,1.0062478248620341
01-26-2022,121963,2615,0,121963,2.14,0,1.0043397345103593
01-27-2022,122463,2617,0,122463,2.14,0,1.0040996039782557
01-28-2022,123047,2635,0,123047,2.14,0,1.0047687873071867
01-29-2022,123047,2635,0,123047,2.14,0,1.0
01-30-2022,124102,2650,0,124102,2.14,0,1.008573959543914
01-31-2022,124512,2658,0,124512,2.13,0,1.0033037340252373
02-01-2022,124806,2663,0,124806,2.13,0,1.0023612181958366
02-02-2022,124967,2675,0,124967,2.14,0,1.0012900020832332
02-03-2022,125250,2677,0,125250,2.14,0,1.0022645978538334
02-04-2022,125517,2687,0,125517,2.14,0,1.0021317365269462
02-05-2022,125781,2691,0,125781,2.14,0,1.002103300748106
02-06-2022,125993,2694,0,125993,2.14,0,1.0016854691885102
02-07-2022,126222,2698,0,126222,2.14,0,1.0018175612930877
02-08-2022,126350,2699,0,126350,2.14,0,1.0010140862924055
02-09-2022,126437,2706,0,126437,2.14,0,1.0006885635140483
02-10-2022,126589,2708,0,126589,2.14,0,1.0012021797416895
02-11-2022,126732,2720,0,126732,2.15,0,1.0011296400161152
02-12-2022,126886,2738,0,126886,2.16,0,1.0012151627055519
02-13-2022,127054,2739,0,127054,2.16,0,1.0013240231388805
02-14-2022,127163,2750,0,127163,2.16,0,1.000857902938908
02-15-2022,127233,2750,0,127233,2.16,0,1.0005504745877338
02-16-2022,127294,2755,0,127294,2.16,0,1.0004794353666109
02-17-2022,127377,2769,0,127377,2.17,0,1.000652033874338
02-18-2022,127436,2771,0,127436,2.17,0,1.0004631919420304
02-19-2022,127516,2779,0,127516,2.18,0,1.0006277660943532
02-20-2022,127610,2784,0,127610,2.18,0,1.0007371623953072
02-21-2022,127665,2787,0,127665,2.18,0,1.000431000705274
02-22-2022,127706,2795,0,127706,2.19,0,1.0003211530176634
02-23-2022,127741,2798,0,127741,2.19,0,1.000274066997635
02-24-2022,127799,2808,0,127799,2.2,0,1.000454043729108
02-25-2022,127856,2810,0,127856,2.2,0,1.0004460128796
02-26-2022,127916,2811,0,127916,2.2,0,1.0004692779376798
02-27-2022,127961,2813,0,127961,2.2,0,1.0003517933643953
02-28-2022,127986,2813,0,127986,2.2,0,1.0001953720274146
03-01-2022,128053,2814,0,128053,2.2,0,1.000523494757239
03-02-2022,128079,2814,0,128079,2.2,0,1.0002030409283655
03-03-2022,128108,2815,0,128108,2.2,0,1.0002264227547062
03-04-2022,128142,2825,0,128142,2.2,0,1.000265401067849
03-05-2022,128166,2825,0,128166,2.2,0,1.0001872922226904
03-06-2022,128179,2827,0,128179,2.21,0,1.000101430956728
03-07-2022,128213,2830,0,128213,2.21,0,1.000265254058777
03-08-2022,128228,2831,0,128228,2.21,0,1.0001169928166411
03-09-2022,128246,2835,0,128246,2.21,0,1.0001403749571076
03-10-2022,128273,2837,0,128273,2.21,0,1.0002105328821171
03-11-2022,128318,2839,0,128318,2.21,0,1.0003508142789208
03-12-2022,128354,2844,0,128354,2.22,0,1.0002805530011378
03-13-2022,128379,2845,0,128379,2.22,0,1.00019477382863
03-14-2022,128400,2850,0,128400,2.22,0,1.0001635781553058
03-15-2022,128418,2851,0,128418,2.22,0,1.000140186915888
03-16-2022,128426,2855,0,128426,2.22,0,1.0000622965627872
03-17-2022,128456,2857,0,128456,2.22,0,1.000233597558127
03-18-2022,128477,2858,0,128477,2.22,0,1.0001634801021362
03-19-2022,128500,2863,0,128500,2.23,0,1.0001790203694045
03-20-2022,128539,2867,0,128539,2.23,0,1.0003035019455253
03-21-2022,128565,2869,0,128565,2.23,0,1.0002022732400284
03-22-2022,128565,2869,0,128565,2.23,0,1.0
03-23-2022,128594,2872,0,128594,2.23,0,1.0002255668338973
03-24-2022,128607,2874,0,128607,2.23,0,1.0001010933636094
03-25-2022,128628,2875,0,128628,2.24,0,1.0001632881569433
03-26-2022,128628,2875,0,128628,2.24,0,1.0
03-27-2022,128679,2879,0,128679,2.24,0,1.0003964922100943
03-28-2022,128704,2881,0,128704,2.24,0,1.0001942818952587
03-29-2022,128727,2882,0,128727,2.24,0,1.000178704624565
03-30-2022,128735,2884,0,128735,2.24,0,1.0000621470243227
03-31-2022,128757,2888,0,128757,2.24,0,1.000170893696353
04-01-2022,128786,2889,0,128786,2.24,0,1.0002252304729062
04-02-2022,128811,2893,0,128811,2.25,0,1.000194120478934
04-03-2022,128811,2893,0,128811,2.25,0,1.0
04-04-2022,128869,2897,0,128869,2.25,0,1.0004502721040904
04-05-2022,128869,2897,0,128869,2.25,0,1.0
04-06-2022,128924,2899,0,128924,2.25,0,1.0004267899960424
04-07-2022,128950,2901,0,128950,2.25,0,1.0002016692004592
04-08-2022,128972,2902,0,128972,2.25,0,1.0001706087630864
04-09-2022,128972,2902,0,128972,2.25,0,1.0
04-10-2022,128972,2902,0,128972,2.25,0,1.0
04-11-2022,129050,2916,0,129050,2.26,0,1.0006047824333963
04-12-2022,129093,2917,0,129093,2.26,0,1.0003332041844246
04-13-2022,129108,2919,0,129108,2.26,0,1.000116195301062
04-14-2022,129133,2921,0,129133,2.26,0,1.000193636335471
04-15-2022,129168,2924,0,129168,2.26,0,1.0002710383867794
04-16-2022,129203,2926,0,129203,2.26,0,1.000270964944878
04-17-2022,129238,2929,0,129238,2.27,0,1.000270891542766
04-18-2022,129281,2931,0,129281,2.27,0,1.000332719478791
04-19-2022,129312,2932,0,129312,2.27,0,1.0002397877491664
04-20-2022,129347,2936,0,129347,2.27,0,1.0002706632021776
04-21-2022,129373,2937,0,129373,2.27,0,1.0002010096871208
04-22-2022,129441,2941,0,129441,2.27,0,1.0005256119901371
04-23-2022,129489,2943,0,129489,2.27,0,1.0003708253180985
04-24-2022,129489,2943,0,129489,2.27,0,1.0
04-25-2022,129632,2948,0,129632,2.27,0,1.0011043409092664
04-26-2022,129681,2949,0,129681,2.27,0,1.0003779930881265
04-27-2022,129747,2954,0,129747,2.28,0,1.0005089411710273
04-28-2022,129862,2955,0,129862,2.28,0,1.0008863403392756
04-29-2022,129978,2962,0,129978,2.28,0,1.0008932559178205
04-30-2022,129978,2962,0,129978,2.28,0,1.0
05-01-2022,129978,2962,0,129978,2.28,0,1.0
05-02-2022,130299,2967,0,130299,2.28,0,1.0024696487097817
05-03-2022,130388,2969,0,130388,2.28,0,1.0006830443825356
05-04-2022,130473,2970,0,130473,2.28,0,1.0006519004816394
05-05-2022,130596,2972,0,130596,2.28,0,1.000942723781932
05-06-2022,130787,2973,0,130787,2.27,0,1.0014625256516279
05-07-2022,130787,2973,0,130787,2.27,0,1.0
05-08-2022,131161,2977,0,131161,2.27,0,1.0028596114292705
05-09-2022,131327,2980,0,131327,2.27,0,1.0012656201157357
05-10-2022,131327,2980,0,131327,2.27,0,1.0
05-11-2022,131544,2987,0,131544,2.27,0,1.0016523639464847
05-12-2022,131704,2991,0,131704,2.27,0,1.0012163230554034
05-13-2022,131980,2995,0,131980,2.27,0,1.0020956083338395
05-14-2022,131980,2995,0,131980,2.27,0,1.0
05-15-2022,131980,2995,0,131980,2.27,0,1.0
05-16-2022,132909,3011,0,132909,2.27,0,1.0070389452947417
05-17-2022,133103,3011,0,133103,2.26,0,1.0014596453212348
05-18-2022,133250,3013,0,133250,2.26,0,1.001104407864586
05-19-2022,133538,3018,0,133538,2.26,0,1.0021613508442777
05-20-2022,133904,3021,0,133904,2.26,0,1.0027407928829246
05-21-2022,133904,3021,0,133904,2.26,0,1.0
05-22-2022,135462,3042,0,135462,2.25,0,1.0116352013382721
05-23-2022,134660,3032,0,134660,2.25,0,1.0059204795440788
05-24-2022,135331,3039,0,135331,2.25,0,1.004982919946532
05-25-2022,135462,3042,0,135462,2.25,0,1.0009679969851697
05-26-2022,135663,3044,0,135663,2.24,0,1.0014838109580546
05-27-2022,135663,3044,0,135663,2.24,0,1.0
05-28-2022,135663,3044,0,135663,2.24,0,1.0
05-29-2022,136313,3049,0,136313,2.24,0,1.0047912842853246
05-30-2022,137076,3056,0,137076,2.23,0,1.0055974118389295
05-31-2022,137266,3056,0,137266,2.23,0,1.0013860923867053
06-01-2022,137396,3059,0,137396,2.23,0,1.0009470662800695
06-02-2022,137724,3069,0,137724,2.23,0,1.002387260182247
06-03-2022,138110,3069,0,138110,2.22,0,1.0028027068630014
06-04-2022,138110,3069,0,138110,2.22,0,1.0
06-05-2022,138110,3069,0,138110,2.22,0,1.0
06-06-2022,139029,3074,0,139029,2.21,0,1.0066541162841214
06-07-2022,139203,3076,0,139203,2.21,0,1.0012515374490214
06-08-2022,139456,3079,0,139456,2.21,0,1.0018174895655985
06-09-2022,139456,3079,0,139456,2.21,0,1.0
06-10-2022,139918,3080,0,139918,2.2,0,1.0033128728774667
06-11-2022,140203,3082,0,140203,2.2,0,1.002036907331437
06-12-2022,140463,3083,0,140463,2.19,0,1.0018544538989893
06-13-2022,140670,3084,0,140670,2.19,0,1.00147369769975
06-14-2022,140754,3091,0,140754,2.2,0,1.000597142247814
06-15-2022,140874,3091,0,140874,2.19,0,1.0008525512596445
06-16-2022,141026,3093,0,141026,2.19,0,1.001078978377841
06-17-2022,141306,3093,0,141306,2.19,0,1.0019854494915832
06-18-2022,141306,3093,0,141306,2.19,0,1.0
06-19-2022,141306,3093,0,141306,2.19,0,1.0
06-20-2022,141720,3098,0,141720,2.19,0,1.002929811897584
06-21-2022,141781,3098,0,141781,2.19,0,1.0004304261924923
06-22-2022,141873,3106,0,141873,2.19,0,1.0006488880738604
06-23-2022,142011,3107,0,142011,2.19,0,1.0009727009367533
06-24-2022,142161,3112,0,142161,2.19,0,1.0010562562055052
06-25-2022,142161,3112,0,142161,2.19,0,1.0
06-26-2022,142440,3119,0,142440,2.19,0,1.0019625635722877
06-27-2022,142558,3120,0,142558,2.19,0,1.0008284189834316
06-28-2022,142626,3121,0,142626,2.19,0,1.0004769988355617
06-29-2022,142683,3124,0,142683,2.19,0,1.0003996466282445
06-30-2022,142804,3128,0,142804,2.19,0,1.0008480337531451
07-01-2022,142912,3130,0,142912,2.19,0,1.0007562813366573
07-02-2022,143097,3134,0,143097,2.19,0,1.0012945029108822
07-03-2022,143240,3140,0,143240,2.19,0,1.0009993221381301
07-04-2022,143347,3144,0,143347,2.19,0,1.0007469980452388
07-05-2022,143408,3145,0,143408,2.19,0,1.0004255408205265
07-06-2022,143408,3145,0,143408,2.19,0,1.0
07-07-2022,143476,3147,0,143476,2.19,0,1.0004741715943322
07-08-2022,143610,3148,0,143610,2.19,0,1.000933954110792
07-09-2022,143865,3155,0,143865,2.19,0,1.001775642364738
07-10-2022,143982,3157,0,143982,2.19,0,1.0008132624335315
07-11-2022,144092,3158,0,144092,2.19,0,1.0007639843869374
07-12-2022,144138,3158,0,144138,2.19,0,1.0003192404852455
07-13-2022,144213,3161,0,144213,2.19,0,1.0005203346792657
07-14-2022,144349,3164,0,144349,2.19,0,1.0009430495170337
07-15-2022,144489,3166,0,144489,2.19,0,1.000969871630562
07-16-2022,144617,3170,0,144617,2.19,0,1.0008858805860654
07-17-2022,144767,3171,0,144767,2.19,0,1.0010372224565576
07-18-2022,144881,3171,0,144881,2.19,0,1.0007874722830479
07-19-2022,144932,3173,0,144932,2.19,0,1.0003520130313843
07-20-2022,144997,3174,0,144997,2.19,0,1.0004484861866254
07-21-2022,145157,3176,0,145157,2.19,0,1.0011034711062987
07-22-2022,145345,3181,0,145345,2.19,0,1.0012951493899709
07-23-2022,145497,3181,0,145497,2.19,0,1.0010457876087928
07-24-2022,145633,3182,0,145633,2.18,0,1.0009347271765054
07-25-2022,145738,3184,0,145738,2.18,0,1.0007209904348602
07-26-2022,145803,3186,0,145803,2.19,0,1.0004460058461073
07-27-2022,145803,3186,0,145803,2.19,0,1.0
07-28-2022,145983,3187,0,145983,2.18,0,1.0012345424991256
07-29-2022,146114,3191,0,146114,2.18,0,1.0008973647616504
07-30-2022,146241,3193,0,146241,2.18,0,1.0008691843355189
07-31-2022,146372,3194,0,146372,2.18,0,1.0008957816207493
08-01-2022,146468,3194,0,146468,2.18,0,1.000655863143224
08-02-2022,146541,3195,0,146541,2.18,0,1.0004984023814076
08-03-2022,146608,3198,0,146608,2.18,0,1.000457209927597
08-04-2022,146695,3199,0,146695,2.18,0,1.000593419185856
08-05-2022,146843,3201,0,146843,2.18,0,1.0010088960087256
08-06-2022,147006,3206,0,147006,2.18,0,1.0011100290786759
08-07-2022,147189,3207,0,147189,2.18,0,1.001244847149096
08-08-2022,147316,3207,0,147316,2.18,0,1.0008628362173804
08-09-2022,147344,3207,0,147344,2.18,0,1.0001900676097641
08-10-2022,147344,3207,0,147344,2.18,0,1.0
08-11-2022,147567,3216,0,147567,2.18,0,1.0015134650885005
08-12-2022,147725,3219,0,147725,2.18,0,1.0010707000887733
08-13-2022,147908,3221,0,147908,2.18,0,1.0012387882890506
08-14-2022,148048,3221,0,148048,2.18,0,1.0009465343321524
08-15-2022,148184,3224,0,148184,2.18,0,1.0009186209877878
08-16-2022,148226,3226,0,148226,2.18,0,1.000283431409599
08-17-2022,148322,3230,0,148322,2.18,0,1.0006476596548515
08-18-2022,148450,3230,0,148450,2.18,0,1.0008629872844217
08-19-2022,148627,3235,0,148627,2.18,0,1.0011923206466824
08-20-2022,148737,3237,0,148737,2.18,0,1.0007401077866067
08-21-2022,148824,3237,0,148824,2.18,0,1.0005849250690817
08-22-2022,148952,3237,0,148952,2.17,0,1.0008600763317745
08-23-2022,148996,3239,0,148996,2.17,0,1.0002953971749289
08-24-2022,149092,3239,0,149092,2.17,0,1.0006443125989959
08-25-2022,149218,3239,0,149218,2.17,0,1.0008451157674456
08-26-2022,149327,3241,0,149327,2.17,0,1.0007304748756853
08-27-2022,149420,3250,0,149420,2.18,0,1.0006227942702928
08-28-2022,149596,3250,0,149596,2.17,0,1.001177887832954
08-29-2022,149714,3252,0,149714,2.17,0,1.0007887911441482
08-30-2022,149763,3254,0,149763,2.17,0,1.0003272907009364
08-31-2022,149798,3254,0,149798,2.17,0,1.0002337025834152
09-01-2022,149911,3254,0,149911,2.17,0,1.0007543491902429
09-02-2022,150018,3262,0,150018,2.17,0,1.0007137568290518
09-03-2022,150101,3262,0,150101,2.17,0,1.0005532669413004
09-04-2022,150180,3267,0,150180,2.18,0,1.0005263122830628
09-05-2022,150307,3268,0,150307,2.17,0,1.0008456518844053
09-06-2022,150358,3269,0,150358,2.17,0,1.0003393055546315
09-07-2022,150401,3269,0,150401,2.17,0,1.0002859841179053
09-08-2022,150401,3269,0,150401,2.17,0,1.0
09-09-2022,150590,3277,0,150590,2.18,0,1.0012566405808472
09-10-2022,150663,3283,0,150663,2.18,0,1.0004847599442195
09-11-2022,150752,3284,0,150752,2.18,0,1.0005907223405879
09-12-2022,150844,3284,0,150844,2.18,0,1.000610273827213
09-13-2022,150909,3286,0,150909,2.18,0,1.0004309087534142
09-14-2022,150921,3288,0,150921,2.18,0,1.0000795181201916
09-15-2022,151016,3288,0,151016,2.18,0,1.0006294683973735
09-16-2022,151130,3289,0,151130,2.18,0,1.0007548868994014
09-17-2022,151221,3290,0,151221,2.18,0,1.000602130616026
09-18-2022,151269,3294,0,151269,2.18,0,1.0003174162318726
09-19-2022,151340,3296,0,151340,2.18,0,1.0004693625263603
09-20-2022,151375,3298,0,151375,2.18,0,1.0002312673450509
09-21-2022,151405,3299,0,151405,2.18,0,1.0001981833195706
09-22-2022,151506,3301,0,151506,2.18,0,1.0006670849707737
09-23-2022,151542,3304,0,151542,2.18,0,1.000237614351907
09-24-2022,151594,3306,0,151594,2.18,0,1.0003431391957345
09-25-2022,151650,3310,0,151650,2.18,0,1.0003694077602017
09-26-2022,151706,3311,0,151706,2.18,0,1.0003692713484997
09-27-2022,151752,3312,0,151752,2.18,0,1.0003032180665234
09-28-2022,151791,3314,0,151791,2.18,0,1.0002569982603196
09-29-2022,151829,3317,0,151829,2.18,0,1.000250344223307
09-30-2022,151829,3317,0,151829,2.18,0,1.0
10-01-2022,151931,3320,0,151931,2.19,0,1.000671808416047
10-02-2022,151931,3320,0,151931,2.19,0,1.0
10-03-2022,151931,3320,0,151931,2.19,0,1.0
10-04-2022,151931,3320,0,151931,2.19,0,1.0
10-05-2022,151931,3320,0,151931,2.19,0,1.0
10-06-2022,151931,3320,0,151931,2.19,0,1.0
10-07-2022,151931,3320,0,151931,2.19,0,1.0
10-08-2022,151931,3320,0,151931,2.19,0,1.0
10-09-2022,151931,3320,0,151931,2.19,0,1.0
10-10-2022,151931,3320,0,151931,2.19,0,1.0
10-11-2022,151931,3320,0,151931,2.19,0,1.0
10-12-2022,151931,3320,0,151931,2.19,0,1.0
10-13-2022,151931,3320,0,151931,2.19,0,1.0
10-14-2022,151931,3320,0,151931,2.19,0,1.0
10-15-2022,151931,3320,0,151931,2.19,0,1.0
10-16-2022,151931,3320,0,151931,2.19,0,1.0
10-17-2022,151931,3320,0,151931,2.19,0,1.0
10-18-2022,151931,3320,0,151931,2.19,0,1.0
10-19-2022,151931,3320,0,151931,2.19,0,1.0
10-20-2022,151931,3320,0,151931,2.19,0,1.0
10-21-2022,151931,3320,0,151931,2.19,0,1.0
10-22-2022,151931,3320,0,151931,2.19,0,1.0
10-23-2022,151931,3320,0,151931,2.19,0,1.0
10-24-2022,151931,3320,0,151931,2.19,0,1.0
10-25-2022,151931,3320,0,151931,2.19,0,1.0
10-26-2022,151931,3320,0,151931,2.19,0,1.0
10-27-2022,151931,3320,0,151931,2.19,0,1.0
10-28-2022,151931,3320,0,151931,2.19,0,1.0
10-29-2022,151931,3320,0,151931,2.19,0,1.0
10-30-2022,151931,3320,0,151931,2.19,0,1.0
10-31-2022,151931,3320,0,151931,2.19,0,1.0
11-01-2022,151931,3320,0,151931,2.19,0,1.0
11-02-2022,151931,3320,0,151931,2.19,0,1.0
11-03-2022,151931,3320,0,151931,2.19,0,1.0
11-04-2022,151931,3320,0,151931,2.19,0,1.0
11-05-2022,151931,3320,0,151931,2.19,0,1.0
11-06-2022,151931,3320,0,151931,2.19,0,1.0
11-07-2022,152236,3349,0,152236,2.2,0,1.002007490242281
11-08-2022,152306,3350,0,152306,2.2,0,1.0004598123965422
11-09-2022,152306,3350,0,152306,2.2,0,1.0
11-10-2022,152306,3350,0,152306,2.2,0,1.0
11-11-2022,152306,3350,0,152306,2.2,0,1.0
11-12-2022,152306,3350,0,152306,2.2,0,1.0
11-13-2022,152306,3350,0,152306,2.2,0,1.0
11-14-2022,152306,3350,0,152306,2.2,0,1.0
11-15-2022,152381,3351,0,152381,2.2,0,1.0004924297138655
11-16-2022,152381,3351,0,152381,2.2,0,1.0
11-17-2022,152381,3351,0,152381,2.2,0,1.0
11-18-2022,152381,3351,0,152381,2.2,0,1.0
11-19-2022,152381,3351,0,152381,2.2,0,1.0
11-20-2022,152381,3351,0,152381,2.2,0,1.0
11-21-2022,152381,3351,0,152381,2.2,0,1.0
11-22-2022,152517,3399,0,152517,2.23,0,1.0008924997210937
11-23-2022,152517,3399,0,152517,2.23,0,1.0
11-24-2022,152517,3399,0,152517,2.23,0,1.0
11-25-2022,152517,3399,0,152517,2.23,0,1.0
11-26-2022,152517,3399,0,152517,2.23,0,1.0
11-27-2022,152517,3399,0,152517,2.23,0,1.0
11-28-2022,152517,3399,0,152517,2.23,0,1.0
11-29-2022,152517,3399,0,152517,2.23,0,1.0
11-30-2022,152517,3399,0,152517,2.23,0,1.0
12-01-2022,152517,3399,0,152517,2.23,0,1.0
12-02-2022,152517,3399,0,152517,2.23,0,1.0
12-03-2022,152517,3399,0,152517,2.23,0,1.0
12-04-2022,152517,3399,0,152517,2.23,0,1.0
12-05-2022,152517,3399,0,152517,2.23,0,1.0
12-06-2022,152517,3399,0,152517,2.23,0,1.0
12-07-2022,152624,3433,0,152624,2.25,0,1.000701561137447
12-08-2022,152624,3433,0,152624,2.25,0,1.0
12-09-2022,152669,3433,0,152669,2.25,0,1.0002948422266484
12-10-2022,152669,3433,0,152669,2.25,0,1.0
12-11-2022,152669,3433,0,152669,2.25,0,1.0
12-12-2022,152669,3433,0,152669,2.25,0,1.0
12-13-2022,152669,3433,0,152669,2.25,0,1.0
12-14-2022,152669,3433,0,152669,2.25,0,1.0
12-15-2022,152669,3447,0,152669,2.26,0,1.0
12-16-2022,152669,3447,0,152669,2.26,0,1.0
12-17-2022,152669,3447,0,152669,2.26,0,1.0
12-18-2022,152669,3447,0,152669,2.26,0,1.0
12-19-2022,152669,3447,0,152669,2.26,0,1.0
12-20-2022,152669,3447,0,152669,2.26,0,1.0
12-21-2022,152758,3461,0,152758,2.27,0,1.0005829605224374
12-22-2022,152758,3461,0,152758,2.27,0,1.0
12-23-2022,152758,3461,0,152758,2.27,0,1.0
12-24-2022,152758,3461,0,152758,2.27,0,1.0
12-25-2022,152758,3461,0,152758,2.27,0,1.0
12-26-2022,152758,3461,0,152758,2.27,0,1.0
12-27-2022,152758,3461,0,152758,2.27,0,1.0
12-28-2022,152758,3461,0,152758,2.27,0,1.0
12-29-2022,152758,3461,0,152758,2.27,0,1.0
12-30-2022,152758,3461,0,152758,2.27,0,1.0
12-31-2022,152758,3461,0,152758,2.27,0,1.0
01-01-2023,152758,3461,0,152758,2.27,0,1.0
01-02-2023,152758,3461,0,152758,2.27,0,1.0
01-03-2023,152791,3464,0,152791,2.27,0,1.0002160279658021
01-04-2023,152791,3464,0,152791,2.27,0,1.0
01-05-2023,152791,3464,0,152791,2.27,0,1.0
01-06-2023,152791,3464,0,152791,2.27,0,1.0
01-07-2023,152791,3464,0,152791,2.27,0,1.0
01-08-2023,152791,3464,0,152791,2.27,0,1.0
01-09-2023,152827,3465,0,152827,2.27,0,1.000235615972145
01-10-2023,152827,3465,0,152827,2.27,0,1.0
01-11-2023,152968,3465,0,152968,2.27,0,1.0009226118421484
01-12-2023,152968,3465,0,152968,2.27,0,1.0
01-13-2023,152968,3465,0,152968,2.27,0,1.0
01-14-2023,152968,3465,0,152968,2.27,0,1.0
01-15-2023,152968,3465,0,152968,2.27,0,1.0
01-16-2023,152968,3465,0,152968,2.27,0,1.0
01-17-2023,153143,3476,0,153143,2.27,0,1.0011440301239476
01-18-2023,153143,3476,0,153143,2.27,0,1.0
01-19-2023,153143,3476,0,153143,2.27,0,1.0
01-20-2023,153143,3476,0,153143,2.27,0,1.0
01-21-2023,153143,3476,0,153143,2.27,0,1.0
01-22-2023,153143,3476,0,153143,2.27,0,1.0
01-23-2023,153143,3476,0,153143,2.27,0,1.0
01-24-2023,153407,3480,0,153407,2.27,0,1.001723878988919
01-25-2023,153407,3480,0,153407,2.27,0,1.0
01-26-2023,153407,3480,0,153407,2.27,0,1.0
01-27-2023,153407,3480,0,153407,2.27,0,1.0
01-28-2023,153407,3480,0,153407,2.27,0,1.0
01-29-2023,153407,3480,0,153407,2.27,0,1.0
01-30-2023,153407,3480,0,153407,2.27,0,1.0
01-31-2023,153407,3480,0,153407,2.27,0,1.0
02-01-2023,153629,3484,0,153629,2.27,0,1.0014471308349684
02-02-2023,153629,3484,0,153629,2.27,0,1.0
02-03-2023,153629,3484,0,153629,2.27,0,1.0
02-04-2023,153629,3484,0,153629,2.27,0,1.0
02-05-2023,153629,3484,0,153629,2.27,0,1.0
02-06-2023,153629,3484,0,153629,2.27,0,1.0
02-07-2023,153629,3484,0,153629,2.27,0,1.0
02-08-2023,153629,3484,0,153629,2.27,0,1.0
02-09-2023,153905,3488,0,153905,2.27,0,1.0017965358102963
02-10-2023,153905,3488,0,153905,2.27,0,1.0
02-11-2023,153905,3488,0,153905,2.27,0,1.0
02-12-2023,153905,3488,0,153905,2.27,0,1.0
02-13-2023,153905,3488,0,153905,2.27,0,1.0
02-14-2023,154065,3500,0,154065,2.27,0,1.0010396023521002
02-15-2023,154065,3500,0,154065,2.27,0,1.0
02-16-2023,154065,3500,0,154065,2.27,0,1.0
02-17-2023,154065,3500,0,154065,2.27,0,1.0
02-18-2023,154065,3500,0,154065,2.27,0,1.0
02-19-2023,154065,3500,0,154065,2.27,0,1.0
02-20-2023,154065,3500,0,154065,2.27,0,1.0
02-21-2023,154065,3500,0,154065,2.27,0,1.0
02-22-2023,154065,3500,0,154065,2.27,0,1.0
02-23-2023,154065,3500,0,154065,2.27,0,1.0
02-24-2023,154065,3500,0,154065,2.27,0,1.0
02-25-2023,154065,3500,0,154065,2.27,0,1.0
02-26-2023,154065,3500,0,154065,2.27,0,1.0
02-27-2023,154065,3500,0,154065,2.27,0,1.0
02-28-2023,154065,3500,0,154065,2.27,0,1.0
03-01-2023,154196,3502,0,154196,2.27,0,1.0008502904618182
03-02-2023,154196,3502,0,154196,2.27,0,1.0
03-03-2023,154196,3502,0,154196,2.27,0,1.0
03-04-2023,154196,3502,0,154196,2.27,0,1.0
03-05-2023,154196,3502,0,154196,2.27,0,1.0
03-06-2023,154196,3502,0,154196,2.27,0,1.0
03-07-2023,154196,3502,0,154196,2.27,0,1.0
03-08-2023,154287,3511,0,154287,2.28,0,1.0005901579807517
03-09-2023,154416,3514,0,154416,2.28,0,1.0008361041435765
