date,total_confirmed,total_deaths,total_recovered,total_infected,mortality_rate,recovery_rate,daily_growth_rate
03-20-2020,2,0,0,2,0.0,0.0,1
03-21-2020,2,0,0,2,0.0,0.0,1.0
03-22-2020,2,0,0,2,0.0,0.0,1.0
03-23-2020,6,0,0,6,0.0,0.0,3.0
03-24-2020,7,0,0,7,0.0,0.0,1.1666666666666667
03-25-2020,8,0,0,8,0.0,0.0,1.1428571428571428
03-26-2020,8,0,0,8,0.0,0.0,1.0
03-27-2020,8,0,0,8,0.0,0.0,1.0
03-28-2020,8,0,0,8,0.0,0.0,1.0
03-29-2020,15,0,1,14,0.0,6.67,1.875
03-30-2020,15,0,1,14,0.0,6.67,1.0
03-31-2020,15,0,1,14,0.0,6.67,1.0
04-01-2020,16,0,1,15,0.0,6.25,1.0666666666666667
04-02-2020,16,0,1,15,0.0,6.25,1.0
04-03-2020,18,0,1,17,0.0,5.56,1.125
04-04-2020,20,0,1,19,0.0,5.0,1.1111111111111112
04-05-2020,21,1,1,20,4.76,4.76,1.05
04-06-2020,24,1,0,24,4.17,0.0,1.1428571428571428
04-07-2020,25,1,0,25,4.0,0.0,1.0416666666666667
04-08-2020,27,1,0,27,3.7,0.0,1.08
04-09-2020,30,2,0,30,6.67,0.0,1.1111111111111112
04-10-2020,31,2,0,31,6.45,0.0,1.0333333333333334
04-11-2020,33,2,0,33,6.06,0.0,1.064516129032258
04-12-2020,33,3,0,33,9.09,0.0,1.0
04-13-2020,40,3,0,40,7.5,0.0,1.2121212121212122
04-14-2020,40,3,0,40,7.5,0.0,1.0
04-15-2020,41,3,0,41,7.32,0.0,1.025
04-16-2020,41,3,0,41,7.32,0.0,1.0
04-17-2020,43,3,0,43,6.98,0.0,1.048780487804878
04-18-2020,44,3,0,44,6.82,0.0,1.0232558139534884
04-19-2020,47,3,0,47,6.38,0.0,1.0681818181818181
04-20-2020,57,3,0,57,5.26,0.0,1.2127659574468086
04-21-2020,57,3,0,57,5.26,0.0,1.0
04-22-2020,62,4,2,60,6.45,3.23,1.087719298245614
04-23-2020,72,5,2,70,6.94,2.78,1.1612903225806452
04-24-2020,72,6,6,66,8.33,8.33,1.0
04-25-2020,72,6,6,66,8.33,8.33,1.0
04-26-2020,74,6,7,67,8.11,9.46,1.0277777777777777
04-27-2020,76,6,8,68,7.89,10.53,1.027027027027027
04-28-2020,76,6,8,68,7.89,10.53,1.0
04-29-2020,76,6,8,68,7.89,10.53,1.0
04-30-2020,81,8,8,73,9.88,9.88,1.0657894736842106
05-01-2020,85,8,10,75,9.41,11.76,1.0493827160493827
05-02-2020,85,8,10,75,9.41,11.76,1.0
05-03-2020,88,9,10,78,10.23,11.36,1.035294117647059
05-04-2020,100,11,10,90,11.0,10.0,1.1363636363636362
05-05-2020,101,12,10,91,11.88,9.9,1.01
05-06-2020,101,12,10,91,11.88,9.9,1.0
05-07-2020,129,12,16,113,9.3,12.4,1.2772277227722773
05-08-2020,146,12,17,129,8.22,11.64,1.1317829457364341
05-09-2020,151,12,17,134,7.95,11.26,1.0342465753424657
05-10-2020,182,15,17,165,8.24,9.34,1.205298013245033
05-11-2020,209,16,17,192,7.66,8.13,1.1483516483516483
05-12-2020,219,18,17,202,8.22,7.76,1.0478468899521531
05-13-2020,234,18,17,217,7.69,7.26,1.0684931506849316
05-14-2020,273,20,18,255,7.33,6.59,1.1666666666666667
05-15-2020,310,20,29,281,6.45,9.35,1.1355311355311355
05-16-2020,358,20,29,329,5.59,8.1,1.1548387096774193
05-17-2020,456,20,21,435,4.39,4.61,1.2737430167597765
05-18-2020,533,21,21,512,3.94,3.94,1.168859649122807
05-19-2020,533,21,21,512,3.94,3.94,1.0
05-20-2020,596,22,21,575,3.69,3.52,1.1181988742964353
05-21-2020,734,25,21,713,3.41,2.86,1.2315436241610738
05-22-2020,812,25,22,790,3.08,2.71,1.106267029972752
05-23-2020,865,26,22,843,3.01,2.54,1.0652709359605912
05-24-2020,865,26,22,843,3.01,2.54,1.0
05-25-2020,958,27,22,936,2.82,2.3,1.107514450867052
05-26-2020,1174,33,22,1152,2.81,1.87,1.2254697286012526
05-27-2020,1320,34,22,1298,2.58,1.67,1.1243611584327087
05-28-2020,1320,34,22,1298,2.58,1.67,1.0
05-29-2020,1584,35,22,1562,2.21,1.39,1.2
05-30-2020,1865,41,24,1841,2.2,1.29,1.1773989898989898
05-31-2020,2124,44,24,2100,2.07,1.13,1.1388739946380697
06-01-2020,2226,45,24,2202,2.02,1.08,1.0480225988700564
06-02-2020,2226,45,24,2202,2.02,1.08,1.0
06-03-2020,2507,48,24,2483,1.91,0.96,1.1262353998203054
06-04-2020,2640,50,24,2616,1.89,0.91,1.0530514559234145
06-05-2020,2740,50,24,2716,1.82,0.88,1.0378787878787878
06-06-2020,3072,50,24,3048,1.63,0.78,1.121167883211679
06-07-2020,3334,51,24,3310,1.53,0.72,1.0852864583333333
06-08-2020,3538,54,24,3514,1.53,0.68,1.0611877624475106
06-09-2020,3662,56,24,3638,1.53,0.66,1.035048049745619
06-10-2020,3796,58,24,3772,1.53,0.63,1.0365920262151829
06-11-2020,3941,64,24,3917,1.62,0.61,1.0381981032665963
06-12-2020,3941,64,24,3917,1.62,0.61,1.0
06-13-2020,4165,70,24,4141,1.68,0.58,1.0568383658969804
06-14-2020,4165,70,24,4141,1.68,0.58,1.0
06-15-2020,4441,76,24,4417,1.71,0.54,1.066266506602641
06-16-2020,4547,80,24,4523,1.76,0.53,1.0238684980860167
06-17-2020,4688,82,24,4664,1.75,0.51,1.0310094567846932
06-18-2020,4916,84,24,4892,1.71,0.49,1.0486348122866893
06-19-2020,4980,87,24,4956,1.75,0.48,1.013018714401953
06-20-2020,5077,88,24,5053,1.73,0.47,1.0194779116465864
06-21-2020,5077,88,24,5053,1.73,0.47,1.0
06-22-2020,5211,88,24,5187,1.69,0.46,1.026393539491826
06-23-2020,5324,89,436,4888,1.67,8.19,1.0216848973325656
06-24-2020,5429,92,512,4917,1.69,9.43,1.0197220135236664
06-25-2020,5543,96,512,5031,1.73,9.24,1.0209983422361393
06-26-2020,5722,98,641,5081,1.71,11.2,1.0322929821396356
06-27-2020,5777,100,706,5071,1.73,12.22,1.0096120237679134
06-28-2020,5777,100,706,5071,1.73,12.22,1.0
06-29-2020,5933,105,839,5094,1.77,14.14,1.0270036351047256
06-30-2020,5975,105,931,5044,1.76,15.58,1.007079049384797
07-01-2020,6040,107,1032,5008,1.77,17.09,1.0108786610878662
07-02-2020,6101,110,1141,4960,1.8,18.7,1.0100993377483443
07-03-2020,6230,110,1286,4944,1.77,20.64,1.0211440747418457
07-04-2020,6294,113,1408,4886,1.8,22.37,1.0102728731942214
07-05-2020,6333,113,1549,4784,1.78,24.46,1.0061963775023832
07-06-2020,6371,113,1824,4547,1.77,28.63,1.006000315806095
07-07-2020,6432,117,2080,4352,1.82,32.34,1.009574635065139
07-08-2020,6486,123,2181,4305,1.9,33.63,1.0083955223880596
07-09-2020,6486,123,2181,4305,1.9,33.63,1.0
07-10-2020,6617,135,2590,4027,2.04,39.14,1.0201973481344435
07-11-2020,6690,139,2590,4100,2.08,38.71,1.0110321898141152
07-12-2020,6727,139,2924,3803,2.07,43.47,1.0055306427503736
07-13-2020,6727,141,3022,3705,2.1,44.92,1.0
07-14-2020,6727,141,3022,3705,2.1,44.92,1.0
07-15-2020,6831,143,3283,3548,2.09,48.06,1.0154600862197116
07-16-2020,6948,145,3606,3342,2.09,51.9,1.0171277997364954
07-17-2020,6975,146,3738,3237,2.09,53.59,1.0038860103626943
07-18-2020,7053,146,3877,3176,2.07,54.97,1.0111827956989248
07-19-2020,7053,146,3877,3176,2.07,54.97,1.0
07-20-2020,7053,146,3877,3176,2.07,54.97,1.0
07-21-2020,7100,151,4095,3005,2.13,57.68,1.0066638309939033
07-22-2020,7167,154,4095,3072,2.15,57.14,1.0094366197183098
07-23-2020,7197,154,4236,2961,2.14,58.86,1.0041858518208455
07-24-2020,7260,156,4236,3024,2.15,58.35,1.0087536473530638
07-25-2020,7297,157,4365,2932,2.15,59.82,1.0050964187327824
07-26-2020,7315,157,4365,2950,2.15,59.67,1.0024667671645882
07-27-2020,7340,158,4365,2975,2.15,59.47,1.0034176349965824
07-28-2020,7340,158,4365,2975,2.15,59.47,1.0
07-29-2020,7378,159,4467,2911,2.16,60.54,1.0051771117166213
07-30-2020,7412,161,4467,2945,2.17,60.27,1.0046082949308757
07-31-2020,7424,161,4606,2818,2.17,62.04,1.001618996222342
08-01-2020,7468,165,4606,2862,2.21,61.68,1.005926724137931
08-02-2020,7468,165,4606,2862,2.21,61.68,1.0
08-03-2020,7511,166,4832,2679,2.21,64.33,1.005757900374933
08-04-2020,7511,166,4832,2679,2.21,64.33,1.0
08-05-2020,7544,171,4832,2712,2.27,64.05,1.004393556117694
08-06-2020,7582,171,4832,2750,2.26,63.73,1.0050371155885471
08-07-2020,7599,177,4893,2706,2.33,64.39,1.0022421524663676
08-08-2020,7611,182,4893,2718,2.39,64.29,1.0015791551519937
08-09-2020,7634,183,4982,2652,2.4,65.26,1.0030219419261595
08-10-2020,7634,183,4982,2652,2.4,65.26,1.0
08-11-2020,7649,183,4982,2667,2.39,65.13,1.0019648938957297
08-12-2020,7743,187,5123,2620,2.42,66.16,1.0122891881291671
08-13-2020,7781,192,5123,2658,2.47,65.84,1.0049076585302854
08-14-2020,7810,192,5123,2687,2.46,65.6,1.0037270273743735
08-15-2020,7831,196,5235,2596,2.5,66.85,1.0026888604353392
08-16-2020,7879,196,5235,2644,2.49,66.44,1.0061294853786233
08-17-2020,7897,196,5235,2662,2.48,66.29,1.0022845538773957
08-18-2020,7921,196,5235,2686,2.47,66.09,1.0030391287830822
08-19-2020,7949,196,5337,2612,2.47,67.14,1.0035349072086859
08-20-2020,7997,196,5447,2550,2.45,68.11,1.0060384954082275
08-21-2020,8016,196,5447,2569,2.45,67.95,1.0023758909591096
08-22-2020,8050,196,5447,2603,2.43,67.66,1.004241516966068
08-23-2020,8082,196,5624,2458,2.43,69.59,1.003975155279503
08-24-2020,8110,196,5624,2486,2.42,69.35,1.0034644889878743
08-25-2020,8112,196,5624,2488,2.42,69.33,1.0002466091245377
08-26-2020,8122,197,5677,2445,2.43,69.9,1.001232741617357
08-27-2020,8151,200,5743,2408,2.45,70.46,1.003570549125831
08-28-2020,8161,201,5743,2418,2.46,70.37,1.0012268433321065
08-29-2020,8174,201,5743,2431,2.46,70.26,1.0015929420414165
08-30-2020,8209,201,5828,2381,2.45,71.0,1.0042818693418154
08-31-2020,8224,201,5828,2396,2.44,70.87,1.001827262760385
09-01-2020,8230,203,5828,2402,2.47,70.81,1.0007295719844358
09-02-2020,8258,206,5870,2388,2.49,71.08,1.0034021871202916
09-03-2020,8301,210,5870,2431,2.53,70.71,1.0052070719302495
09-04-2020,8326,212,5870,2456,2.55,70.5,1.0030116853391158
09-05-2020,8336,212,5933,2403,2.54,71.17,1.0012010569300984
09-06-2020,8360,214,5933,2427,2.56,70.97,1.0028790786948176
09-07-2020,8376,214,5991,2385,2.55,71.53,1.001913875598086
09-08-2020,8376,214,5991,2385,2.55,71.53,1.0
09-09-2020,8384,214,5991,2393,2.55,71.46,1.0009551098376313
09-10-2020,8429,215,5991,2438,2.55,71.08,1.0053673664122138
09-11-2020,8457,216,6120,2337,2.55,72.37,1.0033218649899158
09-12-2020,8478,219,6120,2358,2.58,72.19,1.0024831500532103
09-13-2020,8493,219,6120,2373,2.58,72.06,1.0017692852087756
09-14-2020,8499,219,6120,2379,2.58,72.01,1.0007064641469445
09-15-2020,8530,220,6181,2349,2.58,72.46,1.0036474879397577
09-16-2020,8541,220,6258,2283,2.58,73.27,1.0012895662368113
09-17-2020,8556,220,6315,2241,2.57,73.81,1.001756234632947
09-18-2020,8600,221,6363,2237,2.57,73.99,1.005142589995325
09-19-2020,8600,221,6363,2237,2.57,73.99,1.0
09-20-2020,8619,221,6363,2256,2.56,73.83,1.0022093023255814
09-21-2020,8624,221,6482,2142,2.56,75.16,1.0005801137022856
09-22-2020,8633,223,6482,2151,2.58,75.08,1.001043599257885
09-23-2020,8646,225,6551,2095,2.6,75.77,1.0015058496467044
09-24-2020,8668,227,6551,2117,2.62,75.58,1.0025445292620865
09-25-2020,8684,227,6551,2133,2.61,75.44,1.0018458698661745
09-26-2020,8723,227,6551,2172,2.6,75.1,1.0044910179640718
09-27-2020,8740,227,6688,2052,2.6,76.52,1.0019488708013298
09-28-2020,8740,227,6757,1983,2.6,77.31,1.0
09-29-2020,8740,227,6757,1983,2.6,77.31,1.0
09-30-2020,8766,229,6829,1937,2.61,77.9,1.002974828375286
10-01-2020,8781,229,6907,1874,2.61,78.66,1.0017111567419577
10-02-2020,8792,229,6949,1843,2.6,79.04,1.0012527047033368
10-03-2020,8811,229,6949,1862,2.6,78.87,1.0021610555050044
10-04-2020,8819,229,6992,1827,2.6,79.28,1.0009079559641358
10-05-2020,8827,229,6992,1835,2.59,79.21,1.0009071323279284
