date,total_confirmed,total_deaths,total_recovered,total_infected,mortality_rate,recovery_rate,daily_growth_rate
04-02-2020,3,0,0,3,0,0,1
04-03-2020,3,0,0,3,0,0,1.0
04-04-2020,4,0,0,4,0,0,1.3333333333333333
04-05-2020,4,0,0,4,0,0,1.0
04-06-2020,5,0,0,5,0,0,1.25
04-07-2020,8,1,0,8,12.5,0,1.6
04-08-2020,8,1,0,8,12.5,0,1.0
04-09-2020,8,1,0,8,12.5,0,1.0
04-10-2020,9,1,0,9,11.11,0,1.125
04-11-2020,12,2,0,12,16.67,0,1.3333333333333333
04-12-2020,13,2,0,13,15.38,0,1.0833333333333333
04-13-2020,16,2,0,16,12.5,0,1.2307692307692308
04-14-2020,16,2,0,16,12.5,0,1.0
04-15-2020,16,2,0,16,12.5,0,1.0
04-16-2020,16,2,0,16,12.5,0,1.0
04-17-2020,17,2,3,14,11.76,17.65,1.0625
04-18-2020,17,2,3,14,11.76,17.65,1.0
04-19-2020,17,2,3,14,11.76,17.65,1.0
04-20-2020,17,2,3,14,11.76,17.65,1.0
04-21-2020,18,2,3,15,11.11,16.67,1.0588235294117647
04-22-2020,23,3,3,20,13.04,13.04,1.2777777777777777
04-23-2020,33,3,3,30,9.09,9.09,1.434782608695652
04-24-2020,33,3,4,29,9.09,12.12,1.0
04-25-2020,33,3,4,29,9.09,12.12,1.0
04-26-2020,34,3,4,30,8.82,11.76,1.0303030303030303
04-27-2020,36,3,4,32,8.33,11.11,1.0588235294117647
04-28-2020,36,3,5,31,8.33,13.89,1.0
04-29-2020,36,3,7,29,8.33,19.44,1.0
04-30-2020,37,3,7,30,8.11,18.92,1.0277777777777777
05-01-2020,37,3,9,28,8.11,24.32,1.0
05-02-2020,38,3,9,29,7.89,23.68,1.027027027027027
05-03-2020,39,3,9,30,7.69,23.08,1.0263157894736843
05-04-2020,41,3,9,32,7.32,21.95,1.0512820512820513
05-05-2020,41,3,9,32,7.32,21.95,1.0
05-06-2020,43,3,9,34,6.98,20.93,1.048780487804878
05-07-2020,43,3,14,29,6.98,32.56,1.0
05-08-2020,43,3,14,29,6.98,32.56,1.0
05-09-2020,56,3,14,42,5.36,25.0,1.302325581395349
05-10-2020,56,3,14,42,5.36,25.0,1.0
05-11-2020,57,3,24,33,5.26,42.11,1.0178571428571428
05-12-2020,57,3,24,33,5.26,42.11,1.0
05-13-2020,63,3,24,39,4.76,38.1,1.1052631578947367
05-14-2020,63,3,24,39,4.76,38.1,1.0
05-15-2020,63,3,24,39,4.76,38.1,1.0
05-16-2020,65,3,24,41,4.62,36.92,1.0317460317460316
05-17-2020,70,3,27,43,4.29,38.57,1.0769230769230769
05-18-2020,70,3,27,43,4.29,38.57,1.0
05-19-2020,70,3,27,43,4.29,38.57,1.0
05-20-2020,71,3,27,44,4.23,38.03,1.0142857142857142
05-21-2020,72,3,27,45,4.17,37.5,1.0140845070422535
05-22-2020,82,3,28,54,3.66,34.15,1.1388888888888888
05-23-2020,82,3,28,54,3.66,34.15,1.0
05-24-2020,83,4,33,50,4.82,39.76,1.0121951219512195
05-25-2020,101,4,33,68,3.96,32.67,1.216867469879518
05-26-2020,101,4,37,64,3.96,36.63,1.0
05-27-2020,101,4,37,64,3.96,36.63,1.0
05-28-2020,203,4,37,166,1.97,18.23,2.00990099009901
05-29-2020,273,4,42,231,1.47,15.38,1.3448275862068966
05-30-2020,279,4,42,237,1.43,15.05,1.021978021978022
05-31-2020,284,4,42,242,1.41,14.79,1.017921146953405
06-01-2020,336,4,42,294,1.19,12.5,1.1830985915492958
06-02-2020,358,4,42,316,1.12,11.73,1.0654761904761905
06-03-2020,369,4,51,318,1.08,13.82,1.0307262569832403
06-04-2020,393,4,51,342,1.02,12.98,1.065040650406504
06-05-2020,409,4,55,354,0.98,13.45,1.0407124681933841
06-06-2020,409,4,55,354,0.98,13.45,1.0
06-07-2020,438,4,55,383,0.91,12.56,1.0709046454767726
06-08-2020,443,4,55,388,0.9,12.42,1.0114155251141552
06-09-2020,455,4,55,400,0.88,12.09,1.0270880361173815
06-10-2020,455,4,55,400,0.88,12.09,1.0
06-11-2020,481,4,55,426,0.83,11.43,1.0571428571428572
06-12-2020,481,4,65,416,0.83,13.51,1.0
06-13-2020,529,5,66,463,0.95,12.48,1.0997920997920998
06-14-2020,547,6,69,478,1.1,12.61,1.0340264650283555
06-15-2020,555,6,69,486,1.08,12.43,1.0146252285191957
06-16-2020,564,6,73,491,1.06,12.94,1.0162162162162163
06-17-2020,572,6,73,499,1.05,12.76,1.0141843971631206
06-18-2020,592,8,74,518,1.35,12.5,1.034965034965035
06-19-2020,620,8,91,529,1.29,14.68,1.0472972972972974
06-20-2020,620,8,91,529,1.29,14.68,1.0
06-21-2020,730,11,258,472,1.51,35.34,1.1774193548387097
06-22-2020,749,11,258,491,1.47,34.45,1.026027397260274
06-23-2020,803,11,258,545,1.37,32.13,1.0720961281708945
06-24-2020,941,11,259,682,1.17,27.52,1.1718555417185554
06-25-2020,960,12,260,700,1.25,27.08,1.0201912858661
06-26-2020,1005,13,260,745,1.29,25.87,1.046875
06-27-2020,1038,13,260,778,1.25,25.05,1.0328358208955224
06-28-2020,1146,13,260,886,1.13,22.69,1.1040462427745665
06-29-2020,1152,13,260,892,1.13,22.57,1.0052356020942408
06-30-2020,1224,14,260,964,1.14,21.24,1.0625
07-01-2020,1265,16,260,1005,1.26,20.55,1.033496732026144
07-02-2020,1342,16,271,1071,1.19,20.19,1.0608695652173914
07-03-2020,1498,16,317,1181,1.07,21.16,1.1162444113263785
07-04-2020,1613,17,317,1296,1.05,19.65,1.0767690253671562
07-05-2020,1613,17,317,1296,1.05,19.65,1.0
07-06-2020,1742,19,317,1425,1.09,18.2,1.0799752014879107
07-07-2020,1818,19,317,1501,1.05,17.44,1.0436280137772675
07-08-2020,1864,24,345,1519,1.29,18.51,1.0253025302530252
07-09-2020,1942,25,369,1573,1.29,19.0,1.0418454935622317
07-10-2020,2069,31,379,1690,1.5,18.32,1.065396498455201
07-11-2020,2261,33,517,1744,1.46,22.87,1.0927984533591106
07-12-2020,2364,38,557,1807,1.61,23.56,1.0455550641309155
07-13-2020,2430,39,747,1683,1.6,30.74,1.0279187817258884
07-14-2020,2497,40,795,1702,1.6,31.84,1.0275720164609055
07-15-2020,2614,43,1005,1609,1.64,38.45,1.0468562274729676
07-16-2020,2712,51,1073,1639,1.88,39.56,1.0374904361132364
07-17-2020,2805,55,1107,1698,1.96,39.47,1.0342920353982301
07-18-2020,2810,55,1111,1699,1.96,39.54,1.0017825311942958
07-19-2020,2907,59,1135,1772,2.03,39.04,1.0345195729537366
07-20-2020,2992,62,1153,1839,2.07,38.54,1.0292397660818713
07-21-2020,3045,64,1180,1865,2.1,38.75,1.0177139037433156
07-22-2020,3302,76,1282,2020,2.3,38.82,1.08440065681445
07-23-2020,3302,76,1282,2020,2.3,38.82,1.0
07-24-2020,3453,87,1373,2080,2.52,39.76,1.0457298606904906
07-25-2020,3453,87,1373,2080,2.52,39.76,1.0
07-26-2020,3640,99,1639,2001,2.72,45.03,1.0541558065450334
07-27-2020,3664,99,1645,2019,2.7,44.9,1.0065934065934066
07-28-2020,3709,103,1667,2042,2.78,44.94,1.0122816593886463
07-29-2020,3738,103,1728,2010,2.76,46.23,1.0078188190887032
07-30-2020,3858,107,1760,2098,2.77,45.62,1.0321027287319422
07-31-2020,4078,114,1875,2203,2.8,45.98,1.0570243649559357
08-01-2020,4186,120,1914,2272,2.87,45.72,1.026483570377636
08-02-2020,4231,123,1919,2312,2.91,45.36,1.0107501194457715
08-03-2020,4272,123,1945,2327,2.88,45.53,1.0096903805246986
08-04-2020,4361,128,2047,2314,2.94,46.94,1.0208333333333333
08-05-2020,4426,136,2078,2348,3.07,46.95,1.0149048383398303
08-06-2020,4491,137,2137,2354,3.05,47.58,1.0146859466787166
08-07-2020,4575,137,2184,2391,2.99,47.74,1.0187040748162992
08-08-2020,4624,143,2329,2295,3.09,50.37,1.0107103825136612
08-09-2020,4658,146,2375,2283,3.13,50.99,1.0073529411764706
08-10-2020,4674,146,2430,2244,3.12,51.99,1.0034349506225848
08-11-2020,4714,152,2477,2237,3.22,52.55,1.0085579803166453
08-12-2020,4752,152,2529,2223,3.2,53.22,1.0080610946117947
08-13-2020,4912,153,2550,2362,3.11,51.91,1.0336700336700337
08-14-2020,4988,156,2576,2412,3.13,51.64,1.015472312703583
08-15-2020,5026,157,2623,2403,3.12,52.19,1.0076182838813152
08-16-2020,5072,161,2626,2446,3.17,51.77,1.0091524074810982
08-17-2020,5125,162,2690,2435,3.16,52.49,1.0104495268138802
08-18-2020,5193,163,2716,2477,3.14,52.3,1.0132682926829268
08-19-2020,5240,164,2857,2383,3.13,54.52,1.0090506450991719
08-20-2020,5282,165,2883,2399,3.12,54.58,1.0080152671755724
08-21-2020,5322,166,2929,2393,3.12,55.04,1.0075728890571753
08-22-2020,5382,168,2998,2384,3.12,55.7,1.0112739571589628
08-23-2020,5414,168,3012,2402,3.1,55.63,1.00594574507618
08-24-2020,5419,169,3059,2360,3.12,56.45,1.0009235315847802
08-25-2020,5423,170,3066,2357,3.13,56.54,1.0007381435689242
08-26-2020,5474,173,3085,2389,3.16,56.36,1.0094043887147335
08-27-2020,5496,173,3121,2375,3.15,56.79,1.0040189989039094
08-28-2020,5523,174,3143,2380,3.15,56.91,1.0049126637554586
08-29-2020,5528,174,3143,2385,3.15,56.86,1.0009053050878145
08-30-2020,5536,174,3147,2389,3.14,56.85,1.0014471780028944
08-31-2020,5566,175,3160,2406,3.14,56.77,1.0054190751445087
09-01-2020,5576,175,3420,2156,3.14,61.33,1.0017966223499821
09-02-2020,5579,175,3500,2079,3.14,62.74,1.0005380200860832
09-03-2020,5593,175,3516,2077,3.13,62.86,1.002509410288582
09-04-2020,5608,175,3533,2075,3.12,63.0,1.002681923833363
09-05-2020,5611,175,3551,2060,3.12,63.29,1.0005349500713268
09-06-2020,5614,175,3551,2063,3.12,63.25,1.0005346640527535
09-07-2020,5621,176,3590,2031,3.13,63.87,1.0012468827930174
09-08-2020,5630,176,3630,2000,3.13,64.48,1.00160113858744
09-09-2020,5653,176,3630,2023,3.11,64.21,1.0040852575488455
09-10-2020,5655,176,3683,1972,3.11,65.13,1.0003537944454273
09-11-2020,5669,177,3720,1949,3.12,65.62,1.002475685234306
09-12-2020,5678,177,3724,1954,3.12,65.59,1.0015875815840536
09-13-2020,5690,177,3731,1959,3.11,65.57,1.0021134202183868
09-14-2020,5697,178,3742,1955,3.12,65.68,1.0012302284710017
09-15-2020,5701,178,3762,1939,3.12,65.99,1.0007021239248728
09-16-2020,5704,178,3764,1940,3.12,65.99,1.0005262234695667
09-17-2020,5711,179,4000,1711,3.13,70.04,1.0012272089761571
09-18-2020,5716,179,4026,1690,3.13,70.43,1.0008755034144634
09-19-2020,5718,179,4030,1688,3.13,70.48,1.0003498950314906
09-20-2020,5731,179,4040,1691,3.12,70.49,1.0022735222105632
09-21-2020,5733,179,4053,1680,3.12,70.7,1.0003489792357354
09-22-2020,5739,179,4065,1674,3.12,70.83,1.0010465724751438
09-23-2020,5746,179,4140,1606,3.12,72.05,1.0012197246907126
09-24-2020,5747,179,4163,1584,3.11,72.44,1.0001740341106857
09-25-2020,5764,179,4178,1586,3.11,72.48,1.0029580650774317
09-26-2020,5766,179,4185,1581,3.1,72.58,1.0003469812630117
09-27-2020,5768,179,4206,1562,3.1,72.92,1.0003468609087756
09-28-2020,5770,179,4243,1527,3.1,73.54,1.0003467406380029
09-29-2020,5772,179,4245,1527,3.1,73.54,1.0003466204506066
09-30-2020,5773,179,4263,1510,3.1,73.84,1.00017325017325
10-01-2020,5779,179,4514,1265,3.1,78.11,1.0010393209769617
10-02-2020,5783,179,4535,1248,3.1,78.42,1.0006921612735769
10-03-2020,5783,179,4539,1244,3.1,78.49,1.0
10-04-2020,5786,179,4541,1245,3.09,78.48,1.0005187618882934
10-05-2020,5794,180,4541,1253,3.11,78.37,1.0013826477704804
10-06-2020,5796,180,4549,1247,3.11,78.49,1.0003451846738005
10-07-2020,5803,180,4575,1228,3.1,78.84,1.001207729468599
10-08-2020,5809,180,4626,1183,3.1,79.64,1.0010339479579529
10-09-2020,5813,180,4631,1182,3.1,79.67,1.000688586675848
10-10-2020,5821,180,4644,1177,3.09,79.78,1.001376225701015
10-11-2020,5821,180,4647,1174,3.09,79.83,1.0
10-12-2020,5824,180,4659,1165,3.09,80.0,1.0005153753650575
10-13-2020,5827,181,4688,1139,3.11,80.45,1.00051510989011
10-14-2020,5829,181,4723,1106,3.11,81.03,1.000343229792346
10-15-2020,5836,181,4728,1108,3.1,81.01,1.0012008920912678
10-16-2020,5842,181,4735,1107,3.1,81.05,1.001028101439342
10-17-2020,5852,181,4740,1112,3.09,81.0,1.00171174255392
10-18-2020,5857,181,4742,1115,3.09,80.96,1.0008544087491456
10-19-2020,5860,181,4757,1103,3.09,81.18,1.0005122076148198
10-20-2020,5861,182,4757,1104,3.11,81.16,1.000170648464164
10-21-2020,5864,183,4762,1102,3.12,81.21,1.0005118580447023
10-22-2020,5874,183,4764,1110,3.12,81.1,1.0017053206002728
10-23-2020,5885,183,5287,598,3.11,89.84,1.0018726591760299
10-24-2020,5887,183,5288,599,3.11,89.83,1.000339847068819
10-25-2020,5890,183,5291,599,3.11,89.83,1.0005095974180398
10-26-2020,5894,183,5294,600,3.1,89.82,1.000679117147708
10-27-2020,5897,183,5299,598,3.1,89.86,1.000508992195453
10-28-2020,5904,184,5300,604,3.12,89.77,1.0011870442597932
10-29-2020,5916,184,5303,613,3.11,89.64,1.0020325203252032
10-30-2020,5923,184,5323,600,3.11,89.87,1.001183231913455
10-31-2020,5930,184,5323,607,3.1,89.76,1.0011818335303055
11-01-2020,5932,184,5323,609,3.1,89.73,1.000337268128162
11-02-2020,5933,184,5323,610,3.1,89.72,1.0001685772083615
11-03-2020,5934,184,5333,601,3.1,89.87,1.0001685487948762
11-04-2020,5934,184,5336,598,3.1,89.92,1.0
11-05-2020,5940,184,5338,602,3.1,89.87,1.0010111223458038
11-06-2020,5942,184,5346,596,3.1,89.97,1.0003367003367003
11-07-2020,5948,184,5346,602,3.09,89.88,1.0010097610232245
11-08-2020,5951,184,5348,603,3.09,89.87,1.000504371217216
11-09-2020,5953,185,5359,594,3.11,90.02,1.0003360779700892
11-10-2020,5953,185,5361,592,3.11,90.06,1.0
11-11-2020,5955,185,5366,589,3.11,90.11,1.0003359650596337
11-12-2020,5958,185,5369,589,3.11,90.11,1.0005037783375315
11-13-2020,5962,185,5372,590,3.1,90.1,1.0006713662302786
11-14-2020,5964,185,5399,565,3.1,90.53,1.0003354579000336
11-15-2020,5965,185,5399,566,3.1,90.51,1.0001676727028839
11-16-2020,5971,185,5402,569,3.1,90.47,1.0010058675607711
11-17-2020,5971,185,5402,569,3.1,90.47,1.0
11-18-2020,5999,185,5434,565,3.08,90.58,1.0046893317702228
11-19-2020,6002,185,5435,567,3.08,90.55,1.0005000833472246
11-20-2020,6003,185,5439,564,3.08,90.6,1.0001666111296235
11-21-2020,6003,185,5441,562,3.08,90.64,1.0
11-22-2020,6003,185,5441,562,3.08,90.64,1.0
11-23-2020,6009,185,5443,566,3.08,90.58,1.000999500249875
11-24-2020,6017,185,5445,572,3.07,90.49,1.00133133632884
11-25-2020,6018,185,5450,568,3.07,90.56,1.0001661957786272
11-26-2020,6020,185,5450,570,3.07,90.53,1.0003323363243604
11-27-2020,6024,185,5453,571,3.07,90.52,1.0006644518272425
11-28-2020,6025,185,5453,572,3.07,90.51,1.0001660026560426
11-29-2020,6025,185,5453,572,3.07,90.51,1.0
11-30-2020,6028,185,5455,573,3.07,90.49,1.0004979253112034
12-01-2020,6028,185,5465,563,3.07,90.66,1.0
12-02-2020,6040,185,5471,569,3.06,90.58,1.001990710019907
12-03-2020,6043,185,5472,571,3.06,90.55,1.000496688741722
12-04-2020,6047,185,5472,575,3.06,90.49,1.0006619228859839
12-05-2020,6049,185,5476,573,3.06,90.53,1.0003307425169505
12-06-2020,6051,185,5476,575,3.06,90.5,1.0003306331625061
12-07-2020,6051,185,5476,575,3.06,90.5,1.0
12-08-2020,6051,186,5482,569,3.07,90.6,1.0
12-09-2020,6051,186,5487,564,3.07,90.68,1.0
12-10-2020,6051,186,5487,564,3.07,90.68,1.0
12-11-2020,6055,186,5490,565,3.07,90.67,1.0006610477607008
12-12-2020,6063,186,5491,572,3.07,90.57,1.0013212221304706
12-13-2020,6066,187,5491,575,3.08,90.52,1.000494804552202
12-14-2020,6070,187,5491,579,3.08,90.46,1.0006594131223212
12-15-2020,6080,187,5659,421,3.08,93.08,1.00164744645799
12-16-2020,6091,187,5661,430,3.07,92.94,1.0018092105263159
12-17-2020,6138,187,5661,477,3.05,92.23,1.0077163027417502
12-18-2020,6148,187,5662,486,3.04,92.09,1.0016291951775822
12-19-2020,6153,187,5662,491,3.04,92.02,1.0008132726089785
12-20-2020,6161,187,5663,498,3.04,91.92,1.0013001787745814
12-21-2020,6202,187,5664,538,3.02,91.33,1.0066547638370393
12-22-2020,6248,187,5668,580,2.99,90.72,1.0074169622702354
12-23-2020,6261,187,5675,586,2.99,90.64,1.00208066581306
12-24-2020,6277,187,5676,601,2.98,90.43,1.002555502315924
12-25-2020,6339,187,5676,663,2.95,89.54,1.0098773299346822
12-26-2020,6343,188,5680,663,2.96,89.55,1.0006310143555766
12-27-2020,6354,188,5682,672,2.96,89.42,1.0017341951757843
12-28-2020,6377,188,5682,695,2.95,89.1,1.0036197670758578
12-29-2020,6388,188,5688,700,2.94,89.04,1.0017249490355966
12-30-2020,6471,189,5700,771,2.92,88.09,1.0129931120851596
12-31-2020,6583,189,5705,878,2.87,86.66,1.0173079894915777
01-01-2021,6684,191,5708,976,2.86,85.4,1.0153425489898222
01-02-2021,6712,192,5710,1002,2.86,85.07,1.0041891083183723
01-03-2021,6844,195,5715,1129,2.85,83.5,1.0196662693682956
01-04-2021,6935,196,5718,1217,2.83,82.45,1.0132963179427235
01-05-2021,7110,199,5753,1357,2.8,80.91,1.0252343186733959
01-06-2021,7337,199,5787,1550,2.71,78.87,1.0319268635724332
01-07-2021,7611,203,5791,1820,2.67,76.09,1.0373449638816956
01-08-2021,7925,208,5802,2123,2.62,73.21,1.0412560767310473
01-09-2021,8306,220,5809,2497,2.65,69.94,1.0480757097791797
01-10-2021,8575,225,5826,2749,2.62,67.94,1.0323862268239827
01-11-2021,9027,235,5838,3189,2.6,64.67,1.0527113702623907
01-12-2021,9027,235,5838,3189,2.6,64.67,1.0
01-13-2021,9400,254,5854,3546,2.7,62.28,1.041320482995458
01-14-2021,9991,275,5866,4125,2.75,58.71,1.0628723404255318
01-15-2021,11223,291,5974,5249,2.59,53.23,1.1233109798818937
01-16-2021,11785,300,5992,5793,2.55,50.84,1.050075737325136
01-17-2021,12470,314,6036,6434,2.52,48.4,1.058124734832414
01-18-2021,13027,321,6080,6947,2.46,46.67,1.0446672012830793
01-19-2021,13880,336,6127,7753,2.42,44.14,1.0654793889613878
01-20-2021,14851,353,6206,8645,2.38,41.79,1.069956772334294
01-21-2021,16049,396,6314,9735,2.47,39.34,1.0806679684869707
01-22-2021,17365,445,6408,10957,2.56,36.9,1.0819988784347934
01-23-2021,18439,470,6520,11919,2.55,35.36,1.0618485459257125
01-24-2021,19395,508,6699,12696,2.62,34.54,1.0518466294267586
01-25-2021,19987,518,6780,13207,2.59,33.92,1.0305233307553494
01-26-2021,20830,540,7005,13825,2.59,33.63,1.042177415319958
01-27-2021,21660,555,7249,14411,2.56,33.47,1.0398463754200673
01-28-2021,22304,628,7548,14756,2.82,33.84,1.0297322253000922
01-29-2021,23020,643,7815,15205,2.79,33.95,1.0321018651362985
01-30-2021,23497,687,8318,15179,2.92,35.4,1.0207211120764552
01-31-2021,23963,702,8615,15348,2.93,35.95,1.0198323190194494
02-01-2021,24365,712,8945,15420,2.92,36.71,1.0167758627884655
02-02-2021,24903,726,9518,15385,2.92,38.22,1.0220808536835624
02-03-2021,25449,761,9814,15635,2.99,38.56,1.0219250692687627
02-04-2021,25884,779,10264,15620,3.01,39.65,1.0170930095485087
02-05-2021,26360,779,10761,15599,2.96,40.82,1.0183897388348013
02-06-2021,26875,837,11348,15527,3.11,42.23,1.01953717754173
02-07-2021,27195,856,11596,15599,3.15,42.64,1.011906976744186
02-08-2021,27422,874,11756,15666,3.19,42.87,1.0083471226328369
02-09-2021,27722,883,12065,15657,3.19,43.52,1.0109401210706732
02-10-2021,28050,900,12583,15467,3.21,44.86,1.0118317581704062
02-11-2021,28270,914,12879,15391,3.23,45.56,1.007843137254902
02-12-2021,28630,926,13347,15283,3.23,46.62,1.0127343473646975
02-13-2021,28876,937,13554,15322,3.24,46.94,1.0085923856095005
02-14-2021,29035,952,13607,15428,3.28,46.86,1.005506302812024
02-15-2021,29181,958,14195,14986,3.28,48.64,1.0050284139831238
02-16-2021,29421,968,14803,14618,3.29,50.31,1.00822452965971
02-17-2021,29634,976,15321,14313,3.29,51.7,1.0072397267258082
02-18-2021,29837,984,15568,14269,3.3,52.18,1.0068502395896606
02-19-2021,30277,997,16251,14026,3.29,53.67,1.014746790897208
02-20-2021,30528,1004,16620,13908,3.29,54.44,1.0082901212141229
02-21-2021,30742,1013,16840,13902,3.3,54.78,1.0070099580712788
02-22-2021,30942,1021,17184,13758,3.3,55.54,1.006505757595472
02-23-2021,31106,1024,17445,13661,3.29,56.08,1.0053002391571326
02-24-2021,31295,1029,17570,13725,3.29,56.14,1.0060759981997043
02-25-2021,31502,1033,18045,13457,3.28,57.28,1.0066144751557757
02-26-2021,31675,1037,18183,13492,3.27,57.4,1.005491714811758
02-27-2021,31798,1041,18424,13374,3.27,57.94,1.0038831886345698
02-28-2021,31945,1044,18874,13071,3.27,59.08,1.0046229322598905
03-01-2021,32008,1048,19513,12495,3.27,60.96,1.0019721396149632
03-02-2021,32148,1053,19904,12244,3.28,61.91,1.0043739065233692
03-03-2021,32229,1056,20204,12025,3.28,62.69,1.0025195968645018
03-04-2021,32283,1058,20582,11701,3.28,63.75,1.0016755096341805
03-05-2021,32283,1058,20582,11701,3.28,63.75,1.0
03-06-2021,32398,1067,21932,10466,3.29,67.7,1.0035622463835454
03-07-2021,32442,1069,22373,10069,3.3,68.96,1.0013581085252177
03-08-2021,32469,1070,23105,9364,3.3,71.16,1.0008322544849269
03-09-2021,32528,1074,23691,8837,3.3,72.83,1.0018171178662725
03-10-2021,32614,1077,24381,8233,3.3,74.76,1.0026438760452534
03-11-2021,32673,1078,24714,7959,3.3,75.64,1.001809039062979
03-12-2021,32746,1079,25422,7324,3.3,77.63,1.0022342607045573
03-13-2021,32789,1082,25578,7211,3.3,78.01,1.0013131374824407
03-14-2021,32789,1082,25578,7211,3.3,78.01,1.0
03-15-2021,32864,1084,26607,6257,3.3,80.96,1.002287352465766
03-16-2021,32894,1088,26890,6004,3.31,81.75,1.000912852969815
03-17-2021,32970,1088,27184,5786,3.3,82.45,1.0023104517541193
03-18-2021,33045,1091,27532,5513,3.3,83.32,1.0022747952684259
03-19-2021,33174,1092,27847,5327,3.29,83.94,1.0039037675896505
03-20-2021,33216,1093,28108,5108,3.29,84.62,1.0012660517272562
03-21-2021,33237,1096,28636,4601,3.3,86.16,1.000632225433526
03-22-2021,33270,1098,28947,4323,3.3,87.01,1.0009928693925445
03-23-2021,33323,1099,29120,4203,3.3,87.39,1.0015930267508266
03-24-2021,33354,1105,29253,4101,3.31,87.7,1.0009302883894007
03-25-2021,33387,1108,29260,4127,3.32,87.64,1.00098938658032
03-26-2021,33415,1112,29417,3998,3.33,88.04,1.0008386497738642
03-27-2021,33458,1113,29585,3873,3.33,88.42,1.0012868472243004
03-28-2021,33481,1114,29611,3870,3.33,88.44,1.0006874290154821
03-29-2021,33505,1114,30038,3467,3.32,89.65,1.0007168244676086
03-30-2021,33525,1116,30156,3369,3.33,89.95,1.0005969258319654
03-31-2021,33551,1117,30272,3279,3.33,90.23,1.0007755406413124
04-01-2021,33584,1118,30379,3205,3.33,90.46,1.0009835772406188
04-02-2021,33639,1119,30490,3149,3.33,90.64,1.0016376846117199
04-03-2021,33647,1120,30593,3054,3.33,90.92,1.0002378191979548
04-04-2021,33661,1123,30686,2975,3.34,91.16,1.0004160846435046
04-05-2021,33673,1124,30757,2916,3.34,91.34,1.0003564956477824
04-06-2021,33685,1124,30849,2836,3.34,91.58,1.000356368603926
04-07-2021,33718,1125,30996,2722,3.34,91.93,1.0009796645391125
04-08-2021,33738,1125,31140,2598,3.33,92.3,1.0005931549913993
04-09-2021,33779,1126,31239,2540,3.33,92.48,1.0012152469026023
04-10-2021,33805,1127,31360,2445,3.33,92.77,1.0007697089907932
04-11-2021,33827,1128,31479,2348,3.33,93.06,1.0006507913030618
04-12-2021,33859,1132,31572,2287,3.34,93.25,1.000945989889733
04-13-2021,33872,1133,31572,2300,3.34,93.21,1.0003839451844414
04-14-2021,33891,1134,31675,2216,3.35,93.46,1.0005609352857818
04-15-2021,33902,1134,31691,2211,3.34,93.48,1.000324569944823
04-16-2021,33919,1136,31717,2202,3.35,93.51,1.0005014453424577
04-17-2021,33919,1136,31717,2202,3.35,93.51,1.0
04-18-2021,33941,1138,31764,2177,3.35,93.59,1.0006486040272413
04-19-2021,33959,1139,31774,2185,3.35,93.57,1.000530332046787
04-20-2021,33968,1142,31810,2158,3.36,93.65,1.0002650254718926
04-21-2021,33975,1142,31852,2123,3.36,93.75,1.0002060763071126
04-22-2021,33989,1145,31864,2125,3.37,93.75,1.000412067696836
04-23-2021,33989,1145,31864,2125,3.37,93.75,1.0
04-24-2021,34011,1147,31899,2112,3.37,93.79,1.0006472682338403
04-25-2021,34016,1147,31908,2108,3.37,93.8,1.0001470112610626
04-26-2021,34021,1147,31921,2100,3.37,93.83,1.0001469896519286
04-27-2021,34031,1147,31953,2078,3.37,93.89,1.0002939360982923
04-28-2021,34052,1147,31972,2080,3.37,93.89,1.000617084423026
04-29-2021,34062,1148,32023,2039,3.37,94.01,1.0002936685069894
04-30-2021,34078,1148,32051,2027,3.37,94.05,1.000469731665786
05-01-2021,34095,1148,32064,2031,3.37,94.04,1.0004988555666412
05-02-2021,34096,1148,32069,2027,3.37,94.06,1.0000293298137557
05-03-2021,34099,1148,32069,2030,3.37,94.05,1.0000879868606287
05-04-2021,34123,1149,32123,2000,3.37,94.14,1.0007038329569782
05-05-2021,34143,1151,32131,2012,3.37,94.11,1.0005861149371391
05-06-2021,34151,1152,32135,2016,3.37,94.1,1.00023430864306
05-07-2021,34158,1152,32145,2013,3.37,94.11,1.000204972035958
05-08-2021,34166,1153,32156,2010,3.37,94.12,1.000234205749751
05-09-2021,34171,1153,32159,2012,3.37,94.11,1.0001463443189136
05-10-2021,34180,1153,32164,2016,3.37,94.1,1.0002633812296977
05-11-2021,34183,1153,32170,2013,3.37,94.11,1.000087770626097
05-12-2021,34183,1153,32170,2013,3.37,94.11,1.0
05-13-2021,34200,1153,32176,2024,3.37,94.08,1.0004973232308458
05-14-2021,34200,1153,32176,2024,3.37,94.08,1.0
05-15-2021,34210,1153,32206,2004,3.37,94.14,1.0002923976608187
05-16-2021,34214,1153,32210,2004,3.37,94.14,1.0001169248757673
05-17-2021,34216,1153,32241,1975,3.37,94.23,1.0000584556029695
05-18-2021,34231,1153,32246,1985,3.37,94.2,1.0004383913958381
05-19-2021,34238,1153,32246,1992,3.37,94.18,1.000204493003418
05-20-2021,34251,1153,32260,1991,3.37,94.19,1.000379695075647
05-21-2021,34261,1153,32262,1999,3.37,94.17,1.0002919622784736
05-22-2021,34274,1153,32318,1956,3.36,94.29,1.0003794401797963
05-23-2021,34284,1153,32462,1822,3.36,94.69,1.000291766353504
05-24-2021,34293,1154,32517,1776,3.37,94.82,1.0002625131256562
05-25-2021,34295,1154,32543,1752,3.36,94.89,1.0000583209401335
05-26-2021,34304,1154,32575,1729,3.36,94.96,1.0002624289254993
05-27-2021,34304,1154,32575,1729,3.36,94.96,1.0
05-28-2021,34323,1154,32598,1725,3.36,94.97,1.0005538712686568
05-29-2021,34329,1154,32603,1726,3.36,94.97,1.00017480989424
05-30-2021,34335,1155,32609,1726,3.36,94.97,1.0001747793410818
05-31-2021,34338,1155,32616,1722,3.36,94.99,1.000087374399301
06-01-2021,34346,1156,32621,1725,3.37,94.98,1.0002329780418195
06-02-2021,34360,1156,32629,1731,3.36,94.96,1.0004076166074651
06-03-2021,34365,1156,32641,1724,3.36,94.98,1.0001455180442376
06-04-2021,34371,1156,32649,1722,3.36,94.99,1.0001745962461808
06-05-2021,34384,1156,32660,1724,3.36,94.99,1.0003782258299148
06-06-2021,34390,1157,32667,1723,3.36,94.99,1.0001744997673336
06-07-2021,34403,1157,32675,1728,3.36,94.98,1.0003780168653678
06-08-2021,34410,1158,32686,1724,3.37,94.99,1.0002034706275615
06-09-2021,34432,1158,32702,1730,3.36,94.98,1.0006393490264458
06-10-2021,34447,1158,32706,1741,3.36,94.95,1.0004356412639406
06-11-2021,34470,1158,32709,1761,3.36,94.89,1.0006676923970157
06-12-2021,34485,1159,32725,1760,3.36,94.9,1.0004351610095736
06-13-2021,34485,1159,32725,1760,3.36,94.9,1.0
06-14-2021,34564,1159,32753,1811,3.35,94.76,1.0022908510946789
06-15-2021,34588,1162,32773,1815,3.36,94.75,1.0006943640782318
06-16-2021,34650,1163,32793,1857,3.36,94.64,1.001792529200879
06-17-2021,34702,1164,32807,1895,3.35,94.54,1.0015007215007214
06-18-2021,34781,1166,32824,1957,3.35,94.37,1.0022765258486543
06-19-2021,34832,1168,32847,1985,3.35,94.3,1.001466317817199
06-20-2021,34868,1168,32871,1997,3.35,94.27,1.0010335323840147
06-21-2021,34914,1171,32891,2023,3.35,94.21,1.0013192612137203
06-22-2021,34996,1173,32909,2087,3.35,94.04,1.0023486280575127
06-23-2021,35115,1177,32948,2167,3.35,93.83,1.0034003886158418
06-24-2021,35219,1178,32974,2245,3.34,93.63,1.0029616972803646
06-25-2021,35388,1179,32996,2392,3.33,93.24,1.004798546239246
06-26-2021,35554,1181,33013,2541,3.32,92.85,1.0046908556572849
06-27-2021,35629,1182,33031,2598,3.32,92.71,1.002109467289194
06-28-2021,35709,1187,33075,2634,3.32,92.62,1.0022453619242753
06-29-2021,35897,1194,33132,2765,3.33,92.3,1.0052647791873197
06-30-2021,36126,1196,33169,2957,3.31,91.81,1.0063793631779814
07-01-2021,36359,1199,33228,3131,3.3,91.39,1.006449648452638
07-02-2021,36573,1202,33242,3331,3.29,90.89,1.0058857504331802
07-03-2021,36820,1205,33298,3522,3.27,90.43,1.0067536160555601
07-04-2021,36926,1208,33326,3600,3.27,90.25,1.0028788701792504
07-05-2021,37057,1215,33404,3653,3.28,90.14,1.0035476358121649
07-06-2021,37366,1218,33490,3876,3.26,89.63,1.008338505545511
07-07-2021,37556,1218,33596,3960,3.24,89.46,1.0050848364823637
07-08-2021,37983,1227,33681,4302,3.23,88.67,1.0113696879326872
07-09-2021,38434,1234,33772,4662,3.21,87.87,1.0118737329858094
07-10-2021,38946,1242,33838,5108,3.19,86.88,1.0133215382213665
07-11-2021,39186,1250,33854,5332,3.19,86.39,1.0061623786781697
07-12-2021,39418,1256,33921,5497,3.19,86.05,1.0059204818047263
07-13-2021,39932,1264,34000,5932,3.17,85.14,1.013039728043026
07-14-2021,40713,1276,34139,6574,3.13,83.85,1.0195582490233397
07-15-2021,41498,1301,34583,6915,3.14,83.34,1.0192813106378797
07-16-2021,42254,1313,34685,7569,3.11,82.09,1.0182177454335148
07-17-2021,43043,1325,34749,8294,3.08,80.73,1.018672788375065
07-18-2021,43470,1338,34922,8548,3.08,80.34,1.0099203122458937
07-19-2021,43817,1352,35087,8730,3.09,80.08,1.0079825166781688
07-20-2021,44684,1363,35203,9481,3.05,78.78,1.01978684072392
07-21-2021,45465,1389,35432,10033,3.06,77.93,1.0174782920060872
07-22-2021,46417,1410,35792,10625,3.04,77.11,1.020939183987683
07-23-2021,47265,1439,36019,11246,3.04,76.21,1.0182691686235645
07-24-2021,48066,1458,36161,11905,3.03,75.23,1.0169470009520787
07-25-2021,48637,1480,36419,12218,3.04,74.88,1.0118794990221778
07-26-2021,49009,1513,36672,12337,3.09,74.83,1.0076484980570348
07-27-2021,49752,1540,36878,12874,3.1,74.12,1.0151604807280294
07-28-2021,50381,1561,37196,13185,3.1,73.83,1.0126427078308409
07-29-2021,51141,1588,37491,13650,3.11,73.31,1.0150850519044878
07-30-2021,51809,1614,37693,14116,3.12,72.75,1.0130619268297452
07-31-2021,52347,1635,38005,14342,3.12,72.6,1.010384296164759
08-01-2021,52631,1661,38147,14484,3.16,72.48,1.0054253347851836
08-02-2021,52987,1685,38427,14560,3.18,72.52,1.0067640744048185
08-03-2021,53503,1700,39047,14456,3.18,72.98,1.0097382376809405
08-04-2021,54178,1729,39841,14337,3.19,73.54,1.0126161149842066
08-05-2021,54715,1748,0,54715,3.19,0,1.0099117723061022
08-06-2021,55218,1776,0,55218,3.22,0,1.0091930914740017
08-07-2021,55699,1805,0,55699,3.24,0,1.0087109275960737
08-08-2021,55920,1828,0,55920,3.27,0,1.0039677552559292
08-09-2021,56135,1850,0,56135,3.3,0,1.0038447782546496
08-10-2021,56574,1874,0,56574,3.31,0,1.0078204328850093
08-11-2021,56952,1895,0,56952,3.33,0,1.0066815144766148
08-12-2021,57273,1919,0,57273,3.35,0,1.0056363253265908
08-13-2021,57620,1941,0,57620,3.37,0,1.0060587013077715
08-14-2021,57896,1955,0,57896,3.38,0,1.004790003471017
08-15-2021,58083,1968,0,58083,3.39,0,1.0032299295288103
08-16-2021,58221,1983,0,58221,3.41,0,1.00237591033521
08-17-2021,58465,1998,0,58465,3.42,0,1.0041909276721457
08-18-2021,58861,2012,0,58861,3.42,0,1.0067732831608656
08-19-2021,59048,2028,0,59048,3.43,0,1.0031769762661185
08-20-2021,59249,2044,0,59249,3.45,0,1.0034040102967077
08-21-2021,59399,2059,0,59399,3.47,0,1.0025316882985367
08-22-2021,59471,2074,0,59471,3.49,0,1.0012121416185458
08-23-2021,59624,2082,0,59624,3.49,0,1.0025726824838996
08-24-2021,59787,2098,0,59787,3.51,0,1.0027337984704146
08-25-2021,59954,2111,0,59954,3.52,0,1.0027932493685918
08-26-2021,60090,2129,0,60090,3.54,0,1.0022684057777629
08-27-2021,60221,2148,0,60221,3.57,0,1.0021800632384756
08-28-2021,60313,2157,0,60313,3.58,0,1.0015277062818617
08-29-2021,60345,2161,0,60345,3.58,0,1.0005305655497156
08-30-2021,60386,2168,0,60386,3.59,0,1.0006794266302097
08-31-2021,60494,2177,0,60494,3.6,0,1.0017884940217932
09-01-2021,60583,2185,0,60583,3.61,0,1.0014712202863094
09-02-2021,60663,2195,0,60663,3.62,0,1.0013205024511826
09-03-2021,60728,2203,0,60728,3.63,0,1.0010714933320146
09-04-2021,60803,2206,0,60803,3.63,0,1.001235015149519
09-05-2021,60821,2210,0,60821,3.63,0,1.0002960380244397
09-06-2021,60852,2217,0,60852,3.64,0,1.0005096923759886
09-07-2021,60898,2225,0,60898,3.65,0,1.0007559324262145
09-08-2021,60965,2229,0,60965,3.66,0,1.0011002003349865
09-09-2021,60995,2229,0,60995,3.65,0,1.0004920856228985
09-10-2021,61052,2232,0,61052,3.66,0,1.0009345028281007
09-11-2021,61098,2236,0,61098,3.66,0,1.0007534560702351
09-12-2021,61113,2238,0,61113,3.66,0,1.0002455072179122
09-13-2021,61137,2242,0,61137,3.67,0,1.0003927151342595
09-14-2021,61171,2244,0,61171,3.67,0,1.000556128040303
09-15-2021,61207,2246,0,61207,3.67,0,1.000588514165209
09-16-2021,61250,2251,0,61250,3.68,0,1.0007025340238862
09-17-2021,61287,2252,0,61287,3.67,0,1.0006040816326531
09-18-2021,61337,2256,0,61337,3.68,0,1.0008158337004585
09-19-2021,61363,2261,0,61363,3.68,0,1.0004238877023657
09-20-2021,61382,2264,0,61382,3.69,0,1.000309632840637
09-21-2021,61416,2267,0,61416,3.69,0,1.000553908311883
09-22-2021,61433,2268,0,61433,3.69,0,1.0002768008336589
09-23-2021,61453,2269,0,61453,3.69,0,1.0003255579248937
09-24-2021,61475,2272,0,61475,3.7,0,1.0003579971685679
09-25-2021,61497,2275,0,61497,3.7,0,1.0003578690524604
09-26-2021,61509,2276,0,61509,3.7,0,1.0001951314698279
09-27-2021,61517,2278,0,61517,3.7,0,1.0001300622673104
09-28-2021,61528,2279,0,61528,3.7,0,1.0001788123608109
09-29-2021,61552,2281,0,61552,3.71,0,1.0003900663112728
09-30-2021,61580,2282,0,61580,3.71,0,1.000454899922017
10-01-2021,61597,2282,0,61597,3.7,0,1.0002760636570316
10-02-2021,61609,2283,0,61609,3.71,0,1.0001948146825332
10-03-2021,61612,2284,0,61612,3.71,0,1.0000486941842912
10-04-2021,61619,2284,0,61619,3.71,0,1.0001136142309939
10-05-2021,61629,2286,0,61629,3.71,0,1.0001622876060956
10-06-2021,61639,2287,0,61639,3.71,0,1.000162261273102
10-07-2021,61648,2287,0,61648,3.71,0,1.0001460114537875
10-08-2021,61663,2287,0,61663,3.71,0,1.0002433168959253
10-09-2021,61672,2288,0,61672,3.71,0,1.000145954624329
10-10-2021,61676,2290,0,61676,3.71,0,1.0000648592554158
10-11-2021,61679,2290,0,61679,3.71,0,1.0000486412867242
10-12-2021,61694,2292,0,61694,3.72,0,1.0002431946043224
10-13-2021,61699,2292,0,61699,3.71,0,1.0000810451583622
10-14-2021,61702,2292,0,61702,3.71,0,1.0000486231543462
10-15-2021,61709,2292,0,61709,3.71,0,1.0001134485105831
10-16-2021,61712,2292,0,61712,3.71,0,1.0000486152749193
10-17-2021,61716,2292,0,61716,3.71,0,1.0000648172154525
10-18-2021,61726,2294,0,61726,3.72,0,1.0001620325361333
10-19-2021,61732,2295,0,61732,3.72,0,1.0000972037715063
10-20-2021,61738,2296,0,61738,3.72,0,1.0000971943238515
10-21-2021,61745,2296,0,61745,3.72,0,1.000113382357705
10-22-2021,61747,2296,0,61747,3.72,0,1.000032391286744
10-23-2021,61757,2296,0,61757,3.72,0,1.000161951187912
10-24-2021,61757,2296,0,61757,3.72,0,1.0
10-25-2021,61765,2296,0,61765,3.72,0,1.0001295399711774
10-26-2021,61766,2296,0,61766,3.72,0,1.0000161903990934
10-27-2021,61774,2297,0,61774,3.72,0,1.0001295210957484
10-28-2021,61782,2298,0,61782,3.72,0,1.0001295043222067
10-29-2021,61789,2299,0,61789,3.72,0,1.0001133016088828
10-30-2021,61794,2300,0,61794,3.72,0,1.0000809205522019
10-31-2021,61796,2301,0,61796,3.72,0,1.0000323656018384
11-01-2021,61800,2302,0,61800,3.72,0,1.0000647291086802
11-02-2021,61802,2302,0,61802,3.72,0,1.0000323624595469
11-03-2021,61803,2302,0,61803,3.72,0,1.000016180706126
11-04-2021,61803,2302,0,61803,3.72,0,1.0
11-05-2021,61803,2302,0,61803,3.72,0,1.0
11-06-2021,61815,2302,0,61815,3.72,0,1.00019416533178
11-07-2021,61815,2302,0,61815,3.72,0,1.0
11-08-2021,61818,2302,0,61818,3.72,0,1.0000485319097308
11-09-2021,61821,2302,0,61821,3.72,0,1.0000485295544987
11-10-2021,61832,2302,0,61832,3.72,0,1.0001779330648162
11-11-2021,61834,2302,0,61834,3.72,0,1.0000323457109588
11-12-2021,61841,2302,0,61841,3.72,0,1.0001132063266165
11-13-2021,61843,2302,0,61843,3.72,0,1.0000323410035414
11-14-2021,61843,2302,0,61843,3.72,0,1.0
11-15-2021,61845,2302,0,61845,3.72,0,1.0000323399576347
11-16-2021,61846,2302,0,61846,3.72,0,1.0000161694558978
11-17-2021,61854,2302,0,61854,3.72,0,1.000129353555606
11-18-2021,61858,2303,0,61858,3.72,0,1.000064668412714
11-19-2021,61861,2303,0,61861,3.72,0,1.0000484981732354
11-20-2021,61863,2304,0,61863,3.72,0,1.0000323305475178
11-21-2021,61863,2304,0,61863,3.72,0,1.0
11-22-2021,61865,2304,0,61865,3.72,0,1.0000323295022873
11-23-2021,61865,2304,0,61865,3.72,0,1.0
11-24-2021,61867,2304,0,61867,3.72,0,1.0000323284571244
11-25-2021,61872,2304,0,61872,3.72,0,1.0000808185300725
11-26-2021,61886,2304,0,61886,3.72,0,1.0002262735971037
11-27-2021,61889,2304,0,61889,3.72,0,1.0000484762304884
11-28-2021,61897,2305,0,61897,3.72,0,1.000129263681753
11-29-2021,61901,2305,0,61901,3.72,0,1.0000646234874064
11-30-2021,61916,2306,0,61916,3.72,0,1.0002423224180546
12-01-2021,61926,2306,0,61926,3.72,0,1.0001615091414173
12-02-2021,61936,2307,0,61936,3.72,0,1.000161483060427
12-03-2021,61949,2307,0,61949,3.72,0,1.000209894084216
12-04-2021,61966,2307,0,61966,3.72,0,1.0002744192803759
12-05-2021,61981,2307,0,61981,3.72,0,1.0002420682309654
12-06-2021,61997,2307,0,61997,3.72,0,1.0002581436246591
12-07-2021,62015,2307,0,62015,3.72,0,1.0002903366291918
12-08-2021,62053,2307,0,62053,3.72,0,1.0006127549786341
12-09-2021,62088,2307,0,62088,3.72,0,1.0005640339709603
12-10-2021,62147,2307,0,62147,3.71,0,1.000950264141219
12-11-2021,62230,2307,0,62230,3.71,0,1.0013355431476982
12-12-2021,62265,2308,0,62265,3.71,0,1.000562429696288
12-13-2021,62380,2308,0,62380,3.7,0,1.0018469445113627
12-14-2021,62615,2310,0,62615,3.69,0,1.003767233087528
12-15-2021,62933,2310,0,62933,3.67,0,1.0050786552742954
12-16-2021,63408,2311,0,63408,3.64,0,1.0075477094688001
12-17-2021,63944,2311,0,63944,3.61,0,1.0084531920262427
12-18-2021,64412,2311,0,64412,3.59,0,1.007318904041036
12-19-2021,64741,2311,0,64741,3.57,0,1.0051077438986524
12-20-2021,65223,2313,0,65223,3.55,0,1.0074450502772587
12-21-2021,66166,2313,0,66166,3.5,0,1.0144580899375988
12-22-2021,67278,2317,0,67278,3.44,0,1.0168062146721881
12-23-2021,68470,2319,0,68470,3.39,0,1.0177175302476293
12-24-2021,69735,2322,0,69735,3.33,0,1.018475244632686
12-25-2021,70682,2328,0,70682,3.29,0,1.0135799813579982
12-26-2021,71007,2332,0,71007,3.28,0,1.0045980589117456
12-27-2021,71551,2337,0,71551,3.27,0,1.0076612164997818
12-28-2021,72135,2343,0,72135,3.25,0,1.0081620103143212
12-29-2021,73238,2350,0,73238,3.21,0,1.0152907742427393
12-30-2021,74201,2355,0,74201,3.17,0,1.0131489117671155
12-31-2021,75075,2364,0,75075,3.15,0,1.0117788169970756
01-01-2022,75828,2368,0,75828,3.12,0,1.01002997002997
01-02-2022,76066,2371,0,76066,3.12,0,1.0031386822809516
01-03-2022,76295,2378,0,76295,3.12,0,1.0030105434754029
01-04-2022,76801,2386,0,76801,3.11,0,1.0066321515171375
01-05-2022,77629,2395,0,77629,3.09,0,1.0107811096209685
01-06-2022,78405,2400,0,78405,3.06,0,1.0099962642826779
01-07-2022,79082,2407,0,79082,3.04,0,1.0086346534022066
01-08-2022,79713,2411,0,79713,3.02,0,1.0079790597101743
01-09-2022,79987,2413,0,79987,3.02,0,1.0034373314264926
01-10-2022,80269,2420,0,80269,3.01,0,1.0035255729055972
01-11-2022,80867,2427,0,80867,3.0,0,1.007449949544656
01-12-2022,81414,2437,0,81414,2.99,0,1.0067641930577367
01-13-2022,81890,2445,0,81890,2.99,0,1.0058466602795588
01-14-2022,82262,2453,0,82262,2.98,0,1.00454267920381
01-15-2022,82506,2459,0,82506,2.98,0,1.0029661326007149
01-16-2022,82719,2466,0,82719,2.98,0,1.002581630426878
01-17-2022,82792,2474,0,82792,2.99,0,1.0008825058330009
01-18-2022,82975,2480,0,82975,2.99,0,1.002210358488743
01-19-2022,83219,2491,0,83219,2.99,0,1.0029406447725218
01-20-2022,83403,2502,0,83403,3.0,0,1.002211033538014
01-21-2022,83565,2507,0,83565,3.0,0,1.001942376173519
01-22-2022,83765,2519,0,83765,3.01,0,1.0023933464967392
01-23-2022,83823,2523,0,83823,3.01,0,1.0006924132991106
01-24-2022,83927,2528,0,83927,3.01,0,1.0012407095904465
01-25-2022,84013,2534,0,84013,3.02,0,1.0010247000369368
01-26-2022,84105,2537,0,84105,3.02,0,1.0010950686203326
01-27-2022,84224,2544,0,84224,3.02,0,1.0014148980441115
01-28-2022,84309,2553,0,84309,3.03,0,1.001009213525836
01-29-2022,84389,2557,0,84389,3.03,0,1.0009488903912986
01-30-2022,84420,2558,0,84420,3.03,0,1.0003673464551066
01-31-2022,84475,2561,0,84475,3.03,0,1.0006515043828477
02-01-2022,84572,2563,0,84572,3.03,0,1.0011482687185558
02-02-2022,84632,2564,0,84632,3.03,0,1.0007094546658468
02-03-2022,84693,2565,0,84693,3.03,0,1.0007207675583702
02-04-2022,84738,2567,0,84738,3.03,0,1.0005313308065602
02-05-2022,84795,2570,0,84795,3.03,0,1.000672661615804
02-06-2022,84813,2571,0,84813,3.03,0,1.0002122766672563
02-07-2022,84844,2573,0,84844,3.03,0,1.0003655100043625
02-08-2022,84876,2575,0,84876,3.03,0,1.0003771627928906
02-09-2022,84915,2580,0,84915,3.04,0,1.0004594938498514
02-10-2022,84936,2586,0,84936,3.04,0,1.000247306129659
02-11-2022,84974,2591,0,84974,3.05,0,1.0004473956861637
02-12-2022,85009,2594,0,85009,3.05,0,1.0004118906959776
02-13-2022,85025,2596,0,85025,3.05,0,1.0001882153654318
02-14-2022,85033,2598,0,85033,3.06,0,1.000094089973537
02-15-2022,85065,2599,0,85065,3.06,0,1.000376324485788
02-16-2022,85106,2599,0,85106,3.05,0,1.0004819843648973
02-17-2022,85134,2600,0,85134,3.05,0,1.0003290014805066
02-18-2022,85179,2602,0,85179,3.05,0,1.0005285784762845
02-19-2022,85205,2605,0,85205,3.06,0,1.0003052395543504
02-20-2022,85219,2606,0,85219,3.06,0,1.0001643096062438
02-21-2022,85228,2606,0,85228,3.06,0,1.0001056102512351
02-22-2022,85238,2609,0,85238,3.06,0,1.0001173323320975
02-23-2022,85257,2610,0,85257,3.06,0,1.000222905276989
02-24-2022,85276,2612,0,85276,3.06,0,1.0002228556012995
02-25-2022,85295,2612,0,85295,3.06,0,1.000222805947746
02-26-2022,85314,2613,0,85314,3.06,0,1.000222756316314
02-27-2022,85328,2615,0,85328,3.06,0,1.0001640996788335
02-28-2022,85339,2615,0,85339,3.06,0,1.0001289143071441
03-01-2022,85347,2615,0,85347,3.06,0,1.0000937437748274
03-02-2022,85362,2617,0,85362,3.07,0,1.0001757531020423
03-03-2022,85383,2617,0,85383,3.07,0,1.0002460111056442
03-04-2022,85396,2617,0,85396,3.06,0,1.0001522551327549
03-05-2022,85411,2618,0,85411,3.07,0,1.0001756522553749
03-06-2022,85429,2619,0,85429,3.07,0,1.0002107456884946
03-07-2022,85440,2619,0,85440,3.07,0,1.0001287618958434
03-08-2022,85452,2619,0,85452,3.06,0,1.0001404494382022
03-09-2022,85461,2620,0,85461,3.07,0,1.0001053222861958
03-10-2022,85476,2620,0,85476,3.07,0,1.0001755186576333
03-11-2022,85486,2620,0,85486,3.06,0,1.0001169919041601
03-12-2022,85495,2620,0,85495,3.06,0,1.00010528039679
03-13-2022,85499,2623,0,85499,3.07,0,1.0000467863617755
03-14-2022,85499,2623,0,85499,3.07,0,1.0
03-15-2022,85515,2624,0,85515,3.07,0,1.0001871366916573
03-16-2022,85526,2624,0,85526,3.07,0,1.0001286324036718
03-17-2022,85539,2624,0,85539,3.07,0,1.0001520005612328
03-18-2022,85544,2624,0,85544,3.07,0,1.0000584528694514
03-19-2022,85556,2626,0,85556,3.07,0,1.0001402786869915
03-20-2022,85561,2626,0,85561,3.07,0,1.0000584412548505
03-21-2022,85563,2626,0,85563,3.07,0,1.000023375135868
03-22-2022,85566,2626,0,85566,3.07,0,1.0000350618842258
03-23-2022,85574,2626,0,85574,3.07,0,1.0000934950798215
03-24-2022,85586,2626,0,85586,3.07,0,1.000140229508963
03-25-2022,85596,2626,0,85596,3.07,0,1.000116841539504
03-26-2022,85608,2626,0,85608,3.07,0,1.0001401934669845
03-27-2022,85610,2626,0,85610,3.07,0,1.0000233623025885
03-28-2022,85620,2626,0,85620,3.07,0,1.0001168087840206
03-29-2022,85625,2626,0,85625,3.07,0,1.000058397570661
03-30-2022,85631,2626,0,85631,3.07,0,1.0000700729927008
03-31-2022,85640,2626,0,85640,3.07,0,1.0001051021242306
04-01-2022,85650,2626,0,85650,3.07,0,1.0001167678654834
04-02-2022,85657,2626,0,85657,3.07,0,1.0000817279626386
04-03-2022,85664,2626,0,85664,3.07,0,1.0000817212837245
04-04-2022,85664,2626,0,85664,3.07,0,1.0
04-05-2022,85667,2626,0,85667,3.07,0,1.0000350205453867
04-06-2022,85676,2627,0,85676,3.07,0,1.000105057956973
04-07-2022,85683,2628,0,85683,3.07,0,1.0000817031607452
04-08-2022,85694,2628,0,85694,3.07,0,1.0001283801921035
04-09-2022,85702,2628,0,85702,3.07,0,1.0000933554274511
04-10-2022,85703,2628,0,85703,3.07,0,1.0000116683391287
04-11-2022,85705,2628,0,85705,3.07,0,1.00002333640596
04-12-2022,85707,2628,0,85707,3.07,0,1.000023335861385
04-13-2022,85713,2628,0,85713,3.07,0,1.0000700059505059
04-14-2022,85717,2628,0,85717,3.07,0,1.0000466673666772
04-15-2022,85723,2630,0,85723,3.07,0,1.0000699977834036
04-16-2022,85727,2631,0,85727,3.07,0,1.0000466619227044
04-17-2022,85728,2631,0,85728,3.07,0,1.0000116649363677
04-18-2022,85728,2632,0,85728,3.07,0,1.0
04-19-2022,85728,2632,0,85728,3.07,0,1.0
04-20-2022,85735,2632,0,85735,3.07,0,1.0000816536020902
04-21-2022,85741,2633,0,85741,3.07,0,1.0000699830874205
04-22-2022,85743,2633,0,85743,3.07,0,1.0000233260633768
04-23-2022,85747,2633,0,85747,3.07,0,1.0000466510385688
04-24-2022,85747,2633,0,85747,3.07,0,1.0
04-25-2022,85747,2633,0,85747,3.07,0,1.0
04-26-2022,85752,2633,0,85752,3.07,0,1.0000583110779386
04-27-2022,85761,2633,0,85761,3.07,0,1.000104953820319
04-28-2022,85767,2634,0,85767,3.07,0,1.0000699618707805
04-29-2022,85781,2634,0,85781,3.07,0,1.000163232945072
04-30-2022,85781,2634,0,85781,3.07,0,1.0
05-01-2022,85781,2634,0,85781,3.07,0,1.0
05-02-2022,85790,2634,0,85790,3.07,0,1.0001049183385597
05-03-2022,85790,2634,0,85790,3.07,0,1.0
05-04-2022,85795,2634,0,85795,3.07,0,1.0000582818510315
05-05-2022,85797,2634,0,85797,3.07,0,1.0000233113817822
05-06-2022,85800,2634,0,85800,3.07,0,1.0000349662575614
05-07-2022,85811,2634,0,85811,3.07,0,1.0001282051282052
05-08-2022,85811,2634,0,85811,3.07,0,1.0
05-09-2022,85811,2634,0,85811,3.07,0,1.0
05-10-2022,85825,2635,0,85825,3.07,0,1.0001631492466
05-11-2022,85842,2635,0,85842,3.07,0,1.0001980774832508
05-12-2022,85855,2635,0,85855,3.07,0,1.0001514410195476
05-13-2022,85866,2636,0,85866,3.07,0,1.000128122998078
05-14-2022,85887,2636,0,85887,3.07,0,1.0002445671162044
05-15-2022,85888,2636,0,85888,3.07,0,1.0000116432056074
05-16-2022,85889,2637,0,85889,3.07,0,1.0000116430700448
05-17-2022,85895,2637,0,85895,3.07,0,1.0000698576069111
05-18-2022,85898,2637,0,85898,3.07,0,1.0000349263635835
05-19-2022,85909,2637,0,85909,3.07,0,1.000128058860509
05-20-2022,85918,2637,0,85918,3.07,0,1.0001047620156212
05-21-2022,85929,2638,0,85929,3.07,0,1.0001280290509555
05-22-2022,85943,2639,0,85943,3.07,0,1.0001629252056932
05-23-2022,85935,2638,0,85935,3.07,0,1.000093084951654
05-24-2022,85943,2639,0,85943,3.07,0,1.000093093617269
05-25-2022,85943,2639,0,85943,3.07,0,1.0
05-26-2022,85943,2639,0,85943,3.07,0,1.0
05-27-2022,85964,2639,0,85964,3.07,0,1.0002443479980918
05-28-2022,85964,2639,0,85964,3.07,0,1.0
05-29-2022,85973,2640,0,85973,3.07,0,1.0001046949885999
05-30-2022,85978,2640,0,85978,3.07,0,1.000058157793726
05-31-2022,85985,2640,0,85985,3.07,0,1.000081416176231
06-01-2022,85991,2641,0,85991,3.07,0,1.0000697796127231
06-02-2022,85995,2641,0,85995,3.07,0,1.0000465164959123
06-03-2022,86001,2642,0,86001,3.07,0,1.0000697714983429
06-04-2022,86011,2642,0,86011,3.07,0,1.000116277717701
06-05-2022,86011,2642,0,86011,3.07,0,1.0
06-06-2022,86022,2642,0,86022,3.07,0,1.0001278906186417
06-07-2022,86036,2642,0,86036,3.07,0,1.000162749064193
06-08-2022,86043,2642,0,86043,3.07,0,1.0000813612906225
06-09-2022,86058,2642,0,86058,3.07,0,1.0001743314389318
06-10-2022,86075,2642,0,86075,3.07,0,1.0001975411931487
06-11-2022,86090,2642,0,86090,3.07,0,1.0001742666279407
06-12-2022,86107,2642,0,86107,3.07,0,1.000197467766291
06-13-2022,86107,2642,0,86107,3.07,0,1.0
06-14-2022,86134,2642,0,86134,3.07,0,1.0003135633572184
06-15-2022,86146,2642,0,86146,3.07,0,1.0001393178071376
06-16-2022,86162,2643,0,86162,3.07,0,1.00018573120052
06-17-2022,86189,2643,0,86189,3.07,0,1.0003133631995542
06-18-2022,86202,2643,0,86202,3.07,0,1.0001508313125804
06-19-2022,86204,2644,0,86204,3.07,0,1.000023201317835
06-20-2022,86225,2644,0,86225,3.07,0,1.000243608185235
06-21-2022,86249,2644,0,86249,3.07,0,1.0002783415482748
06-22-2022,86287,2645,0,86287,3.07,0,1.0004405848183746
06-23-2022,86320,2645,0,86320,3.06,0,1.0003824446324476
06-24-2022,86348,2645,0,86348,3.06,0,1.00032437442076
06-25-2022,86348,2645,0,86348,3.06,0,1.0
06-26-2022,86348,2645,0,86348,3.06,0,1.0
06-27-2022,86410,2645,0,86410,3.06,0,1.0007180247371104
06-28-2022,86448,2645,0,86448,3.06,0,1.0004397639162135
06-29-2022,86478,2645,0,86478,3.06,0,1.0003470294280956
06-30-2022,86506,2645,0,86506,3.06,0,1.0003237817710864
07-01-2022,86534,2645,0,86534,3.06,0,1.0003236769703836
07-02-2022,86565,2646,0,86565,3.06,0,1.0003582406915201
07-03-2022,86576,2646,0,86576,3.06,0,1.0001270721423208
07-04-2022,86600,2646,0,86600,3.06,0,1.0002772130844575
07-05-2022,86626,2646,0,86626,3.05,0,1.0003002309468823
07-06-2022,86645,2646,0,86645,3.05,0,1.0002193336873455
07-07-2022,86658,2646,0,86658,3.05,0,1.0001500375093773
07-08-2022,86706,2647,0,86706,3.05,0,1.0005539015440006
07-09-2022,86706,2647,0,86706,3.05,0,1.0
07-10-2022,86741,2648,0,86741,3.05,0,1.0004036629529676
07-11-2022,86750,2649,0,86750,3.05,0,1.0001037571621263
07-12-2022,86799,2651,0,86799,3.05,0,1.000564841498559
07-13-2022,86823,2651,0,86823,3.05,0,1.0002765008813466
07-14-2022,86823,2651,0,86823,3.05,0,1.0
07-15-2022,86900,2652,0,86900,3.05,0,1.0008868617762574
07-16-2022,86900,2652,0,86900,3.05,0,1.0
07-17-2022,86931,2653,0,86931,3.05,0,1.0003567318757192
07-18-2022,86968,2655,0,86968,3.05,0,1.0004256249209142
07-19-2022,86968,2655,0,86968,3.05,0,1.0
07-20-2022,87105,2655,0,87105,3.05,0,1.0015752920614478
07-21-2022,87156,2656,0,87156,3.05,0,1.0005855002583088
07-22-2022,87156,2656,0,87156,3.05,0,1.0
07-23-2022,87156,2656,0,87156,3.05,0,1.0
07-24-2022,87238,2658,0,87238,3.05,0,1.0009408417091192
07-25-2022,87250,2660,0,87250,3.05,0,1.0001375547353217
07-26-2022,87286,2661,0,87286,3.05,0,1.0004126074498567
07-27-2022,87323,2663,0,87323,3.05,0,1.0004238938661412
07-28-2022,87365,2664,0,87365,3.05,0,1.0004809729395463
07-29-2022,87395,2665,0,87395,3.05,0,1.0003433869398501
07-30-2022,87410,2665,0,87410,3.05,0,1.000171634532868
07-31-2022,87410,2665,0,87410,3.05,0,1.0
08-01-2022,87425,2667,0,87425,3.05,0,1.0001716050795104
08-02-2022,87476,2667,0,87476,3.05,0,1.0005833571632827
08-03-2022,87514,2669,0,87514,3.05,0,1.0004344048653344
08-04-2022,87547,2670,0,87547,3.05,0,1.000377082523939
08-05-2022,87570,2670,0,87570,3.05,0,1.0002627160268198
08-06-2022,87617,2670,0,87617,3.05,0,1.0005367134863539
08-07-2022,87627,2670,0,87627,3.05,0,1.0001141331020236
08-08-2022,87630,2670,0,87630,3.05,0,1.0000342360231436
08-09-2022,87637,2671,0,87637,3.05,0,1.000079881319183
08-10-2022,87670,2672,0,87670,3.05,0,1.0003765532822895
08-11-2022,87691,2672,0,87691,3.05,0,1.0002395346184556
08-12-2022,87705,2672,0,87705,3.05,0,1.000159651503575
08-13-2022,87710,2673,0,87710,3.05,0,1.0000570092925147
08-14-2022,87711,2673,0,87711,3.05,0,1.0000114012085282
08-15-2022,87718,2673,0,87718,3.05,0,1.0000798075497943
08-16-2022,87732,2673,0,87732,3.05,0,1.0001596023621149
08-17-2022,87732,2673,0,87732,3.05,0,1.0
08-18-2022,87763,2675,0,87763,3.05,0,1.0003533488350886
08-19-2022,87771,2675,0,87771,3.05,0,1.0000911545867848
08-20-2022,87779,2676,0,87779,3.05,0,1.0000911462783835
08-21-2022,87783,2676,0,87783,3.05,0,1.0000455689857484
08-22-2022,87786,2676,0,87786,3.05,0,1.0000341751819828
08-23-2022,87793,2676,0,87793,3.05,0,1.000079739366186
08-24-2022,87793,2676,0,87793,3.05,0,1.0
08-25-2022,87814,2676,0,87814,3.05,0,1.0002391990249793
08-26-2022,87828,2676,0,87828,3.05,0,1.000159427881659
08-27-2022,87834,2676,0,87834,3.05,0,1.0000683153436263
08-28-2022,87839,2676,0,87839,3.05,0,1.0000569255641323
08-29-2022,87842,2676,0,87842,3.05,0,1.0000341533942783
08-30-2022,87856,2676,0,87856,3.05,0,1.0001593770633637
08-31-2022,87860,2676,0,87860,3.05,0,1.0000455290475323
09-01-2022,87877,2676,0,87877,3.05,0,1.0001934896426132
09-02-2022,87877,2676,0,87877,3.05,0,1.0
09-03-2022,87894,2677,0,87894,3.05,0,1.000193452211614
09-04-2022,87901,2678,0,87901,3.05,0,1.0000796413862152
09-05-2022,87908,2678,0,87908,3.05,0,1.00007963504397
09-06-2022,87912,2678,0,87912,3.05,0,1.0000455021158483
09-07-2022,87912,2678,0,87912,3.05,0,1.0
09-08-2022,87927,2679,0,87927,3.05,0,1.0001706251706253
09-09-2022,87933,2679,0,87933,3.05,0,1.0000682384250572
09-10-2022,87933,2679,0,87933,3.05,0,1.0
09-11-2022,87933,2679,0,87933,3.05,0,1.0
09-12-2022,87943,2680,0,87943,3.05,0,1.0001137229481538
09-13-2022,87943,2680,0,87943,3.05,0,1.0
09-14-2022,87946,2680,0,87946,3.05,0,1.0000341130050145
09-15-2022,87946,2680,0,87946,3.05,0,1.0
09-16-2022,87946,2680,0,87946,3.05,0,1.0
09-17-2022,87972,2680,0,87972,3.05,0,1.000295635958429
09-18-2022,87980,2680,0,87980,3.05,0,1.0000909380257355
09-19-2022,87981,2680,0,87981,3.05,0,1.0000113662195953
09-20-2022,87981,2680,0,87981,3.05,0,1.0
09-21-2022,87991,2680,0,87991,3.05,0,1.0001136609040588
09-22-2022,87997,2680,0,87997,3.05,0,1.0000681887920355
09-23-2022,88005,2680,0,88005,3.05,0,1.0000909121901882
09-24-2022,88005,2680,0,88005,3.05,0,1.0
09-25-2022,88005,2680,0,88005,3.05,0,1.0
09-26-2022,88005,2680,0,88005,3.05,0,1.0
09-27-2022,88005,2680,0,88005,3.05,0,1.0
09-28-2022,88005,2680,0,88005,3.05,0,1.0
09-29-2022,88024,2682,0,88024,3.05,0,1.000215896824044
09-30-2022,88028,2682,0,88028,3.05,0,1.0000454421521403
10-01-2022,88028,2682,0,88028,3.05,0,1.0
10-02-2022,88029,2682,0,88029,3.05,0,1.0000113600218112
10-03-2022,88030,2682,0,88030,3.05,0,1.0000113598927627
10-04-2022,88034,2682,0,88034,3.05,0,1.0000454390548676
10-05-2022,88035,2682,0,88035,3.05,0,1.0000113592475635
10-06-2022,88039,2682,0,88039,3.05,0,1.0000454364741296
10-07-2022,88041,2682,0,88041,3.05,0,1.000022717204875
10-08-2022,88045,2682,0,88045,3.05,0,1.000045433377631
10-09-2022,88046,2682,0,88046,3.05,0,1.0000113578283831
10-10-2022,88047,2682,0,88047,3.05,0,1.0000113576993843
10-11-2022,88050,2682,0,88050,3.05,0,1.0000340727111656
10-12-2022,88055,2682,0,88055,3.05,0,1.0000567859170926
10-13-2022,88055,2682,0,88055,3.05,0,1.0
10-14-2022,88057,2682,0,88057,3.05,0,1.000022713077054
10-15-2022,88057,2682,0,88057,3.05,0,1.0
10-16-2022,88057,2682,0,88057,3.05,0,1.0
10-17-2022,88057,2682,0,88057,3.05,0,1.0
10-18-2022,88061,2683,0,88061,3.05,0,1.0000454251223638
10-19-2022,88064,2683,0,88064,3.05,0,1.000034067294262
10-20-2022,88065,2683,0,88065,3.05,0,1.000011355377907
10-21-2022,88065,2683,0,88065,3.05,0,1.0
10-22-2022,88073,2683,0,88073,3.05,0,1.0000908419917107
10-23-2022,88073,2683,0,88073,3.05,0,1.0
10-24-2022,88073,2683,0,88073,3.05,0,1.0
10-25-2022,88073,2683,0,88073,3.05,0,1.0
10-26-2022,88073,2683,0,88073,3.05,0,1.0
10-27-2022,88073,2683,0,88073,3.05,0,1.0
10-28-2022,88073,2683,0,88073,3.05,0,1.0
10-29-2022,88073,2683,0,88073,3.05,0,1.0
10-30-2022,88073,2683,0,88073,3.05,0,1.0
10-31-2022,88073,2683,0,88073,3.05,0,1.0
11-01-2022,88073,2683,0,88073,3.05,0,1.0
11-02-2022,88073,2683,0,88073,3.05,0,1.0
11-03-2022,88073,2683,0,88073,3.05,0,1.0
11-04-2022,88099,2683,0,88099,3.05,0,1.0002952096556266
11-05-2022,88099,2683,0,88099,3.05,0,1.0
11-06-2022,88099,2683,0,88099,3.05,0,1.0
11-07-2022,88073,2683,0,88073,3.05,0,1.0002951225326053
11-08-2022,88099,2683,0,88099,3.05,0,1.0002952096556266
11-09-2022,88099,2683,0,88099,3.05,0,1.0
11-10-2022,88073,2685,0,88073,3.05,0,1.0002951225326053
11-11-2022,88073,2685,0,88073,3.05,0,1.0
11-12-2022,88073,2685,0,88073,3.05,0,1.0
11-13-2022,88073,2685,0,88073,3.05,0,1.0
11-14-2022,88073,2685,0,88073,3.05,0,1.0
11-15-2022,88073,2685,0,88073,3.05,0,1.0
11-16-2022,88073,2896,0,88073,3.29,0,1.0
11-17-2022,88073,2896,0,88073,3.29,0,1.0
11-18-2022,88073,2896,0,88073,3.29,0,1.0
11-19-2022,88073,2896,0,88073,3.29,0,1.0
11-20-2022,88073,2896,0,88073,3.29,0,1.0
11-21-2022,88073,2896,0,88073,3.29,0,1.0
11-22-2022,88073,2685,0,88073,3.05,0,1.0
11-23-2022,88073,2685,0,88073,3.05,0,1.0
11-24-2022,88073,2685,0,88073,3.05,0,1.0
11-25-2022,88073,2685,0,88073,3.05,0,1.0
11-26-2022,88073,2685,0,88073,3.05,0,1.0
11-27-2022,88073,2685,0,88073,3.05,0,1.0
11-28-2022,88083,2685,0,88083,3.05,0,1.000113542175241
11-29-2022,88086,2685,0,88086,3.05,0,1.0000340587854637
11-30-2022,88086,2685,0,88086,3.05,0,1.0
12-01-2022,88086,2685,0,88086,3.05,0,1.0
12-02-2022,88086,2685,0,88086,3.05,0,1.0
12-03-2022,88086,2685,0,88086,3.05,0,1.0
12-04-2022,88086,2685,0,88086,3.05,0,1.0
12-05-2022,88086,2685,0,88086,3.05,0,1.0
12-06-2022,88086,2685,0,88086,3.05,0,1.0
12-07-2022,88220,2685,0,88220,3.04,0,1.0015212406057716
12-08-2022,88220,2685,0,88220,3.04,0,1.0
12-09-2022,88220,2685,0,88220,3.04,0,1.0
12-10-2022,88220,2685,0,88220,3.04,0,1.0
12-11-2022,88220,2685,0,88220,3.04,0,1.0
12-12-2022,88220,2685,0,88220,3.04,0,1.0
12-13-2022,88220,2685,0,88220,3.04,0,1.0
12-14-2022,88220,2685,0,88220,3.04,0,1.0
12-15-2022,88220,2685,0,88220,3.04,0,1.0
12-16-2022,88220,2685,0,88220,3.04,0,1.0
12-17-2022,88220,2685,0,88220,3.04,0,1.0
12-18-2022,88220,2685,0,88220,3.04,0,1.0
12-19-2022,88220,2685,0,88220,3.04,0,1.0
12-20-2022,88220,2685,0,88220,3.04,0,1.0
12-21-2022,88220,2685,0,88220,3.04,0,1.0
12-22-2022,88220,2685,0,88220,3.04,0,1.0
12-23-2022,88220,2685,0,88220,3.04,0,1.0
12-24-2022,88220,2685,0,88220,3.04,0,1.0
12-25-2022,88220,2685,0,88220,3.04,0,1.0
12-26-2022,88220,2685,0,88220,3.04,0,1.0
12-27-2022,88220,2685,0,88220,3.04,0,1.0
12-28-2022,88220,2685,0,88220,3.04,0,1.0
12-29-2022,88220,2685,0,88220,3.04,0,1.0
12-30-2022,88220,2685,0,88220,3.04,0,1.0
12-31-2022,88220,2685,0,88220,3.04,0,1.0
01-01-2023,88220,2685,0,88220,3.04,0,1.0
01-02-2023,88220,2685,0,88220,3.04,0,1.0
01-03-2023,88220,2685,0,88220,3.04,0,1.0
01-04-2023,88220,2685,0,88220,3.04,0,1.0
01-05-2023,88220,2685,0,88220,3.04,0,1.0
01-06-2023,88220,2685,0,88220,3.04,0,1.0
01-07-2023,88220,2685,0,88220,3.04,0,1.0
01-08-2023,88220,2685,0,88220,3.04,0,1.0
01-09-2023,88220,2685,0,88220,3.04,0,1.0
01-10-2023,88220,2685,0,88220,3.04,0,1.0
01-11-2023,88220,2685,0,88220,3.04,0,1.0
01-12-2023,88220,2685,0,88220,3.04,0,1.0
01-13-2023,88220,2685,0,88220,3.04,0,1.0
01-14-2023,88220,2685,0,88220,3.04,0,1.0
01-15-2023,88220,2685,0,88220,3.04,0,1.0
01-16-2023,88282,2685,0,88282,3.04,0,1.000702788483337
01-17-2023,88446,2686,0,88446,3.04,0,1.0018576833329558
01-18-2023,88446,2686,0,88446,3.04,0,1.0
01-19-2023,88446,2686,0,88446,3.04,0,1.0
01-20-2023,88446,2686,0,88446,3.04,0,1.0
01-21-2023,88446,2686,0,88446,3.04,0,1.0
01-22-2023,88446,2686,0,88446,3.04,0,1.0
01-23-2023,88446,2686,0,88446,3.04,0,1.0
01-24-2023,88505,2686,0,88505,3.03,0,1.0006670736946837
01-25-2023,88505,2686,0,88505,3.03,0,1.0
01-26-2023,88505,2686,0,88505,3.03,0,1.0
01-27-2023,88505,2686,0,88505,3.03,0,1.0
01-28-2023,88505,2686,0,88505,3.03,0,1.0
01-29-2023,88505,2686,0,88505,3.03,0,1.0
01-30-2023,88505,2686,0,88505,3.03,0,1.0
01-31-2023,88559,2686,0,88559,3.03,0,1.0006101350206202
02-01-2023,88559,2686,0,88559,3.03,0,1.0
02-02-2023,88559,2686,0,88559,3.03,0,1.0
02-03-2023,88559,2686,0,88559,3.03,0,1.0
02-04-2023,88559,2686,0,88559,3.03,0,1.0
02-05-2023,88559,2686,0,88559,3.03,0,1.0
02-06-2023,88559,2686,0,88559,3.03,0,1.0
02-07-2023,88559,2686,0,88559,3.03,0,1.0
02-08-2023,88559,2686,0,88559,3.03,0,1.0
02-09-2023,88559,2686,0,88559,3.03,0,1.0
02-10-2023,88559,2686,0,88559,3.03,0,1.0
02-11-2023,88559,2686,0,88559,3.03,0,1.0
02-12-2023,88559,2686,0,88559,3.03,0,1.0
02-13-2023,88600,2686,0,88600,3.03,0,1.0004629681906978
02-14-2023,88600,2686,0,88600,3.03,0,1.0
02-15-2023,88640,2686,0,88640,3.03,0,1.000451467268623
02-16-2023,88640,2686,0,88640,3.03,0,1.0
02-17-2023,88640,2686,0,88640,3.03,0,1.0
02-18-2023,88640,2686,0,88640,3.03,0,1.0
02-19-2023,88640,2686,0,88640,3.03,0,1.0
02-20-2023,88640,2686,0,88640,3.03,0,1.0
02-21-2023,88640,2686,0,88640,3.03,0,1.0
02-22-2023,88681,2686,0,88681,3.03,0,1.0004625451263538
02-23-2023,88681,2686,0,88681,3.03,0,1.0
02-24-2023,88681,2686,0,88681,3.03,0,1.0
02-25-2023,88681,2686,0,88681,3.03,0,1.0
02-26-2023,88681,2686,0,88681,3.03,0,1.0
02-27-2023,88681,2686,0,88681,3.03,0,1.0
02-28-2023,88681,2686,0,88681,3.03,0,1.0
03-01-2023,88702,2686,0,88702,3.03,0,1.0002368038249456
03-02-2023,88702,2686,0,88702,3.03,0,1.0
03-03-2023,88702,2686,0,88702,3.03,0,1.0
03-04-2023,88702,2686,0,88702,3.03,0,1.0
03-05-2023,88702,2686,0,88702,3.03,0,1.0
03-06-2023,88702,2686,0,88702,3.03,0,1.0
03-07-2023,88702,2686,0,88702,3.03,0,1.0
03-08-2023,88707,2686,0,88707,3.03,0,1.0000563685148023
03-09-2023,88707,2686,0,88707,3.03,0,1.0
