date,total_confirmed,total_deaths,total_recovered,total_infected,mortality_rate,recovery_rate,daily_growth_rate
03-01-2020,3,0,0,3,0,0,1
03-02-2020,3,0,0,3,0,0,1.0
03-03-2020,3,0,0,3,0,0,1.0
03-04-2020,3,0,0,3,0,0,1.0
03-05-2020,6,0,0,6,0,0,2.0
03-06-2020,6,0,0,6,0,0,1.0
03-07-2020,9,0,0,9,0,0,1.5
03-08-2020,9,0,0,9,0,0,1.0
03-09-2020,9,0,0,9,0,0,1.0
03-10-2020,11,0,0,11,0,0,1.2222222222222223
03-11-2020,11,0,3,8,0,27.27,1.0
03-12-2020,11,0,3,8,0,27.27,1.0
03-13-2020,15,1,3,12,6.67,20.0,1.3636363636363638
03-14-2020,15,1,3,12,6.67,20.0,1.0
03-15-2020,23,1,6,17,4.35,26.09,1.5333333333333332
03-16-2020,15,1,6,9,6.67,40.0,1.3478260869565217
03-17-2020,28,1,6,22,3.57,21.43,1.8666666666666667
03-18-2020,28,1,6,22,3.57,21.43,1.0
03-19-2020,44,1,6,38,2.27,13.64,1.5714285714285714
03-20-2020,44,1,6,38,2.27,13.64,1.0
03-21-2020,53,1,11,42,1.89,20.75,1.2045454545454546
03-22-2020,65,1,11,54,1.54,16.92,1.2264150943396226
03-23-2020,72,1,10,62,1.39,13.89,1.1076923076923078
03-24-2020,87,1,10,77,1.15,11.49,1.2083333333333333
03-25-2020,93,2,10,83,2.15,10.75,1.0689655172413792
03-26-2020,122,3,15,107,2.46,12.3,1.3118279569892473
03-27-2020,165,3,15,150,1.82,9.09,1.3524590163934427
03-28-2020,182,4,15,167,2.2,8.24,1.103030303030303
03-29-2020,209,4,15,194,1.91,7.18,1.1483516483516483
03-30-2020,273,4,26,247,1.47,9.52,1.30622009569378
03-31-2020,298,5,26,272,1.68,8.72,1.0915750915750915
04-01-2020,359,5,26,333,1.39,7.24,1.2046979865771812
04-02-2020,400,5,26,374,1.25,6.5,1.1142061281337048
04-03-2020,443,5,32,411,1.13,7.22,1.1075
04-04-2020,521,5,32,489,0.96,6.14,1.1760722347629797
04-05-2020,584,7,32,552,1.2,5.48,1.1209213051823417
04-06-2020,641,7,44,597,1.09,6.86,1.0976027397260273
04-07-2020,717,8,44,673,1.12,6.14,1.1185647425897036
04-08-2020,822,8,63,759,0.97,7.66,1.1464435146443515
04-09-2020,926,9,101,825,0.97,10.91,1.1265206812652069
04-10-2020,991,10,159,832,1.01,16.04,1.070194384449244
04-11-2020,1058,11,200,858,1.04,18.9,1.0676084762865792
04-12-2020,1098,11,250,848,1.0,22.77,1.0378071833648392
04-13-2020,1148,12,289,859,1.05,25.17,1.0455373406193078
04-14-2020,1197,13,351,846,1.09,29.32,1.0426829268292683
04-15-2020,1253,13,404,849,1.04,32.24,1.0467836257309941
04-16-2020,1283,15,460,823,1.17,35.85,1.0239425379090183
04-17-2020,1340,15,528,812,1.12,39.4,1.0444271239282932
04-18-2020,1373,18,590,783,1.31,42.97,1.0246268656716417
04-19-2020,1398,19,712,686,1.36,50.93,1.0182083029861617
04-20-2020,1436,19,791,645,1.32,55.08,1.0271816881258942
04-21-2020,1480,20,865,615,1.35,58.45,1.0306406685236769
04-22-2020,1518,20,907,611,1.32,59.75,1.0256756756756757
04-23-2020,1548,20,948,600,1.29,61.24,1.0197628458498025
04-24-2020,1592,21,1013,579,1.32,63.63,1.028423772609819
04-25-2020,1617,21,1080,537,1.3,66.79,1.0157035175879396
04-26-2020,1645,21,1139,506,1.28,69.24,1.0173160173160174
04-27-2020,1678,22,1162,516,1.31,69.25,1.0200607902735563
04-28-2020,1717,22,1221,496,1.28,71.11,1.0232419547079856
04-29-2020,1766,23,1267,499,1.3,71.74,1.0285381479324402
04-30-2020,1804,24,1325,479,1.33,73.45,1.0215175537938845
05-01-2020,1854,25,1365,489,1.35,73.62,1.0277161862527717
05-02-2020,1894,25,1411,483,1.32,74.5,1.0215749730312838
05-03-2020,1932,25,1441,491,1.29,74.59,1.0200633579725449
05-04-2020,1984,26,1480,504,1.31,74.6,1.0269151138716357
05-05-2020,2060,26,1508,552,1.26,73.2,1.0383064516129032
05-06-2020,2127,28,1536,591,1.32,72.21,1.0325242718446601
05-07-2020,2204,28,1551,653,1.27,70.37,1.0362012223789374
05-08-2020,2279,28,1576,703,1.23,69.15,1.0340290381125228
05-09-2020,2422,31,1620,802,1.28,66.89,1.0627468187801667
05-10-2020,2519,32,1650,869,1.27,65.5,1.0400495458298926
05-11-2020,2589,32,1680,909,1.24,64.89,1.0277888050813815
05-12-2020,2693,33,1680,1013,1.23,62.38,1.0401699497875627
05-13-2020,2758,35,1789,969,1.27,64.87,1.0241366505755662
05-14-2020,2879,35,1833,1046,1.22,63.67,1.0438723712835387
05-15-2020,2980,36,1886,1094,1.21,63.29,1.0350816255644322
05-16-2020,3138,36,1944,1194,1.15,61.95,1.053020134228188
05-17-2020,3274,39,2015,1259,1.19,61.55,1.0433397068196304
05-18-2020,3387,40,2055,1332,1.18,60.67,1.0345143555284055
05-19-2020,3518,41,2198,1320,1.17,62.48,1.0386772955417773
05-20-2020,3631,43,2253,1378,1.18,62.05,1.0321205230244457
05-21-2020,3749,44,2340,1409,1.17,62.42,1.0324979344533187
05-22-2020,3855,46,2399,1456,1.19,62.23,1.0282742064550547
05-23-2020,3982,49,2506,1476,1.23,62.93,1.0329442282749677
05-24-2020,4122,49,2607,1515,1.19,63.25,1.035158211953792
05-25-2020,4271,51,2741,1530,1.19,64.18,1.0361475012130035
05-26-2020,4403,52,2819,1584,1.18,64.02,1.030906110981035
05-27-2020,4568,54,2897,1671,1.18,63.42,1.0374744492391552
05-28-2020,4759,56,3022,1737,1.18,63.5,1.0418126094570928
05-29-2020,4989,58,3125,1864,1.16,62.64,1.0483294809833998
05-30-2020,5246,61,3327,1919,1.16,63.42,1.051513329324514
05-31-2020,5494,63,3428,2066,1.15,62.4,1.0472741136103698
06-01-2020,5662,68,3508,2154,1.2,61.96,1.0305788132508191
06-02-2020,5935,71,3564,2371,1.2,60.05,1.048216178028965
06-03-2020,6260,76,3665,2595,1.21,58.55,1.054759898904802
06-04-2020,6522,78,3737,2785,1.2,57.3,1.04185303514377
06-05-2020,6860,82,3871,2989,1.2,56.43,1.0518245936829194
06-06-2020,7239,84,4024,3215,1.16,55.59,1.0552478134110788
06-07-2020,7553,88,4149,3404,1.17,54.93,1.0433761569277524
06-08-2020,7876,93,4377,3499,1.18,55.57,1.0427644644512115
06-09-2020,8191,98,4606,3585,1.2,56.23,1.0399949212798374
06-10-2020,8530,102,4720,3810,1.2,55.33,1.0413868880478574
06-11-2020,8882,108,4930,3952,1.22,55.51,1.0412661195779602
06-12-2020,9218,113,5116,4102,1.23,55.5,1.0378293177212339
06-13-2020,9570,115,5309,4261,1.2,55.48,1.0381861575178997
06-14-2020,9957,119,5583,4374,1.2,56.07,1.0404388714733543
06-15-2020,10324,122,5739,4585,1.18,55.59,1.0368584915135082
06-16-2020,10662,126,5948,4714,1.18,55.79,1.0327392483533515
06-17-2020,10991,133,6075,4916,1.21,55.27,1.0308572500468955
06-18-2020,11329,139,6192,5137,1.23,54.66,1.0307524338094805
06-19-2020,11767,143,6325,5442,1.22,53.75,1.0386618412922588
06-20-2020,12238,148,6516,5722,1.21,53.24,1.040027194697034
06-21-2020,12729,154,6799,5930,1.21,53.41,1.040120934793267
06-22-2020,13207,161,7168,6039,1.22,54.27,1.037552046507974
06-23-2020,13715,167,7503,6212,1.22,54.71,1.0384644506700993
06-24-2020,14305,174,7768,6537,1.22,54.3,1.043018592781626
06-25-2020,14852,180,8059,6793,1.21,54.26,1.0382383781894442
06-26-2020,15369,187,8364,7005,1.22,54.42,1.0348101265822784
06-27-2020,15890,193,8719,7171,1.21,54.87,1.0338994078990176
06-28-2020,16424,198,9026,7398,1.21,54.96,1.033606041535557
06-29-2020,16968,206,9369,7599,1.21,55.22,1.0331222601071604
06-30-2020,17524,213,9715,7809,1.22,55.44,1.0327675624705328
07-01-2020,18112,220,10061,8051,1.21,55.55,1.0335539831088791
07-02-2020,18684,228,10425,8259,1.22,55.8,1.0315812720848057
07-03-2020,19267,235,10820,8447,1.22,56.16,1.0312031684864056
07-04-2020,19801,241,11291,8510,1.22,57.02,1.0277157834639539
07-05-2020,20324,250,11742,8582,1.23,57.77,1.026412807433968
07-06-2020,20837,258,12182,8655,1.24,58.46,1.025241094272781
07-07-2020,21374,265,12635,8739,1.24,59.11,1.0257714642222968
07-08-2020,21916,274,13100,8816,1.25,59.77,1.0253579114812388
07-09-2020,22464,284,13591,8873,1.26,60.5,1.0250045628764373
07-10-2020,22990,292,14093,8897,1.27,61.3,1.0234152421652423
07-11-2020,23521,298,14607,8914,1.27,62.1,1.0230969986950849
07-12-2020,24041,306,15093,8948,1.27,62.78,1.0221079035755283
07-13-2020,24570,313,15640,8930,1.27,63.65,1.0220040763695353
07-14-2020,25113,319,16150,8963,1.27,64.31,1.022100122100122
07-15-2020,25672,326,16695,8977,1.27,65.03,1.0222593875681918
07-16-2020,26165,334,17256,8909,1.28,65.95,1.0192038018074165
07-17-2020,26636,341,17805,8831,1.28,66.85,1.0180011465698453
07-18-2020,27133,349,18450,8683,1.29,68.0,1.0186589578014718
07-19-2020,27521,354,18967,8554,1.29,68.92,1.0142999299745696
07-20-2020,27890,363,19490,8400,1.3,69.88,1.0134079430253262
07-21-2020,28242,376,19939,8303,1.33,70.6,1.012621011115095
07-22-2020,28633,385,20443,8190,1.34,71.4,1.013844628567382
07-23-2020,28980,391,20974,8006,1.35,72.37,1.0121188838053994
07-24-2020,29312,400,21547,7765,1.36,73.51,1.011456176673568
07-25-2020,29633,408,22082,7551,1.38,74.52,1.0109511462882097
07-26-2020,30050,417,22684,7366,1.39,75.49,1.0140721492930178
07-27-2020,30446,423,23242,7204,1.39,76.34,1.0131780366056573
07-28-2020,30858,430,23873,6985,1.39,77.36,1.0135321552913354
07-29-2020,31221,438,24495,6726,1.4,78.46,1.0117635621232743
07-30-2020,31560,441,25168,6392,1.4,79.75,1.0108580762948016
07-31-2020,31878,448,25882,5996,1.41,81.19,1.0100760456273765
08-01-2020,32157,454,26474,5683,1.41,82.33,1.0087521174477696
08-02-2020,32443,462,27113,5330,1.42,83.57,1.0088938644774077
08-03-2020,32684,468,27760,4924,1.43,84.93,1.0074284129087938
08-04-2020,32910,473,28348,4562,1.44,86.14,1.0069146983233386
08-05-2020,33103,476,28840,4263,1.44,87.12,1.0058644788817988
08-06-2020,33247,479,29275,3972,1.44,88.05,1.0043500589070478
08-07-2020,33376,483,29696,3680,1.45,88.97,1.0038800493277589
08-08-2020,33481,488,30056,3425,1.46,89.77,1.0031459731543624
08-09-2020,33568,490,30364,3204,1.46,90.46,1.0025984886950807
08-10-2020,33647,492,30642,3005,1.46,91.07,1.0023534318398475
08-11-2020,33731,495,30856,2875,1.47,91.48,1.0024965078610277
08-12-2020,33824,497,31058,2766,1.47,91.82,1.0027571077050783
08-13-2020,33915,500,31269,2646,1.47,92.2,1.0026903973509933
08-14-2020,34018,504,31490,2528,1.48,92.57,1.0030370042753944
08-15-2020,34107,506,31697,2410,1.48,92.93,1.0026162619789523
08-16-2020,34219,506,31875,2344,1.48,93.15,1.0032837833875743
08-17-2020,34343,508,32042,2301,1.48,93.3,1.0036237178175866
08-18-2020,34474,509,32201,2273,1.48,93.41,1.003814460006406
08-19-2020,34620,510,32363,2257,1.47,93.48,1.0042350757092302
08-20-2020,34759,510,32511,2248,1.47,93.53,1.0040150202195264
08-21-2020,34921,512,32682,2239,1.47,93.59,1.0046606634253
08-22-2020,35105,515,32842,2263,1.47,93.55,1.0052690358237164
08-23-2020,35274,518,32993,2281,1.47,93.53,1.0048141290414472
08-24-2020,35426,519,33104,2322,1.47,93.45,1.0043091228667007
08-25-2020,35559,521,33190,2369,1.47,93.34,1.0037543047479252
08-26-2020,35707,522,33281,2426,1.46,93.21,1.0041620967968727
08-27-2020,35844,524,33364,2480,1.46,93.08,1.0038367827036716
08-28-2020,35986,527,33461,2525,1.46,92.98,1.003961611427296
08-29-2020,36174,529,33576,2598,1.46,92.82,1.0052242538765075
08-30-2020,36309,531,33703,2606,1.46,92.82,1.0037319621827832
08-31-2020,36435,534,33847,2588,1.47,92.9,1.0034702139965297
09-01-2020,36578,536,33977,2601,1.47,92.89,1.0039247975847398
09-02-2020,36732,538,34116,2616,1.46,92.88,1.0042101809831046
09-03-2020,36899,541,34264,2635,1.47,92.86,1.0045464445170424
09-04-2020,37031,543,34419,2612,1.47,92.95,1.0035773327190438
09-05-2020,37192,545,34565,2627,1.47,92.94,1.0043477086765142
09-06-2020,37329,548,34705,2624,1.47,92.97,1.0036835878683588
09-07-2020,37418,551,34837,2581,1.47,93.1,1.0023842053095449
09-08-2020,37557,552,34965,2592,1.47,93.1,1.0037147896734193
09-09-2020,37732,555,35119,2613,1.47,93.07,1.0046595840988364
09-10-2020,37874,556,35269,2605,1.47,93.12,1.0037633838651543
09-11-2020,38037,557,35440,2597,1.46,93.17,1.0043037439932407
09-12-2020,38172,559,35607,2565,1.46,93.28,1.0035491758025081
09-13-2020,38327,562,35756,2571,1.47,93.29,1.0040605679555696
09-14-2020,38403,564,35860,2543,1.47,93.38,1.0019829363112167
09-15-2020,38517,566,35998,2519,1.47,93.46,1.0029685180845247
09-16-2020,38658,569,36149,2509,1.47,93.51,1.003660721239972
09-17-2020,38777,571,36289,2488,1.47,93.58,1.0030782761653474
09-18-2020,38894,572,36424,2470,1.47,93.65,1.0030172524950358
09-19-2020,39042,574,36601,2441,1.47,93.75,1.0038052141718516
09-20-2020,39188,575,36755,2433,1.47,93.79,1.0037395625224117
09-21-2020,39280,576,36836,2444,1.47,93.78,1.002347657446157
09-22-2020,39378,578,36949,2429,1.47,93.83,1.0024949083503054
09-23-2020,39524,580,37122,2402,1.47,93.92,1.0037076540200112
09-24-2020,39686,581,37255,2431,1.46,93.87,1.0040987754275883
09-25-2020,39787,583,37392,2395,1.47,93.98,1.0025449780779117
09-26-2020,39895,585,37523,2372,1.47,94.05,1.002714454470053
09-27-2020,40023,586,37655,2368,1.46,94.08,1.0032084221080335
09-28-2020,40061,588,37725,2336,1.47,94.17,1.0009494540639132
09-29-2020,40119,590,37827,2292,1.47,94.29,1.0014477921170215
09-30-2020,40229,591,37954,2275,1.47,94.34,1.0027418430170243
10-01-2020,40309,593,38068,2241,1.47,94.44,1.0019886151781054
10-02-2020,40453,594,38217,2236,1.47,94.47,1.0035724031853928
10-03-2020,40561,595,38354,2207,1.47,94.56,1.0026697649123675
10-04-2020,40691,596,38496,2195,1.46,94.61,1.0032050491851778
10-05-2020,40788,598,38587,2201,1.47,94.6,1.0023838195178294
10-06-2020,40931,600,38713,2218,1.47,94.58,1.0035059331175835
10-07-2020,41113,602,38858,2255,1.46,94.52,1.0044465075370745
10-08-2020,41304,603,39012,2292,1.46,94.45,1.004645732493372
10-09-2020,41519,605,39129,2390,1.46,94.24,1.0052053069920588
10-10-2020,41752,608,39235,2517,1.46,93.97,1.0056118885329608
10-11-2020,41982,609,39357,2625,1.45,93.75,1.0055087181452385
10-12-2020,42104,609,39404,2700,1.45,93.59,1.0029060073364775
10-13-2020,42381,612,39468,2913,1.44,93.13,1.006578947368421
10-14-2020,42750,616,39570,3180,1.44,92.56,1.008706731790189
10-15-2020,43280,619,39671,3609,1.43,91.66,1.0123976608187135
10-16-2020,43789,621,39800,3989,1.42,90.89,1.011760628465804
10-17-2020,44317,623,39903,4414,1.41,90.04,1.012057822740871
10-18-2020,44964,626,40037,4927,1.39,89.04,1.014599363675339
10-19-2020,45295,630,40144,5151,1.39,88.63,1.0073614447113246
10-20-2020,45879,635,40272,5607,1.38,87.78,1.012893255326195
10-21-2020,46593,642,40448,6145,1.38,86.81,1.015562675733996
10-22-2020,47418,648,40619,6799,1.37,85.66,1.017706522438993
10-23-2020,48221,656,40831,7390,1.36,84.67,1.0169344974482264
10-24-2020,49013,664,41051,7962,1.35,83.76,1.016424379419755
10-25-2020,49959,671,41279,8680,1.34,82.63,1.0193010017750392
10-26-2020,50486,679,41410,9076,1.34,82.02,1.0105486498929122
10-27-2020,51149,688,41693,9456,1.35,81.51,1.013132353523749
10-28-2020,52137,699,42033,10104,1.34,80.62,1.0193161156620854
10-29-2020,53152,708,42516,10636,1.33,79.99,1.0194679402343825
10-30-2020,54174,718,42996,11178,1.33,79.37,1.0192278747742325
10-31-2020,55269,730,43543,11726,1.32,78.78,1.0202126481337912
11-01-2020,56444,740,44157,12287,1.31,78.23,1.0212596573124175
11-02-2020,57040,753,44479,12561,1.32,77.98,1.0105591382609311
11-03-2020,58282,768,45030,13252,1.32,77.26,1.021774193548387
11-04-2020,59509,780,45697,13812,1.31,76.79,1.0210528121890121
11-05-2020,60873,794,46465,14408,1.3,76.33,1.022920902720597
11-06-2020,62338,811,47270,15068,1.3,75.83,1.0240664991046933
11-07-2020,63748,824,48049,15699,1.29,75.37,1.0226186274824345
11-08-2020,65411,840,48908,16503,1.28,74.77,1.0260870929284056
11-09-2020,66046,852,49411,16635,1.29,74.81,1.0097078473039702
11-10-2020,67392,867,50009,17383,1.29,74.21,1.020379735335978
11-11-2020,68594,885,51007,17587,1.29,74.36,1.0178359449192782
11-12-2020,70216,905,51986,18230,1.29,74.04,1.0236463830655742
11-13-2020,71580,927,53001,18579,1.3,74.04,1.0194257719038395
11-14-2020,73429,946,54049,19380,1.29,73.61,1.0258312377759151
11-15-2020,75688,967,55150,20538,1.28,72.86,1.0307644118808645
11-16-2020,77083,985,55755,21328,1.28,72.33,1.0184309269633232
11-17-2020,79158,1005,56894,22264,1.27,71.87,1.0269190353255582
11-18-2020,81397,1030,58111,23286,1.27,71.39,1.0282852017484019
11-19-2020,83994,1053,59465,24529,1.25,70.8,1.0319053527771294
11-20-2020,87163,1079,60869,26294,1.24,69.83,1.037728885396576
11-21-2020,89898,1107,62243,27655,1.23,69.24,1.0313779929557265
11-22-2020,93094,1131,63841,29253,1.21,68.58,1.0355514027008388
11-23-2020,95281,1160,64475,30806,1.22,67.67,1.023492384041936
11-24-2020,98927,1194,65734,33193,1.21,66.45,1.0382657612745458
11-25-2020,102396,1224,66963,35433,1.2,65.4,1.0350662609803187
11-26-2020,106101,1256,68572,37529,1.18,64.63,1.036183054025548
11-27-2020,109813,1291,69931,39882,1.18,63.68,1.0349855326528496
11-28-2020,114025,1323,71691,42334,1.16,62.87,1.0383561144855344
11-29-2020,118195,1361,73676,44519,1.15,62.33,1.0365709274281956
11-30-2020,121176,1392,74902,46274,1.15,61.81,1.0252210330386227
12-01-2020,125602,1433,76897,48705,1.14,61.22,1.0365253845646003
12-02-2020,129544,1470,79162,50382,1.13,61.11,1.0313848505597045
12-03-2020,133733,1510,81234,52499,1.13,60.74,1.0323365034274068
12-04-2020,138000,1551,83800,54200,1.12,60.72,1.0319068591895793
12-05-2020,142323,1593,85980,56343,1.12,60.41,1.0313260869565217
12-06-2020,146679,1632,88497,58182,1.11,60.33,1.0306064374696993
12-07-2020,149765,1675,90278,59487,1.12,60.28,1.0210391398905092
12-08-2020,154152,1713,93411,60741,1.11,60.6,1.0292925583414014
12-09-2020,158555,1755,96330,62225,1.11,60.75,1.0285627173179719
12-10-2020,162774,1793,99892,62882,1.1,61.37,1.0266090631011322
12-11-2020,167155,1840,103550,63605,1.1,61.95,1.0269146178136557
12-12-2020,171423,1883,107635,63788,1.1,62.79,1.0255331877598637
12-13-2020,175874,1922,111918,63956,1.09,63.64,1.0259650105295088
12-14-2020,178986,1966,114841,64145,1.1,64.16,1.0176944858250794
12-15-2020,183259,2007,119005,64254,1.1,64.94,1.0238733755712737
12-16-2020,187336,2050,122859,64477,1.09,65.58,1.0222472020473756
12-17-2020,191460,2088,127064,64396,1.09,66.37,1.0220139215100141
12-18-2020,195422,2133,131252,64170,1.09,67.16,1.0206936174657892
12-19-2020,199127,2175,135462,63665,1.09,68.03,1.0189589708425868
12-20-2020,202088,2210,139779,62309,1.09,69.17,1.0148699071446865
12-21-2020,203593,2253,142807,60786,1.11,70.14,1.0074472507026642
12-22-2020,205877,2294,147199,58678,1.11,71.5,1.011218460359639
12-23-2020,208211,2340,151660,56551,1.12,72.84,1.0113368661870923
12-24-2020,210061,2380,155886,54175,1.13,74.21,1.008885217399657
12-25-2020,211764,2416,160245,51519,1.14,75.67,1.008107168869995
12-26-2020,213192,2454,164500,48692,1.15,77.16,1.006743355811186
12-27-2020,214711,2499,168971,45740,1.16,78.7,1.0071250328342527
12-28-2020,215483,2538,172019,43464,1.18,79.83,1.0035955307366646
12-29-2020,216584,2575,176228,40356,1.19,81.37,1.0051094517897003
12-30-2020,217636,2609,180295,37341,1.2,82.84,1.0048572378384368
12-31-2020,218700,2641,184422,34278,1.21,84.33,1.004888897057472
01-01-2021,219041,2670,188280,30761,1.22,85.96,1.0015592135345222
01-02-2021,219462,2703,191925,27537,1.23,87.45,1.0019220146000063
01-03-2021,220265,2733,194843,25422,1.24,88.46,1.0036589477905058
01-04-2021,220599,2761,196734,23865,1.25,89.18,1.0015163552992985
01-05-2021,221401,2792,199213,22188,1.26,89.98,1.0036355559182044
01-06-2021,222200,2818,201596,20604,1.27,90.73,1.00360883645512
01-07-2021,222885,2845,203527,19358,1.28,91.31,1.003082808280828
01-08-2021,223417,2869,205406,18011,1.28,91.94,1.0023868811270387
01-09-2021,224050,2890,207088,16962,1.29,92.43,1.0028332669402955
01-10-2021,224651,2909,208681,15970,1.29,92.89,1.0026824369560365
01-11-2021,224827,2926,209522,15305,1.3,93.19,1.0007834374207103
01-12-2021,225346,2941,210798,14548,1.31,93.54,1.002308441601765
01-13-2021,225820,2957,212120,13700,1.31,93.93,1.0021034320555946
01-14-2021,226200,2971,213279,12921,1.31,94.29,1.0016827561774866
01-15-2021,226549,2983,213773,12776,1.32,94.36,1.0015428824049513
01-16-2021,226951,2998,214423,12528,1.32,94.48,1.0017744505603645
01-17-2021,227273,3009,215268,12005,1.32,94.72,1.0014188084652633
01-18-2021,227391,3022,215771,11620,1.33,94.89,1.0005191993769607
01-19-2021,227696,3032,216720,10976,1.33,95.18,1.0013413019864463
01-20-2021,228028,3044,217617,10411,1.33,95.43,1.0014580844634953
01-21-2021,228246,3053,218387,9859,1.34,95.68,1.0009560229445507
01-22-2021,228526,3064,219019,9507,1.34,95.84,1.0012267465804439
01-23-2021,228688,3072,219724,8964,1.34,96.08,1.0007088908920647
01-24-2021,228975,3082,220292,8683,1.35,96.21,1.0012549849576715
01-25-2021,229032,3093,220565,8467,1.35,96.3,1.0002489354733048
01-26-2021,229358,3100,221116,8242,1.35,96.41,1.0014233818855007
01-27-2021,229584,3105,221717,7867,1.35,96.57,1.000985359132884
01-28-2021,229793,3113,222154,7639,1.35,96.68,1.0009103421841243
01-29-2021,229935,3119,222553,7382,1.36,96.79,1.0006179474570591
01-30-2021,230066,3126,222960,7106,1.36,96.91,1.0005697262269773
01-31-2021,230219,3132,223315,6904,1.36,97.0,1.0006650265575965
02-01-2021,230296,3136,223475,6821,1.36,97.04,1.000334464140666
02-02-2021,230455,3141,223807,6648,1.36,97.12,1.0006904158126932
02-03-2021,230617,3145,224168,6449,1.36,97.2,1.0007029571933783
02-04-2021,230769,3148,224431,6338,1.36,97.25,1.0006591014539257
02-05-2021,230907,3153,224760,6147,1.37,97.34,1.0005980005980006
02-06-2021,231022,3156,224961,6061,1.37,97.38,1.0004980360058378
02-07-2021,231154,3158,225246,5908,1.37,97.44,1.0005713741548423
02-08-2021,231198,3161,225348,5850,1.37,97.47,1.000190349290949
02-09-2021,231362,3163,225678,5684,1.37,97.54,1.000709348696788
02-10-2021,231509,3167,225914,5595,1.37,97.58,1.0006353679515219
02-11-2021,231649,3170,226119,5530,1.37,97.61,1.0006047281099224
02-12-2021,231840,3173,226345,5495,1.37,97.63,1.0008245233089719
02-13-2021,231995,3178,226514,5481,1.37,97.64,1.0006685645272602
02-14-2021,232123,3180,226654,5469,1.37,97.64,1.0005517360287937
02-15-2021,232197,3183,226760,5437,1.37,97.66,1.0003187965001314
02-16-2021,232337,3185,226951,5386,1.37,97.68,1.00060293629978
02-17-2021,232491,3187,227116,5375,1.37,97.69,1.0006628302853182
02-18-2021,232636,3190,227271,5365,1.37,97.69,1.0006236800564323
02-19-2021,232829,3193,227472,5357,1.37,97.7,1.0008296222424733
02-20-2021,232973,3195,227619,5354,1.37,97.7,1.0006184796567439
02-21-2021,233129,3198,227761,5368,1.37,97.7,1.0006696054907651
02-22-2021,233201,3202,227836,5365,1.37,97.7,1.0003088418858228
02-23-2021,233424,3204,228012,5412,1.37,97.68,1.0009562566198258
02-24-2021,233644,3206,228157,5487,1.37,97.65,1.0009424909178148
02-25-2021,233770,3209,228299,5471,1.37,97.66,1.0005392819845578
02-26-2021,233989,3213,228479,5510,1.37,97.65,1.0009368182401506
02-27-2021,234267,3218,228651,5616,1.37,97.6,1.0011880900384207
02-28-2021,234537,3220,228768,5769,1.37,97.54,1.0011525310863245
03-01-2021,234662,3223,228839,5823,1.37,97.52,1.0005329649479613
03-02-2021,235014,3225,228982,6032,1.37,97.43,1.0015000298301386
03-03-2021,235333,3230,229143,6190,1.37,97.37,1.0013573659441566
03-04-2021,235647,3232,229267,6380,1.37,97.29,1.0013342795103108
03-05-2021,236012,3235,229442,6570,1.37,97.22,1.0015489269967366
03-06-2021,236365,3238,229591,6774,1.37,97.13,1.0014956866600004
03-07-2021,236768,3241,229718,7050,1.37,97.02,1.0017049901635182
03-08-2021,236963,3247,229789,7174,1.37,96.97,1.0008235910258143
03-09-2021,237260,3250,229915,7345,1.37,96.9,1.0012533602292342
03-10-2021,237775,3257,230116,7659,1.37,96.78,1.0021706145157212
03-11-2021,238383,3262,230244,8139,1.37,96.59,1.0025570392177479
03-12-2021,238959,3268,230461,8498,1.37,96.44,1.0024162796843734
03-13-2021,239692,3276,230726,8966,1.37,96.26,1.0030674718257107
03-14-2021,240295,3282,230960,9335,1.37,96.12,1.002515728518265
03-15-2021,240671,3286,231061,9610,1.37,96.01,1.0015647433363157
03-16-2021,241651,3298,231370,10281,1.36,95.75,1.0040719488430263
03-17-2021,242491,3307,231638,10853,1.36,95.52,1.0034760874153221
03-18-2021,243424,3314,231894,11530,1.36,95.26,1.0038475654766568
03-19-2021,244303,3325,232228,12075,1.36,95.06,1.0036109833048508
03-20-2021,245490,3339,232534,12956,1.36,94.72,1.0048587205232846
03-21-2021,246304,3351,232876,13428,1.36,94.55,1.003315817344902
03-22-2021,246974,3366,233087,13887,1.36,94.38,1.0027202156684423
03-23-2021,248307,3384,233356,14951,1.36,93.98,1.0053973292735268
03-24-2021,249492,3404,233834,15658,1.36,93.72,1.0047723181384334
03-25-2021,250921,3421,234382,16539,1.36,93.41,1.005727638561557
03-26-2021,252680,3445,234893,17787,1.36,92.96,1.007010174517079
03-27-2021,254370,3464,235606,18764,1.36,92.62,1.0066883014088965
03-28-2021,256201,3491,236151,20050,1.36,92.17,1.007198175885521
03-29-2021,257330,3513,236500,20830,1.37,91.91,1.0044066963048544
03-30-2021,259476,3538,237338,22138,1.36,91.47,1.0083394862627755
03-31-2021,261713,3567,238125,23588,1.36,90.99,1.00862122123048
04-01-2021,263961,3593,238985,24976,1.36,90.54,1.008589561848284
04-02-2021,266322,3617,239807,26515,1.36,90.04,1.0089445031652404
04-03-2021,268174,3648,240870,27304,1.36,89.82,1.0069539880295282
04-04-2021,270735,3677,241646,29089,1.36,89.26,1.009549769925496
04-05-2021,271834,3711,242293,29541,1.37,89.13,1.0040593199992613
04-06-2021,273869,3743,243467,30402,1.37,88.9,1.0074861864225961
04-07-2021,276464,3780,244540,31924,1.37,88.45,1.0094753330972106
04-08-2021,279181,3811,245881,33300,1.37,88.07,1.009827681000058
04-09-2021,281387,3846,247459,33928,1.37,87.94,1.007901683853844
04-10-2021,283579,3879,249013,34566,1.37,87.81,1.0077899831904105
04-11-2021,285993,3915,250708,35285,1.37,87.66,1.0085126190585338
04-12-2021,287144,3944,251760,35384,1.37,87.68,1.0040245740280356
04-13-2021,289601,3978,253762,35839,1.37,87.62,1.0085566823614633
04-14-2021,291894,4009,255833,36061,1.37,87.65,1.0079177903391217
04-15-2021,294211,4045,257942,36269,1.37,87.67,1.0079378130417207
04-16-2021,296374,4077,260193,36181,1.38,87.79,1.0073518665175674
04-17-2021,298522,4107,262480,36042,1.38,87.93,1.007247599317079
04-18-2021,300666,4140,264403,36263,1.38,87.94,1.0071820502341535
04-19-2021,301661,4169,265539,36122,1.38,88.03,1.0033093199763192
04-20-2021,303858,4203,267485,36373,1.38,88.03,1.0072830097360945
04-21-2021,305933,4235,269965,35968,1.38,88.24,1.006828847685432
04-22-2021,307980,4274,272575,35405,1.39,88.5,1.0066910075081799
04-23-2021,309789,4307,274766,35023,1.39,88.69,1.005873758036236
04-24-2021,311465,4342,276934,34531,1.39,88.91,1.0054101339944284
04-25-2021,313006,4371,279179,33827,1.4,89.19,1.0049475864061772
04-26-2021,313812,4402,280403,33409,1.4,89.35,1.0025750305105972
04-27-2021,315119,4429,282786,32333,1.41,89.74,1.0041649140249576
04-28-2021,316521,4461,285024,31497,1.41,90.05,1.0044491128748188
04-29-2021,317913,4490,287298,30615,1.41,90.37,1.0043978124674193
04-30-2021,319109,4517,289460,29649,1.42,90.71,1.0037620355254424
05-01-2021,320322,4538,291564,28758,1.42,91.02,1.003801208991285
05-02-2021,321380,4561,293689,27691,1.42,91.38,1.0033029264302795
05-03-2021,321798,4580,294784,27014,1.42,91.61,1.001300640985749
05-04-2021,322761,4597,296875,25886,1.42,91.98,1.0029925605504073
05-05-2021,323841,4617,298949,24892,1.43,92.31,1.0033461291791759
05-06-2021,324685,4635,301006,23679,1.43,92.71,1.0026062172485881
05-07-2021,325407,4650,302860,22547,1.43,93.07,1.0022236937339268
05-08-2021,326056,4666,304580,21476,1.43,93.41,1.0019944254425996
05-09-2021,326716,4680,306119,20597,1.43,93.7,1.0020241921633093
05-10-2021,327087,4698,307011,20076,1.44,93.86,1.0011355427955777
05-11-2021,327601,4713,308317,19284,1.44,94.11,1.0015714473519277
05-12-2021,328159,4726,309771,18388,1.44,94.4,1.0017032915039943
05-13-2021,328668,4742,311198,17470,1.44,94.68,1.001551077374078
05-14-2021,328994,4754,312460,16534,1.45,94.97,1.0009918823858728
05-15-2021,329371,4768,313778,15593,1.45,95.27,1.0011459175547275
05-16-2021,329843,4779,314900,14943,1.45,95.47,1.0014330344808742
05-17-2021,330269,4792,315415,14854,1.45,95.5,1.0012915235430189
05-18-2021,330701,4802,316439,14262,1.45,95.69,1.0013080246707986
05-19-2021,331040,4814,317609,13431,1.45,95.94,1.0010250951766098
05-20-2021,331477,4828,318502,12975,1.46,96.09,1.0013200821652972
05-21-2021,331883,4839,319271,12612,1.46,96.2,1.0012248210283066
05-22-2021,332235,4851,319991,12244,1.46,96.31,1.0010606147347108
05-23-2021,332454,4860,320708,11746,1.46,96.47,1.0006591719716467
05-24-2021,332610,4867,321132,11478,1.46,96.55,1.0004692378494469
05-25-2021,332894,4877,321677,11217,1.47,96.63,1.0008538528607078
05-26-2021,333097,4885,322273,10824,1.47,96.75,1.0006098037213047
05-27-2021,333317,4891,322806,10511,1.47,96.85,1.0006604682720048
05-28-2021,333559,4896,323198,10361,1.47,96.89,1.0007260355757432
05-29-2021,333723,4903,323617,10106,1.47,96.97,1.0004916671413453
05-30-2021,333864,4907,324103,9761,1.47,97.08,1.0004225060903804
05-31-2021,333956,4913,324565,9391,1.47,97.19,1.0002755613064003
06-01-2021,334132,4921,325040,9092,1.47,97.28,1.0005270155349806
06-02-2021,334288,4926,325418,8870,1.47,97.35,1.00046688135228
06-03-2021,334416,4929,325863,8553,1.47,97.44,1.0003829033647633
06-04-2021,334539,4933,326269,8270,1.47,97.53,1.0003678053681642
06-05-2021,334647,4936,326619,8028,1.47,97.6,1.0003228323155149
06-06-2021,334715,4941,326893,7822,1.48,97.66,1.0002031991919844
06-07-2021,334747,4945,327114,7633,1.48,97.72,1.00009560372257
06-08-2021,334849,4947,327387,7462,1.48,97.77,1.000304707734498
06-09-2021,334917,4948,327626,7291,1.48,97.82,1.0002030766106513
06-10-2021,334992,4951,327907,7085,1.48,97.89,1.0002239360796854
06-11-2021,335065,4951,328194,6871,1.48,97.95,1.000217915651717
06-12-2021,335126,4953,328398,6728,1.48,97.99,1.000182054228284
06-13-2021,335171,4953,328580,6591,1.48,98.03,1.0001342778537028
06-14-2021,335196,4955,328699,6497,1.48,98.06,1.0000745887919897
06-15-2021,335264,4958,328876,6388,1.48,98.09,1.0002028663826537
06-16-2021,335291,4959,329038,6253,1.48,98.14,1.0000805335496803
06-17-2021,335339,4959,329191,6148,1.48,98.17,1.0001431592258665
06-18-2021,335399,4961,329339,6060,1.48,98.19,1.0001789234177951
06-19-2021,335437,4961,329462,5975,1.48,98.22,1.0001132978929574
06-20-2021,335493,4962,329550,5943,1.48,98.23,1.0001669464012617
06-21-2021,335521,4963,329599,5922,1.48,98.23,1.0000834592674064
06-22-2021,335568,4963,329710,5858,1.48,98.25,1.0001400806506895
06-23-2021,335625,4965,329794,5831,1.48,98.26,1.0001698612501788
06-24-2021,335676,4965,329870,5806,1.48,98.27,1.0001519553072626
06-25-2021,335741,4967,329959,5782,1.48,98.28,1.0001936391043744
06-26-2021,335796,4967,330026,5770,1.48,98.28,1.0001638167516032
06-27-2021,335836,4968,330084,5752,1.48,98.29,1.0001191199418695
06-28-2021,335874,4970,330123,5751,1.48,98.29,1.000113150466299
06-29-2021,335961,4973,330193,5768,1.48,98.28,1.0002590257060684
06-30-2021,336047,4974,330219,5828,1.48,98.27,1.0002559820931596
07-01-2021,336122,4975,330275,5847,1.48,98.26,1.0002231830666544
07-02-2021,336223,4977,330338,5885,1.48,98.25,1.0003004861330111
07-03-2021,336318,4977,330380,5938,1.48,98.23,1.0002825505691164
07-04-2021,336417,4978,330433,5984,1.48,98.22,1.0002943642623945
07-05-2021,336479,4978,330466,6013,1.48,98.21,1.000184295086158
07-06-2021,336557,4978,330513,6044,1.48,98.2,1.0002318123865086
07-07-2021,336684,4979,330567,6117,1.48,98.18,1.0003773506419418
07-08-2021,336788,4980,330606,6182,1.48,98.16,1.000308894987585
07-09-2021,336962,4982,330668,6294,1.48,98.13,1.0005166454861811
07-10-2021,337098,4984,330725,6373,1.48,98.11,1.000403606341368
07-11-2021,337254,4984,330762,6492,1.48,98.08,1.0004627734368048
07-12-2021,337323,4987,330802,6521,1.48,98.07,1.0002045935704247
07-13-2021,337456,4988,330873,6583,1.48,98.05,1.0003942808524766
07-14-2021,337602,4988,330946,6656,1.48,98.03,1.0004326489972026
07-15-2021,337801,4990,331020,6781,1.48,97.99,1.0005894514842921
07-16-2021,337970,4990,331112,6858,1.48,97.97,1.000500294552118
07-17-2021,338183,4991,331200,6983,1.48,97.94,1.0006302334526733
07-18-2021,338438,4992,331294,7144,1.48,97.89,1.0007540296230149
07-19-2021,338586,4994,331350,7236,1.47,97.86,1.0004373031397185
07-20-2021,338837,4994,331429,7408,1.47,97.81,1.000741318306132
07-21-2021,339062,4998,331537,7525,1.47,97.78,1.0006640360999537
07-22-2021,339274,4999,331629,7645,1.47,97.75,1.0006252543782552
07-23-2021,339645,5002,331782,7863,1.47,97.68,1.0010935114391317
07-24-2021,340057,5002,331907,8150,1.47,97.6,1.0012130312532204
07-25-2021,340443,5006,332056,8387,1.47,97.54,1.00113510382083
07-26-2021,340715,5009,332136,8579,1.47,97.48,1.000798959003416
07-27-2021,341183,5011,332259,8924,1.47,97.38,1.0013735820260334
07-28-2021,341933,5014,332393,9540,1.47,97.21,1.0021982337924222
07-29-2021,342548,5019,332574,9974,1.47,97.09,1.0017985979709476
07-30-2021,343216,5022,332752,10464,1.46,96.95,1.0019500916659856
07-31-2021,343849,5023,332926,10923,1.46,96.82,1.0018443196121394
08-01-2021,344520,5027,333128,11392,1.46,96.69,1.00195143798586
08-02-2021,344951,5030,333267,11684,1.46,96.61,1.0012510159061883
08-03-2021,345882,5034,333492,12390,1.46,96.42,1.002698934051503
08-04-2021,346878,5039,333694,13184,1.45,96.2,1.0028795947750968
08-05-2021,348074,5043,0,348074,1.45,0,1.0034478981082686
08-06-2021,349316,5051,0,349316,1.45,0,1.0035682067606313
08-07-2021,350605,5056,0,350605,1.44,0,1.0036900685911896
08-08-2021,351825,5063,0,351825,1.44,0,1.0034796993767916
08-09-2021,352926,5072,0,352926,1.44,0,1.003129396717118
08-10-2021,354662,5084,0,354662,1.43,0,1.0049188781784284
08-11-2021,357058,5095,0,357058,1.43,0,1.0067557279889021
08-12-2021,359732,5109,0,359732,1.42,0,1.007488979381501
08-13-2021,361501,5125,0,361501,1.42,0,1.0049175497314669
08-14-2021,365009,5138,0,365009,1.41,0,1.0097039842213438
08-15-2021,368002,5153,0,368002,1.4,0,1.0081997978132047
08-16-2021,369853,5170,0,369853,1.4,0,1.0050298639681305
08-17-2021,373175,5188,0,373175,1.39,0,1.0089819468815988
08-18-2021,377304,5208,0,377304,1.38,0,1.0110645139679775
08-19-2021,380918,5231,0,380918,1.37,0,1.0095784831329644
08-20-2021,384886,5252,0,384886,1.36,0,1.0104169401288465
08-21-2021,388437,5279,0,388437,1.36,0,1.0092261085100522
08-22-2021,391506,5308,0,391506,1.36,0,1.0079008951258506
08-23-2021,394451,5340,0,394451,1.35,0,1.0075222346528534
08-24-2021,398034,5370,0,398034,1.35,0,1.009083511006437
08-25-2021,401828,5403,0,401828,1.34,0,1.0095318490380218
08-26-2021,405542,5434,0,405542,1.34,0,1.0092427605841305
08-27-2021,409745,5469,0,409745,1.33,0,1.010363908053913
08-28-2021,413986,5512,0,413986,1.33,0,1.0103503398455136
08-29-2021,417996,5553,0,417996,1.33,0,1.0096863178948081
08-30-2021,421103,5592,0,421103,1.33,0,1.0074330854840716
08-31-2021,424891,5636,0,424891,1.33,0,1.0089954239224133
09-01-2021,428736,5677,0,428736,1.32,0,1.0090493797232702
09-02-2021,432495,5722,0,432495,1.32,0,1.0087676332288402
09-03-2021,436257,5760,0,436257,1.32,0,1.0086983664551035
09-04-2021,439562,5800,0,439562,1.32,0,1.007575809671822
09-05-2021,442872,5842,0,442872,1.32,0,1.0075302232677075
09-06-2021,445278,5879,0,445278,1.32,0,1.0054327209667804
09-07-2021,447725,5920,0,447725,1.32,0,1.005495443296098
09-08-2021,447725,5920,0,447725,1.32,0,1.0
09-09-2021,447725,5920,0,447725,1.32,0,1.0
09-10-2021,455044,6031,0,455044,1.33,0,1.0163470880562846
09-11-2021,455044,6031,0,455044,1.33,0,1.0
09-12-2021,455044,6031,0,455044,1.33,0,1.0
09-13-2021,461249,6134,0,461249,1.33,0,1.0136360439869552
09-14-2021,463326,6167,0,463326,1.33,0,1.004502990792392
09-15-2021,463326,6167,0,463326,1.33,0,1.0
09-16-2021,467173,6227,0,467173,1.33,0,1.0083030091123744
09-17-2021,467173,6227,0,467173,1.33,0,1.0
09-18-2021,467173,6227,0,467173,1.33,0,1.0
09-19-2021,467173,6227,0,467173,1.33,0,1.0
09-20-2021,473459,6327,0,473459,1.34,0,1.0134554008900343
09-21-2021,475053,6353,0,475053,1.34,0,1.0033667117955303
09-22-2021,476409,6370,0,476409,1.34,0,1.0028544183491106
09-23-2021,477587,6394,0,477587,1.34,0,1.0024726652938967
09-24-2021,478715,6415,0,478715,1.34,0,1.0023618733340731
09-25-2021,479814,6433,0,479814,1.34,0,1.0022957291916903
09-26-2021,480843,6457,0,480843,1.34,0,1.0021445810251473
09-27-2021,481401,6476,0,481401,1.35,0,1.0011604619387202
09-28-2021,481401,6476,0,481401,1.35,0,1.0
09-29-2021,483128,6513,0,483128,1.35,0,1.003587445809211
09-30-2021,483902,6525,0,483902,1.35,0,1.0016020599095892
10-01-2021,484591,6543,0,484591,1.35,0,1.0014238420175987
10-02-2021,485275,6559,0,485275,1.35,0,1.0014114995945034
10-03-2021,485987,6573,0,485987,1.35,0,1.0014672093143062
10-04-2021,486378,6584,0,486378,1.35,0,1.0008045482698096
10-05-2021,487204,6599,0,487204,1.35,0,1.0016982676025643
10-06-2021,488213,6611,0,488213,1.35,0,1.0020710010591045
10-07-2021,488213,6611,0,488213,1.35,0,1.0
10-08-2021,490130,6638,0,490130,1.35,0,1.003926564839527
10-09-2021,491147,6654,0,491147,1.35,0,1.0020749597045682
10-10-2021,492179,6664,0,492179,1.35,0,1.0021012039165464
10-11-2021,492790,6677,0,492790,1.35,0,1.0012414182644933
10-12-2021,494067,6692,0,494067,1.35,0,1.0025913675196332
10-13-2021,495332,6709,0,495332,1.35,0,1.0025603814867214
10-14-2021,496780,6720,0,496780,1.35,0,1.002923291852737
10-15-2021,498630,6734,0,498630,1.35,0,1.0037239824469584
10-16-2021,498630,6734,0,498630,1.35,0,1.0
10-17-2021,502207,6765,0,502207,1.35,0,1.0071736558169384
10-18-2021,503452,6778,0,503452,1.35,0,1.0024790574404578
10-19-2021,505554,6793,0,505554,1.34,0,1.0041751745945988
10-20-2021,507857,6809,0,507857,1.34,0,1.0045553986319957
10-21-2021,509862,6829,0,509862,1.34,0,1.0039479617293845
10-22-2021,511974,6847,0,511974,1.34,0,1.0041422973275123
10-23-2021,514289,6869,0,514289,1.34,0,1.0045217139932887
10-24-2021,516325,6894,0,516325,1.34,0,1.0039588635961492
10-25-2021,517802,6915,0,517802,1.34,0,1.002860601365419
10-26-2021,520068,6939,0,520068,1.33,0,1.004376190126728
10-27-2021,522368,6966,0,522368,1.33,0,1.0044224985963375
10-28-2021,524788,6995,0,524788,1.33,0,1.0046327493261455
10-29-2021,526920,7021,0,526920,1.33,0,1.0040625928946545
10-30-2021,529109,7049,0,529109,1.33,0,1.0041543308282093
10-31-2021,531370,7074,0,531370,1.33,0,1.0042732215857224
11-01-2021,532570,7101,0,532570,1.33,0,1.0022583134162637
11-02-2021,534748,7132,0,534748,1.33,0,1.0040896032446438
11-03-2021,537004,7153,0,537004,1.33,0,1.004218809607516
11-04-2021,539710,7182,0,539710,1.33,0,1.0050390686102897
11-05-2021,542150,7208,0,542150,1.33,0,1.0045209464341962
11-06-2021,544650,7241,0,544650,1.33,0,1.0046112699437426
11-07-2021,547281,7269,0,547281,1.33,0,1.0048306251721288
11-08-2021,548591,7293,0,548591,1.33,0,1.0023936515245369
11-09-2021,550446,7320,0,550446,1.33,0,1.0033813897785417
11-10-2021,552322,7342,0,552322,1.33,0,1.0034081453948254
11-11-2021,554096,7372,0,554096,1.33,0,1.0032118945108108
11-12-2021,556430,7397,0,556430,1.33,0,1.0042122664664608
11-13-2021,558431,7416,0,558431,1.33,0,1.0035961396761497
11-14-2021,560853,7445,0,560853,1.33,0,1.0043371517698696
11-15-2021,561925,7471,0,561925,1.33,0,1.0019113742816745
11-16-2021,563940,7502,0,563940,1.33,0,1.0035858877964141
11-17-2021,565965,7524,0,565965,1.33,0,1.0035908075327162
11-18-2021,568089,7551,0,568089,1.33,0,1.0037528822453685
11-19-2021,570322,7579,0,570322,1.33,0,1.003930722122766
11-20-2021,572085,7599,0,572085,1.33,0,1.0030912361788604
11-21-2021,573974,7624,0,573974,1.33,0,1.0033019568770376
11-22-2021,574799,7657,0,574799,1.33,0,1.0014373473362905
11-23-2021,576703,7686,0,576703,1.33,0,1.0033124622694194
11-24-2021,578627,7709,0,578627,1.33,0,1.0033362059847097
11-25-2021,580507,7736,0,580507,1.33,0,1.0032490706448196
11-26-2021,582504,7767,0,582504,1.33,0,1.0034400963295877
11-27-2021,584121,7789,0,584121,1.33,0,1.0027759466029418
11-28-2021,585783,7807,0,585783,1.33,0,1.002845300888001
11-29-2021,586640,7833,0,586640,1.34,0,1.0014629990969353
11-30-2021,588318,7856,0,588318,1.34,0,1.0028603572889676
12-01-2021,590113,7884,0,590113,1.34,0,1.0030510710194147
12-02-2021,591885,7905,0,591885,1.34,0,1.0030028147151477
12-03-2021,593588,7929,0,593588,1.34,0,1.0028772481140762
12-04-2021,594994,7947,0,594994,1.34,0,1.0023686462664338
12-05-2021,596388,7967,0,596388,1.34,0,1.0023428807685455
12-06-2021,596973,7983,0,596973,1.34,0,1.0009809050483913
12-07-2021,598503,8004,0,598503,1.34,0,1.002562929981758
12-08-2021,599713,8019,0,599713,1.34,0,1.0020217108352005
12-09-2021,601028,8038,0,601028,1.34,0,1.0021927155155883
12-10-2021,602137,8055,0,602137,1.34,0,1.001845171938745
12-11-2021,603254,8070,0,603254,1.34,0,1.001855059562857
12-12-2021,604480,8088,0,604480,1.34,0,1.002032311431006
12-13-2021,604998,8104,0,604998,1.34,0,1.000856934886183
12-14-2021,605920,8123,0,605920,1.34,0,1.0015239719800726
12-15-2021,607076,8137,0,607076,1.34,0,1.0019078426194876
12-16-2021,608060,8149,0,608060,1.34,0,1.001620884370326
12-17-2021,608815,8167,0,608815,1.34,0,1.001241653784166
12-18-2021,609397,8182,0,609397,1.34,0,1.0009559554215977
12-19-2021,610318,8199,0,610318,1.34,0,1.0015113300524945
12-20-2021,610895,8208,0,610895,1.34,0,1.0009454087868948
12-21-2021,611557,8222,0,611557,1.34,0,1.0010836559474214
12-22-2021,612205,8238,0,612205,1.35,0,1.0010595905205892
12-23-2021,613059,8257,0,613059,1.35,0,1.0013949575714018
12-24-2021,613618,8269,0,613618,1.35,0,1.0009118208851024
12-25-2021,614119,8284,0,614119,1.35,0,1.0008164688780317
12-26-2021,614630,8297,0,614630,1.35,0,1.000832086289465
12-27-2021,614936,8308,0,614936,1.35,0,1.0004978605014399
12-28-2021,615312,8324,0,615312,1.35,0,1.0006114457439474
12-29-2021,615842,8332,0,615842,1.35,0,1.0008613516394935
12-30-2021,616352,8346,0,616352,1.35,0,1.000828134489041
12-31-2021,616947,8358,0,616947,1.35,0,1.000965357458076
01-01-2022,617311,8365,0,617311,1.36,0,1.0005900020585237
01-02-2022,617679,8375,0,617679,1.36,0,1.0005961338774134
01-03-2022,617952,8383,0,617952,1.36,0,1.0004419771434678
01-04-2022,618365,8398,0,618365,1.36,0,1.0006683366992906
01-05-2022,618918,8409,0,618918,1.36,0,1.0008942938232275
01-06-2022,619502,8422,0,619502,1.36,0,1.0009435821869779
01-07-2022,620049,8431,0,620049,1.36,0,1.000882967286627
01-08-2022,620679,8437,0,620679,1.36,0,1.0010160487316324
01-09-2022,621234,8445,0,621234,1.36,0,1.0008941820167914
01-10-2022,621563,8457,0,621563,1.36,0,1.0005295911041572
01-11-2022,622236,8471,0,622236,1.36,0,1.0010827542823495
01-12-2022,622881,8480,0,622881,1.36,0,1.0010365841899216
01-13-2022,623555,8490,0,623555,1.36,0,1.0010820686455357
01-14-2022,624208,8497,0,624208,1.36,0,1.0010472211753574
01-15-2022,624918,8510,0,624918,1.36,0,1.0011374413656986
01-16-2022,625726,8521,0,625726,1.36,0,1.0012929696376165
01-17-2022,626085,8529,0,626085,1.36,0,1.0005737335511071
01-18-2022,627015,8541,0,627015,1.36,0,1.0014854213086082
01-19-2022,628166,8550,0,628166,1.36,0,1.0018356817619993
01-20-2022,629352,8564,0,629352,1.36,0,1.0018880359650155
01-21-2022,630420,8581,0,630420,1.36,0,1.0016969835640468
01-22-2022,632034,8597,0,632034,1.36,0,1.0025601979632626
01-23-2022,633731,8610,0,633731,1.36,0,1.002684982137037
01-24-2022,634488,8619,0,634488,1.36,0,1.0011945131293878
01-25-2022,636956,8632,0,636956,1.36,0,1.0038897504759743
01-26-2022,640148,8650,0,640148,1.35,0,1.0050113351628684
01-27-2022,643509,8664,0,643509,1.35,0,1.0052503483569424
01-28-2022,647073,8683,0,647073,1.34,0,1.0055383840785443
01-29-2022,651341,8700,0,651341,1.34,0,1.0065958554908023
01-30-2022,656284,8720,0,656284,1.33,0,1.0075889587788884
01-31-2022,658470,8734,0,658470,1.33,0,1.0033308750479975
02-01-2022,663693,8755,0,663693,1.32,0,1.0079320242380063
02-02-2022,670313,8779,0,670313,1.31,0,1.0099744912180781
02-03-2022,676426,8797,0,676426,1.3,0,1.009119620237113
02-04-2022,683476,8823,0,683476,1.29,0,1.0104224261042598
02-05-2022,691180,8846,0,691180,1.28,0,1.0112717930110202
02-06-2022,698654,8871,0,698654,1.27,0,1.0108133915911919
02-07-2022,703334,8898,0,703334,1.27,0,1.006698594726431
02-08-2022,710366,8920,0,710366,1.26,0,1.0099980947885356
02-09-2022,718145,8948,0,718145,1.25,0,1.0109506930230332
02-10-2022,725777,8972,0,725777,1.24,0,1.0106273802644312
02-11-2022,732380,8998,0,732380,1.23,0,1.0090978358366276
02-12-2022,738328,9027,0,738328,1.22,0,1.0081214669980065
02-13-2022,745169,9050,0,745169,1.21,0,1.0092655296832844
02-14-2022,747918,9077,0,747918,1.21,0,1.0036890960305649
02-15-2022,752605,9105,0,752605,1.21,0,1.0062667297751893
02-16-2022,759753,9127,0,759753,1.2,0,1.0094976780648548
02-17-2022,764202,9157,0,764202,1.2,0,1.00585585051984
02-18-2022,768019,9182,0,768019,1.2,0,1.0049947526962766
02-19-2022,771709,9211,0,771709,1.19,0,1.0048045686369738
02-20-2022,774394,9235,0,774394,1.19,0,1.0034792907689298
02-21-2022,775432,9261,0,775432,1.19,0,1.001340402947337
02-22-2022,777804,9280,0,777804,1.19,0,1.0030589400489018
02-23-2022,779783,9307,0,779783,1.19,0,1.0025443427907288
02-24-2022,781538,9330,0,781538,1.19,0,1.0022506261357327
02-25-2022,782748,9358,0,782748,1.2,0,1.0015482292607654
02-26-2022,782748,9358,0,782748,1.2,0,1.0
02-27-2022,785301,9400,0,785301,1.2,0,1.0032615861043401
02-28-2022,785670,9417,0,785670,1.2,0,1.000469883522369
03-01-2022,786502,9438,0,786502,1.2,0,1.0010589687782403
03-02-2022,787367,9454,0,787367,1.2,0,1.0010998064849168
03-03-2022,787937,9473,0,787937,1.2,0,1.000723931787845
03-04-2022,788525,9488,0,788525,1.2,0,1.0007462525557247
03-05-2022,788958,9500,0,788958,1.2,0,1.000549126533718
03-06-2022,789332,9518,0,789332,1.21,0,1.0004740429782066
03-07-2022,789481,9531,0,789481,1.21,0,1.0001887672107554
03-08-2022,789757,9547,0,789757,1.21,0,1.0003495967604032
03-09-2022,789883,9558,0,789883,1.21,0,1.0001595427454268
03-10-2022,790153,9575,0,790153,1.21,0,1.0003418227762846
03-11-2022,790378,9589,0,790378,1.21,0,1.0002847549778333
03-12-2022,790575,9599,0,790575,1.21,0,1.0002492478282543
03-13-2022,790767,9611,0,790767,1.22,0,1.000242861208614
03-14-2022,790820,9618,0,790820,1.22,0,1.0000670235353777
03-15-2022,790962,9627,0,790962,1.22,0,1.0001795604562354
03-16-2022,791077,9633,0,791077,1.22,0,1.0001453925725887
03-17-2022,791077,9633,0,791077,1.22,0,1.0
03-18-2022,791288,9647,0,791288,1.22,0,1.000266724983788
03-19-2022,791404,9651,0,791404,1.22,0,1.000146596435179
03-20-2022,791482,9656,0,791482,1.22,0,1.0000985590166338
03-21-2022,791511,9659,0,791511,1.22,0,1.0000366401257388
03-22-2022,791545,9666,0,791545,1.22,0,1.0000429558148907
03-23-2022,791583,9670,0,791583,1.22,0,1.000048007377976
03-24-2022,791604,9672,0,791604,1.22,0,1.0000265291194985
03-25-2022,791654,9675,0,791654,1.22,0,1.0000631628945786
03-26-2022,791695,9679,0,791695,1.22,0,1.0000517903023292
03-27-2022,791750,9681,0,791750,1.22,0,1.0000694711978728
03-28-2022,791766,9684,0,791766,1.22,0,1.0000202083991159
03-29-2022,791814,9687,0,791814,1.22,0,1.0000606239722343
03-30-2022,791876,9691,0,791876,1.22,0,1.000078301217205
03-31-2022,791932,9692,0,791932,1.22,0,1.0000707181427395
04-01-2022,791979,9694,0,791979,1.22,0,1.0000593485299243
04-02-2022,792019,9697,0,792019,1.22,0,1.0000505063896896
04-03-2022,792061,9697,0,792061,1.22,0,1.0000530290308691
04-04-2022,792067,9698,0,792067,1.22,0,1.0000075751741344
04-05-2022,792103,9700,0,792103,1.22,0,1.000045450700509
04-06-2022,792141,9701,0,792141,1.22,0,1.0000479735589942
04-07-2022,792166,9703,0,792166,1.22,0,1.0000315600379226
04-08-2022,792188,9703,0,792188,1.22,0,1.0000277719568877
04-09-2022,792216,9703,0,792216,1.22,0,1.0000353451453443
04-10-2022,792237,9703,0,792237,1.22,0,1.0000265079220818
04-11-2022,792253,9703,0,792253,1.22,0,1.000020195976709
04-12-2022,792289,9703,0,792289,1.22,0,1.0000454400298895
04-13-2022,792305,9704,0,792305,1.22,0,1.0000201946511942
04-14-2022,792320,9705,0,792320,1.22,0,1.0000189321031674
04-15-2022,792320,9705,0,792320,1.22,0,1.0
04-16-2022,792349,9705,0,792349,1.22,0,1.0000366013731825
04-17-2022,792362,9706,0,792362,1.22,0,1.0000164069116009
04-18-2022,792365,9706,0,792365,1.22,0,1.0000037861482505
04-19-2022,792391,9706,0,792391,1.22,0,1.0000328131606016
04-20-2022,792412,9706,0,792412,1.22,0,1.0000265020677923
04-21-2022,792445,9707,0,792445,1.22,0,1.000041645002852
04-22-2022,792457,9707,0,792457,1.22,0,1.00001514300677
04-23-2022,792476,9707,0,792476,1.22,0,1.0000239760643164
04-24-2022,792496,9707,0,792496,1.22,0,1.000025237357346
04-25-2022,792496,9707,0,792496,1.22,0,1.0
04-26-2022,792502,9707,0,792502,1.22,0,1.0000075710161314
04-27-2022,792521,9707,0,792521,1.22,0,1.000023974702903
04-28-2022,792496,9707,0,792496,1.22,0,1.0000315449054347
04-29-2022,792558,9709,0,792558,1.23,0,1.000078233833357
04-30-2022,792562,9709,0,792562,1.23,0,1.0000050469492454
05-01-2022,792578,9709,0,792578,1.22,0,1.0000201876950952
05-02-2022,792579,9709,0,792579,1.22,0,1.0000012617054725
05-03-2022,792585,9709,0,792585,1.22,0,1.0000075702232838
05-04-2022,792585,9709,0,792585,1.22,0,1.0
05-05-2022,792599,9709,0,792599,1.22,0,1.0000176637206104
05-06-2022,792607,9709,0,792607,1.22,0,1.0000100933763478
05-07-2022,792618,9709,0,792618,1.22,0,1.0000138782524
05-08-2022,792630,9709,0,792630,1.22,0,1.0000151397015964
05-09-2022,792632,9709,0,792632,1.22,0,1.0000025232453982
05-10-2022,792638,9709,0,792638,1.22,0,1.0000075697170945
05-11-2022,792638,9709,0,792638,1.22,0,1.0
05-12-2022,792638,9709,0,792638,1.22,0,1.0
05-13-2022,792638,9709,0,792638,1.22,0,1.0
05-14-2022,792638,9709,0,792638,1.22,0,1.0
05-15-2022,792638,9709,0,792638,1.22,0,1.0
05-16-2022,792638,9709,0,792638,1.22,0,1.0
05-17-2022,792680,9709,0,792680,1.22,0,1.0000529876185598
05-18-2022,792685,9709,0,792685,1.22,0,1.0000063077155976
05-19-2022,792695,9710,0,792695,1.22,0,1.0000126153516213
05-20-2022,792707,9710,0,792707,1.22,0,1.0000151382309717
05-21-2022,792708,9710,0,792708,1.22,0,1.0000012615001508
05-22-2022,792714,9710,0,792714,1.22,0,1.0000075689913561
05-23-2022,792714,9710,0,792714,1.22,0,1.0
05-24-2022,792714,9710,0,792714,1.22,0,1.0
05-25-2022,792714,9710,0,792714,1.22,0,1.0
05-26-2022,792714,9710,0,792714,1.22,0,1.0
05-27-2022,792746,9712,0,792746,1.23,0,1.0000403676483574
05-28-2022,792757,9712,0,792757,1.23,0,1.0000138758189887
05-29-2022,792758,9713,0,792758,1.23,0,1.0000012614205867
05-30-2022,792759,9713,0,792759,1.23,0,1.0000012614189955
05-31-2022,792767,9713,0,792767,1.23,0,1.0000100913392342
06-01-2022,792778,9713,0,792778,1.23,0,1.0000138754514252
06-02-2022,792785,9713,0,792785,1.23,0,1.000008829710209
06-03-2022,792785,9713,0,792785,1.23,0,1.0
06-04-2022,792785,9713,0,792785,1.23,0,1.0
06-05-2022,792785,9713,0,792785,1.23,0,1.0
06-06-2022,792785,9713,0,792785,1.23,0,1.0
06-07-2022,792785,9713,0,792785,1.23,0,1.0
06-08-2022,792785,9713,0,792785,1.23,0,1.0
06-09-2022,792785,9713,0,792785,1.23,0,1.0
06-10-2022,792785,9713,0,792785,1.23,0,1.0
06-11-2022,792785,9713,0,792785,1.23,0,1.0
06-12-2022,792785,9713,0,792785,1.23,0,1.0
06-13-2022,792785,9713,0,792785,1.23,0,1.0
06-14-2022,792785,9713,0,792785,1.23,0,1.0
06-15-2022,792785,9713,0,792785,1.23,0,1.0
06-16-2022,792785,9713,0,792785,1.23,0,1.0
06-17-2022,792959,9715,0,792959,1.23,0,1.0002194794301102
06-18-2022,792985,9716,0,792985,1.23,0,1.000032788580494
06-19-2022,793010,9716,0,793010,1.23,0,1.0000315264475368
06-20-2022,793015,9716,0,793015,1.23,0,1.0000063050907302
06-21-2022,793036,9716,0,793036,1.23,0,1.0000264812141006
06-22-2022,793063,9716,0,793063,1.23,0,1.000034046373683
06-23-2022,793089,9716,0,793089,1.23,0,1.000032784280694
06-24-2022,793106,9717,0,793106,1.23,0,1.0000214351731016
06-25-2022,793140,9717,0,793140,1.23,0,1.0000428694272896
06-26-2022,793164,9717,0,793164,1.23,0,1.0000302594749981
06-27-2022,793176,9717,0,793176,1.23,0,1.000015129279695
06-28-2022,793176,9717,0,793176,1.23,0,1.0
06-29-2022,793176,9717,0,793176,1.23,0,1.0
06-30-2022,793176,9717,0,793176,1.23,0,1.0
07-01-2022,793302,9717,0,793302,1.22,0,1.0001588550334353
07-02-2022,793335,9717,0,793335,1.22,0,1.0000415982816129
07-03-2022,793371,9717,0,793371,1.22,0,1.0000453780559284
07-04-2022,793388,9717,0,793388,1.22,0,1.00002142755407
07-05-2022,793388,9717,0,793388,1.22,0,1.0
07-06-2022,793388,9717,0,793388,1.22,0,1.0
07-07-2022,793388,9717,0,793388,1.22,0,1.0
07-08-2022,793388,9717,0,793388,1.22,0,1.0
07-09-2022,793388,9717,0,793388,1.22,0,1.0
07-10-2022,793388,9717,0,793388,1.22,0,1.0
07-11-2022,793388,9717,0,793388,1.22,0,1.0
07-12-2022,793388,9717,0,793388,1.22,0,1.0
07-13-2022,793388,9717,0,793388,1.22,0,1.0
07-14-2022,793388,9717,0,793388,1.22,0,1.0
07-15-2022,793388,9717,0,793388,1.22,0,1.0
07-16-2022,793388,9717,0,793388,1.22,0,1.0
07-17-2022,793388,9717,0,793388,1.22,0,1.0
07-18-2022,794656,9723,0,794656,1.22,0,1.00159820919903
07-19-2022,794913,9727,0,794913,1.22,0,1.0003234103813474
07-20-2022,795190,9727,0,795190,1.22,0,1.00034846580695
07-21-2022,795495,9729,0,795495,1.22,0,1.000383556131239
07-22-2022,795832,9733,0,795832,1.22,0,1.000423635597961
07-23-2022,796141,9735,0,796141,1.22,0,1.0003882729018185
07-24-2022,796474,9735,0,796474,1.22,0,1.0004182676184243
07-25-2022,796576,9735,0,796576,1.22,0,1.0001280644440371
07-26-2022,796882,9739,0,796882,1.22,0,1.000384144136906
07-27-2022,797281,9741,0,797281,1.22,0,1.000500701484034
07-28-2022,797638,9744,0,797638,1.22,0,1.000447771864625
07-29-2022,798011,9746,0,798011,1.22,0,1.0004676306795814
07-30-2022,798404,9747,0,798404,1.22,0,1.0004924744145132
07-31-2022,798838,9748,0,798838,1.22,0,1.0005435844509798
08-01-2022,798940,9748,0,798940,1.22,0,1.0001276854631351
08-02-2022,799471,9752,0,799471,1.22,0,1.0006646306355922
08-03-2022,799983,9752,0,799983,1.22,0,1.0006404234800261
08-04-2022,800478,9755,0,800478,1.22,0,1.000618763148717
08-05-2022,801018,9755,0,801018,1.22,0,1.0006745969283353
08-06-2022,801470,9760,0,801470,1.22,0,1.000564281951217
08-07-2022,801939,9760,0,801939,1.22,0,1.0005851747414127
08-08-2022,802060,9761,0,802060,1.22,0,1.000150884294192
08-09-2022,802060,9761,0,802060,1.22,0,1.0
08-10-2022,803157,9768,0,803157,1.22,0,1.001367728100142
08-11-2022,803645,9768,0,803645,1.22,0,1.0006076022496224
08-12-2022,804165,9768,0,804165,1.21,0,1.0006470518699178
08-13-2022,804585,9773,0,804585,1.21,0,1.0005222808751935
08-14-2022,805103,9773,0,805103,1.21,0,1.0006438101630033
08-15-2022,805213,9777,0,805213,1.21,0,1.0001366284810764
08-16-2022,805762,9777,0,805762,1.21,0,1.0006818071740025
08-17-2022,806472,9777,0,806472,1.21,0,1.0008811534919742
08-18-2022,807017,9784,0,807017,1.21,0,1.0006757829162078
08-19-2022,807516,9784,0,807516,1.21,0,1.0006183265036548
08-20-2022,807984,9784,0,807984,1.21,0,1.0005795550800232
08-21-2022,808569,9785,0,808569,1.21,0,1.0007240242381037
08-22-2022,808713,9793,0,808713,1.21,0,1.000178092407698
08-23-2022,808713,9793,0,808713,1.21,0,1.0
08-24-2022,809988,9795,0,809988,1.21,0,1.0015765790830615
08-25-2022,810589,9795,0,810589,1.21,0,1.0007419863010316
08-26-2022,811131,9796,0,811131,1.21,0,1.0006686495869053
08-27-2022,811559,9805,0,811559,1.21,0,1.0005276582944063
08-28-2022,812116,9805,0,812116,1.21,0,1.0006863333411373
08-29-2022,812248,9805,0,812248,1.21,0,1.0001625383565895
08-30-2022,812816,9805,0,812816,1.21,0,1.0006992938117423
08-31-2022,813437,9805,0,813437,1.21,0,1.0007640105509734
09-01-2022,813998,9805,0,813998,1.2,0,1.000689666194186
09-02-2022,814435,9813,0,814435,1.2,0,1.0005368563559125
09-03-2022,815047,9822,0,815047,1.21,0,1.0007514411831515
09-04-2022,815523,9825,0,815523,1.2,0,1.000584015400339
09-05-2022,815523,9825,0,815523,1.2,0,1.0
09-06-2022,816087,9831,0,816087,1.2,0,1.0006915807402121
09-07-2022,816589,9838,0,816589,1.2,0,1.0006151304946653
09-08-2022,816985,9843,0,816985,1.2,0,1.0004849440783552
09-09-2022,817322,9849,0,817322,1.21,0,1.0004124922734199
09-10-2022,817596,9852,0,817596,1.2,0,1.0003352411901307
09-11-2022,817862,9854,0,817862,1.2,0,1.0003253440574562
09-12-2022,817938,9857,0,817938,1.21,0,1.0000929252123218
09-13-2022,818263,9864,0,818263,1.21,0,1.00039734062973
09-14-2022,818634,9873,0,818634,1.21,0,1.0004533994571427
09-15-2022,818890,9876,0,818890,1.21,0,1.0003127160611458
09-16-2022,819124,9881,0,819124,1.21,0,1.0002857526651932
09-17-2022,819338,9884,0,819338,1.21,0,1.0002612547062473
09-18-2022,819518,9886,0,819518,1.21,0,1.00021968955425
09-19-2022,819588,9886,0,819588,1.21,0,1.0000854160616361
09-20-2022,819847,9893,0,819847,1.21,0,1.0003160124355164
09-21-2022,820098,9897,0,820098,1.21,0,1.0003061546849594
09-22-2022,820299,9900,0,820299,1.21,0,1.0002450926596578
09-23-2022,820513,9902,0,820513,1.21,0,1.0002608804838236
09-24-2022,820662,9903,0,820662,1.21,0,1.0001815937102765
09-25-2022,820823,9903,0,820823,1.21,0,1.0001961830814634
09-26-2022,820858,9903,0,820858,1.21,0,1.000042640130698
09-27-2022,820998,9907,0,820998,1.21,0,1.0001705532503795
09-28-2022,821162,9910,0,821162,1.21,0,1.000199756881259
09-29-2022,821311,9913,0,821311,1.21,0,1.0001814501888786
09-30-2022,821440,9917,0,821440,1.21,0,1.0001570659591799
10-01-2022,821532,9919,0,821532,1.21,0,1.0001119984417608
10-02-2022,821635,9919,0,821635,1.21,0,1.0001253755179347
10-03-2022,821661,9919,0,821661,1.21,0,1.0000316442215826
10-04-2022,821757,9921,0,821757,1.21,0,1.0001168365055662
10-05-2022,821865,9925,0,821865,1.21,0,1.0001314257134408
10-06-2022,821937,9927,0,821937,1.21,0,1.0000876056286616
10-07-2022,822027,9927,0,822027,1.21,0,1.0001094974432347
10-08-2022,822104,9927,0,822104,1.21,0,1.0000936708891557
10-09-2022,822171,9927,0,822171,1.21,0,1.0000814982046067
10-10-2022,822186,9928,0,822186,1.21,0,1.000018244379819
10-11-2022,822278,9931,0,822278,1.21,0,1.0001118968214004
10-12-2022,822346,9931,0,822346,1.21,0,1.0000826970927108
10-13-2022,822427,9931,0,822427,1.21,0,1.0000984986854682
10-14-2022,822485,9931,0,822485,1.21,0,1.0000705229765074
10-15-2022,822538,9931,0,822538,1.21,0,1.0000644388651465
10-16-2022,822599,9932,0,822599,1.21,0,1.0000741607074688
10-17-2022,822617,9932,0,822617,1.21,0,1.0000218818646753
10-18-2022,822686,9935,0,822686,1.21,0,1.000083878645834
10-19-2022,822751,9935,0,822751,1.21,0,1.0000790094884318
10-20-2022,822805,9935,0,822805,1.21,0,1.0000656334662614
10-21-2022,822852,9935,0,822852,1.21,0,1.000057121675245
10-22-2022,822908,9937,0,822908,1.21,0,1.0000680559809054
10-23-2022,822954,9937,0,822954,1.21,0,1.000055899322889
10-24-2022,822959,9937,0,822959,1.21,0,1.0000060756737315
10-25-2022,823023,9940,0,823023,1.21,0,1.0000777681512687
10-26-2022,823064,9941,0,823064,1.21,0,1.0000498163477813
10-27-2022,823100,9942,0,823100,1.21,0,1.0000437390045003
10-28-2022,823149,9943,0,823149,1.21,0,1.0000595310411857
10-29-2022,823202,9944,0,823202,1.21,0,1.000064386884999
10-30-2022,823247,9944,0,823247,1.21,0,1.0000546645902222
10-31-2022,823258,9944,0,823258,1.21,0,1.0000133617249745
11-01-2022,823318,9948,0,823318,1.21,0,1.000072881162406
11-02-2022,823369,9951,0,823369,1.21,0,1.0000619444734598
11-03-2022,823418,9951,0,823418,1.21,0,1.000059511592008
11-04-2022,823469,9953,0,823469,1.21,0,1.0000619369506132
11-05-2022,823496,9955,0,823496,1.21,0,1.0000327881195286
11-06-2022,823533,9957,0,823533,1.21,0,1.0000449303943189
11-07-2022,823539,9957,0,823539,1.21,0,1.000007285682541
11-08-2022,823577,9957,0,823577,1.21,0,1.0000461423199145
11-09-2022,823584,9957,0,823584,1.21,0,1.0000084995088498
11-10-2022,823592,9957,0,823592,1.21,0,1.0000097136418387
11-11-2022,823636,9959,0,823636,1.21,0,1.0000534245111656
11-12-2022,823688,9961,0,823688,1.21,0,1.0000631346857107
11-13-2022,823721,9963,0,823721,1.21,0,1.000040063713445
11-14-2022,823725,9964,0,823725,1.21,0,1.0000048560131403
11-15-2022,823761,9965,0,823761,1.21,0,1.0000437039060366
11-16-2022,823805,9967,0,823805,1.21,0,1.000053413550775
11-17-2022,823849,9968,0,823849,1.21,0,1.00005341069792
11-18-2022,823889,9969,0,823889,1.21,0,1.0000485525866998
11-19-2022,823923,9972,0,823923,1.21,0,1.0000412676950414
11-20-2022,823954,9972,0,823954,1.21,0,1.0000376248751401
11-21-2022,823975,9973,0,823975,1.21,0,1.0000254868597034
11-22-2022,824033,9975,0,824033,1.21,0,1.0000703904851482
11-23-2022,824082,9975,0,824082,1.21,0,1.0000594636379854
11-24-2022,824127,9975,0,824127,1.21,0,1.0000546062163718
11-25-2022,824168,9975,0,824168,1.21,0,1.0000497496138339
11-26-2022,824193,9976,0,824193,1.21,0,1.0000303336213006
11-27-2022,824232,9976,0,824232,1.21,0,1.0000473190138717
11-28-2022,824245,9976,0,824245,1.21,0,1.0000157722582963
11-29-2022,824288,9978,0,824288,1.21,0,1.0000521689546191
11-30-2022,824337,9980,0,824337,1.21,0,1.0000594452424396
12-01-2022,824385,9981,0,824385,1.21,0,1.0000582286128126
12-02-2022,824431,9983,0,824431,1.21,0,1.0000557991715036
12-03-2022,824452,9983,0,824452,1.21,0,1.000025472113494
12-04-2022,824499,9983,0,824499,1.21,0,1.000057007563812
12-05-2022,824512,9983,0,824512,1.21,0,1.0000157671507182
12-06-2022,824574,9984,0,824574,1.21,0,1.0000751959947218
12-07-2022,824641,9984,0,824641,1.21,0,1.0000812540778632
12-08-2022,824691,9984,0,824691,1.21,0,1.0000606324449064
12-09-2022,824749,9984,0,824749,1.21,0,1.0000703293718496
12-10-2022,824802,9986,0,824802,1.21,0,1.0000642619754616
12-11-2022,824870,9986,0,824870,1.21,0,1.0000824440289913
12-12-2022,824879,9987,0,824879,1.21,0,1.0000109108101882
12-13-2022,824943,9989,0,824943,1.21,0,1.0000775871370224
12-14-2022,825035,9989,0,825035,1.21,0,1.0001115228567308
12-15-2022,825150,9989,0,825150,1.21,0,1.0001393880259626
12-16-2022,825231,9989,0,825231,1.21,0,1.0000981639701871
12-17-2022,825337,9993,0,825337,1.21,0,1.0001284488827977
12-18-2022,825409,9993,0,825409,1.21,0,1.0000872370922422
12-19-2022,825420,9993,0,825420,1.21,0,1.0000133267265077
12-20-2022,825527,9997,0,825527,1.21,0,1.0001296309757457
12-21-2022,825656,9999,0,825656,1.21,0,1.0001562638169315
12-22-2022,825737,10002,0,825737,1.21,0,1.0000981038107881
12-23-2022,825821,10002,0,825821,1.21,0,1.0001017273054253
12-24-2022,825893,10006,0,825893,1.21,0,1.0000871859640286
12-25-2022,825965,10006,0,825965,1.21,0,1.000087178363299
12-26-2022,825980,10006,0,825980,1.21,0,1.0000181605758114
12-27-2022,826075,10008,0,826075,1.21,0,1.0001150148914018
12-28-2022,826165,10008,0,826165,1.21,0,1.0001089489453137
12-29-2022,826249,10008,0,826249,1.21,0,1.0001016746049518
12-30-2022,826311,10008,0,826311,1.21,0,1.0000750379123
12-31-2022,826401,10008,0,826401,1.21,0,1.0001089178287594
01-01-2023,826427,10008,0,826427,1.21,0,1.0000314617237878
01-02-2023,826446,10008,0,826446,1.21,0,1.0000229905363691
01-03-2023,826462,10008,0,826462,1.21,0,1.0000193600065823
01-04-2023,826496,10008,0,826496,1.21,0,1.0000411392175321
01-05-2023,826562,10009,0,826562,1.21,0,1.0000798551959114
01-06-2023,826683,10013,0,826683,1.21,0,1.0001463895025418
01-07-2023,826803,10017,0,826803,1.21,0,1.0001451584222731
01-08-2023,826908,10020,0,826908,1.21,0,1.0001269951850682
01-09-2023,826924,10023,0,826924,1.21,0,1.0000193491899945
01-10-2023,826993,10027,0,826993,1.21,0,1.0000834417673208
01-11-2023,827055,10033,0,827055,1.21,0,1.0000749704048282
01-12-2023,827135,10037,0,827135,1.21,0,1.000096728754436
01-13-2023,827228,10042,0,827228,1.21,0,1.0001124363012084
01-14-2023,827300,10045,0,827300,1.21,0,1.0000870376728062
01-15-2023,827377,10049,0,827377,1.21,0,1.000093073854708
01-16-2023,827379,10050,0,827379,1.21,0,1.0000024172777344
01-17-2023,827450,10054,0,827450,1.22,0,1.0000858131521346
01-18-2023,827525,10060,0,827525,1.22,0,1.0000906399178198
01-19-2023,827571,10064,0,827571,1.22,0,1.000055587444488
01-20-2023,827614,10067,0,827614,1.22,0,1.0000519592880852
01-21-2023,827638,10068,0,827638,1.22,0,1.000028999026116
01-22-2023,827667,10068,0,827667,1.22,0,1.0000350394737796
01-23-2023,827679,10068,0,827679,1.22,0,1.0000144985845756
01-24-2023,827738,10075,0,827738,1.22,0,1.0000712836739847
01-25-2023,827780,10077,0,827780,1.22,0,1.0000507406933112
01-26-2023,827823,10077,0,827823,1.22,0,1.000051946169272
01-27-2023,827847,10080,0,827847,1.22,0,1.0000289917047485
01-28-2023,827880,10081,0,827880,1.22,0,1.000039862438349
01-29-2023,827903,10081,0,827903,1.22,0,1.000027781804126
01-30-2023,827909,10081,0,827909,1.22,0,1.0000072472258223
01-31-2023,827944,10085,0,827944,1.22,0,1.000042275177586
02-01-2023,827983,10087,0,827983,1.22,0,1.000047104635096
02-02-2023,828018,10092,0,828018,1.22,0,1.000042271399292
02-03-2023,828042,10094,0,828042,1.22,0,1.0000289848771404
02-04-2023,828064,10095,0,828064,1.22,0,1.0000265687006216
02-05-2023,828082,10096,0,828082,1.22,0,1.0000217374502454
02-06-2023,828085,10096,0,828085,1.22,0,1.0000036228296232
02-07-2023,828106,10096,0,828106,1.22,0,1.0000253597154882
02-08-2023,828137,10097,0,828137,1.22,0,1.000037434821146
02-09-2023,828174,10097,0,828174,1.22,0,1.000044678597865
02-10-2023,828195,10098,0,828195,1.22,0,1.0000253569901978
02-11-2023,828210,10098,0,828210,1.22,0,1.0000181116765978
02-12-2023,828229,10098,0,828229,1.22,0,1.0000229410415233
02-13-2023,828235,10099,0,828235,1.22,0,1.0000072443732348
02-14-2023,828251,10099,0,828251,1.22,0,1.0000193181886783
02-15-2023,828275,10099,0,828275,1.22,0,1.0000289767232398
02-16-2023,828292,10101,0,828292,1.22,0,1.0000205245842262
02-17-2023,828320,10102,0,828320,1.22,0,1.0000338045037258
02-18-2023,828338,10103,0,828338,1.22,0,1.0000217307320842
02-19-2023,828352,10103,0,828352,1.22,0,1.000016901313232
02-20-2023,828358,10103,0,828358,1.22,0,1.0000072432975353
02-21-2023,828395,10105,0,828395,1.22,0,1.000044666677934
02-22-2023,828426,10108,0,828426,1.22,0,1.000037421761358
02-23-2023,828449,10111,0,828449,1.22,0,1.0000277634936614
02-24-2023,828477,10114,0,828477,1.22,0,1.0000337980974086
02-25-2023,828492,10116,0,828492,1.22,0,1.00001810551168
02-26-2023,828512,10117,0,828512,1.22,0,1.0000241402451684
02-27-2023,828512,10117,0,828512,1.22,0,1.0
02-28-2023,828548,10119,0,828548,1.22,0,1.0000434513923757
03-01-2023,828588,10119,0,828588,1.22,0,1.0000482772271493
03-02-2023,828628,10122,0,828628,1.22,0,1.000048274896571
03-03-2023,828648,10126,0,828648,1.22,0,1.000024136283109
03-04-2023,828682,10127,0,828682,1.22,0,1.0000410306909568
03-05-2023,828721,10129,0,828721,1.22,0,1.000047062685083
03-06-2023,828730,10129,0,828730,1.22,0,1.0000108601085287
03-07-2023,828783,10135,0,828783,1.22,0,1.0000639532779072
03-08-2023,828819,10138,0,828819,1.22,0,1.0000434371844018
03-09-2023,828825,10138,0,828825,1.22,0,1.0000072392162824
