date,total_confirmed,total_deaths,total_recovered,total_infected,mortality_rate,recovery_rate,daily_growth_rate
03-20-2020,2,0,0,2,0.0,0.0,1
03-21-2020,2,0,0,2,0.0,0.0,1.0
03-22-2020,2,0,0,2,0.0,0.0,1.0
03-23-2020,2,0,0,2,0.0,0.0,1.0
03-24-2020,7,0,0,7,0.0,0.0,3.5
03-25-2020,7,0,0,7,0.0,0.0,1.0
03-26-2020,8,0,0,8,0.0,0.0,1.1428571428571428
03-27-2020,8,0,0,8,0.0,0.0,1.0
03-28-2020,8,0,0,8,0.0,0.0,1.0
03-29-2020,8,0,1,7,0.0,12.5,1.0
03-30-2020,15,0,1,14,0.0,6.67,1.875
03-31-2020,15,0,1,14,0.0,6.67,1.0
04-01-2020,15,0,1,14,0.0,6.67,1.0
04-02-2020,16,0,1,15,0.0,6.25,1.0666666666666667
04-03-2020,16,0,1,15,0.0,6.25,1.0
04-04-2020,18,0,1,17,0.0,5.56,1.125
04-05-2020,18,0,1,17,0.0,5.56,1.0
04-06-2020,21,0,0,21,0.0,0.0,1.1666666666666667
04-07-2020,24,1,0,24,4.17,0.0,1.1428571428571428
04-08-2020,25,1,0,25,4.0,0.0,1.0416666666666667
04-09-2020,27,1,0,27,3.7,0.0,1.08
04-10-2020,30,2,0,30,6.67,0.0,1.1111111111111112
04-11-2020,30,2,0,30,6.67,0.0,1.0
04-12-2020,31,2,0,31,6.45,0.0,1.0333333333333334
04-13-2020,31,2,0,31,6.45,0.0,1.0
04-14-2020,40,3,0,40,7.5,0.0,1.2903225806451613
04-15-2020,40,3,0,40,7.5,0.0,1.0
04-16-2020,41,3,0,41,7.32,0.0,1.025
04-17-2020,41,3,0,41,7.32,0.0,1.0
04-18-2020,43,3,0,43,6.98,0.0,1.048780487804878
04-19-2020,44,3,0,44,6.82,0.0,1.0232558139534884
04-20-2020,44,3,0,44,6.82,0.0,1.0
04-21-2020,47,3,0,47,6.38,0.0,1.0681818181818181
04-22-2020,57,3,2,55,5.26,3.51,1.2127659574468086
04-23-2020,58,4,2,56,6.9,3.45,1.0175438596491229
04-24-2020,62,4,6,56,6.45,9.68,1.0689655172413792
04-25-2020,72,5,6,66,6.94,8.33,1.1612903225806452
04-26-2020,72,6,7,65,8.33,9.72,1.0
04-27-2020,72,6,8,64,8.33,11.11,1.0
04-28-2020,74,6,8,66,8.11,10.81,1.0277777777777777
04-29-2020,76,6,8,68,7.89,10.53,1.027027027027027
04-30-2020,76,6,8,68,7.89,10.53,1.0
05-01-2020,76,7,10,66,9.21,13.16,1.0
05-02-2020,81,8,10,71,9.88,12.35,1.0657894736842106
05-03-2020,85,8,10,75,9.41,11.76,1.0493827160493827
05-04-2020,85,8,10,75,9.41,11.76,1.0
05-05-2020,88,9,10,78,10.23,11.36,1.035294117647059
05-06-2020,100,11,10,90,11.0,10.0,1.1363636363636362
05-07-2020,101,12,16,85,11.88,15.84,1.01
05-08-2020,108,12,17,91,11.11,15.74,1.0693069306930694
05-09-2020,129,12,17,112,9.3,13.18,1.1944444444444444
05-10-2020,146,12,17,129,8.22,11.64,1.1317829457364341
05-11-2020,151,12,17,134,7.95,11.26,1.0342465753424657
05-12-2020,182,15,17,165,8.24,9.34,1.205298013245033
05-13-2020,209,16,17,192,7.66,8.13,1.1483516483516483
05-14-2020,219,18,18,201,8.22,8.22,1.0478468899521531
05-15-2020,234,18,29,205,7.69,12.39,1.0684931506849316
05-16-2020,273,20,29,244,7.33,10.62,1.1666666666666667
05-17-2020,310,20,21,289,6.45,6.77,1.1355311355311355
05-18-2020,358,20,21,337,5.59,5.87,1.1548387096774193
05-19-2020,456,20,21,435,4.39,4.61,1.2737430167597765
05-20-2020,533,21,21,512,3.94,3.94,1.168859649122807
05-21-2020,596,22,21,575,3.69,3.52,1.1181988742964353
05-22-2020,663,22,22,641,3.32,3.32,1.1124161073825503
05-23-2020,734,25,22,712,3.41,3.0,1.1070889894419307
05-24-2020,812,25,22,790,3.08,2.71,1.106267029972752
05-25-2020,865,26,22,843,3.01,2.54,1.0652709359605912
05-26-2020,958,27,22,936,2.82,2.3,1.107514450867052
05-27-2020,1063,31,22,1041,2.92,2.07,1.1096033402922756
05-28-2020,1174,33,22,1152,2.81,1.87,1.1044214487300095
05-29-2020,1320,34,22,1298,2.58,1.67,1.1243611584327087
05-30-2020,1443,35,24,1419,2.43,1.66,1.0931818181818183
05-31-2020,1584,35,24,1560,2.21,1.52,1.0977130977130978
06-01-2020,1865,41,24,1841,2.2,1.29,1.1773989898989898
06-02-2020,2124,44,24,2100,2.07,1.13,1.1388739946380697
06-03-2020,2226,45,24,2202,2.02,1.08,1.0480225988700564
06-04-2020,2507,48,24,2483,1.91,0.96,1.1262353998203054
06-05-2020,2604,50,24,2580,1.92,0.92,1.0386916633426406
06-06-2020,2640,50,24,2616,1.89,0.91,1.0138248847926268
06-07-2020,2924,50,24,2900,1.71,0.82,1.1075757575757577
06-08-2020,3072,50,24,3048,1.63,0.78,1.0506155950752394
06-09-2020,3334,51,24,3310,1.53,0.72,1.0852864583333333
06-10-2020,3538,54,24,3514,1.53,0.68,1.0611877624475106
06-11-2020,3662,56,24,3638,1.53,0.66,1.035048049745619
06-12-2020,3796,58,24,3772,1.53,0.63,1.0365920262151829
06-13-2020,3941,64,24,3917,1.62,0.61,1.0381981032665963
06-14-2020,3941,64,24,3917,1.62,0.61,1.0
06-15-2020,4165,70,24,4141,1.68,0.58,1.0568383658969804
06-16-2020,4309,73,24,4285,1.69,0.56,1.0345738295318128
06-17-2020,4441,76,24,4417,1.71,0.54,1.030633557669993
06-18-2020,4547,80,24,4523,1.76,0.53,1.0238684980860167
06-19-2020,4688,82,24,4664,1.75,0.51,1.0310094567846932
06-20-2020,4916,84,24,4892,1.71,0.49,1.0486348122866893
06-21-2020,4980,87,24,4956,1.75,0.48,1.013018714401953
06-22-2020,5077,88,24,5053,1.73,0.47,1.0194779116465864
06-23-2020,5211,88,436,4775,1.69,8.37,1.026393539491826
06-24-2020,5216,88,512,4704,1.69,9.82,1.0009595087315295
06-25-2020,5324,89,512,4812,1.67,9.62,1.0207055214723926
06-26-2020,5429,92,641,4788,1.69,11.81,1.0197220135236664
06-27-2020,5543,96,706,4837,1.73,12.74,1.0209983422361393
06-28-2020,5722,98,706,5016,1.71,12.34,1.0322929821396356
06-29-2020,5722,98,839,4883,1.71,14.66,1.0
06-30-2020,5847,104,931,4916,1.78,15.92,1.0218455085634393
07-01-2020,5933,105,1032,4901,1.77,17.39,1.0147083974687874
07-02-2020,5975,105,1141,4834,1.76,19.1,1.007079049384797
07-03-2020,6040,107,1286,4754,1.77,21.29,1.0108786610878662
07-04-2020,6101,110,1408,4693,1.8,23.08,1.0100993377483443
07-05-2020,6230,110,1549,4681,1.77,24.86,1.0211440747418457
07-06-2020,6294,113,1824,4470,1.8,28.98,1.0102728731942214
07-07-2020,6333,113,2080,4253,1.78,32.84,1.0061963775023832
07-08-2020,6371,113,2181,4190,1.77,34.23,1.006000315806095
07-09-2020,6432,117,2181,4251,1.82,33.91,1.009574635065139
07-10-2020,6486,123,2590,3896,1.9,39.93,1.0083955223880596
07-11-2020,6582,130,2590,3992,1.98,39.35,1.0148011100832564
07-12-2020,6617,135,2924,3693,2.04,44.19,1.0053175326648436
07-13-2020,6690,139,3022,3668,2.08,45.17,1.0110321898141152
07-14-2020,6727,139,3022,3705,2.07,44.92,1.0055306427503736
07-15-2020,6727,141,3283,3444,2.1,48.8,1.0
07-16-2020,6831,143,3606,3225,2.09,52.79,1.0154600862197116
07-17-2020,6902,145,3738,3164,2.1,54.16,1.0103937930024887
07-18-2020,6948,145,3877,3071,2.09,55.8,1.006664734859461
07-19-2020,6975,146,3877,3098,2.09,55.58,1.0038860103626943
07-20-2020,7053,146,3877,3176,2.07,54.97,1.0111827956989248
07-21-2020,7063,146,4095,2968,2.07,57.98,1.0014178363816815
07-22-2020,7100,151,4095,3005,2.13,57.68,1.0052385671810846
07-23-2020,7146,154,4236,2910,2.16,59.28,1.0064788732394365
07-24-2020,7167,154,4236,2931,2.15,59.1,1.0029387069689337
07-25-2020,7197,154,4365,2832,2.14,60.65,1.0041858518208455
07-26-2020,7260,156,4365,2895,2.15,60.12,1.0087536473530638
07-27-2020,7297,157,4365,2932,2.15,59.82,1.0050964187327824
07-28-2020,7315,157,4365,2950,2.15,59.67,1.0024667671645882
07-29-2020,7340,158,4467,2873,2.15,60.86,1.0034176349965824
07-30-2020,7371,158,4467,2904,2.14,60.6,1.0042234332425068
07-31-2020,7378,159,4606,2772,2.16,62.43,1.0009496676163343
08-01-2020,7412,161,4606,2806,2.17,62.14,1.0046082949308757
08-02-2020,7424,161,4606,2818,2.17,62.04,1.001618996222342
08-03-2020,7468,165,4832,2636,2.21,64.7,1.005926724137931
08-04-2020,7476,165,4832,2644,2.21,64.63,1.0010712372790573
08-05-2020,7511,166,4832,2679,2.21,64.33,1.0046816479400749
08-06-2020,7532,171,4832,2700,2.27,64.15,1.0027958993476236
08-07-2020,7544,171,4893,2651,2.27,64.86,1.0015932023366967
08-08-2020,7582,171,4893,2689,2.26,64.53,1.0050371155885471
08-09-2020,7599,177,4982,2617,2.33,65.56,1.0022421524663676
08-10-2020,7611,182,4982,2629,2.39,65.46,1.0015791551519937
08-11-2020,7634,183,4982,2652,2.4,65.26,1.0030219419261595
08-12-2020,7649,183,5123,2526,2.39,66.98,1.0019648938957297
08-13-2020,7743,187,5123,2620,2.42,66.16,1.0122891881291671
08-14-2020,7781,192,5123,2658,2.47,65.84,1.0049076585302854
08-15-2020,7810,192,5235,2575,2.46,67.03,1.0037270273743735
08-16-2020,7831,196,5235,2596,2.5,66.85,1.0026888604353392
08-17-2020,7879,196,5235,2644,2.49,66.44,1.0061294853786233
08-18-2020,7897,196,5235,2662,2.48,66.29,1.0022845538773957
08-19-2020,7921,196,5337,2584,2.47,67.38,1.0030391287830822
08-20-2020,7949,196,5447,2502,2.47,68.52,1.0035349072086859
08-21-2020,7997,196,5447,2550,2.45,68.11,1.0060384954082275
08-22-2020,8016,196,5447,2569,2.45,67.95,1.0023758909591096
08-23-2020,8050,196,5624,2426,2.43,69.86,1.004241516966068
08-24-2020,8082,196,5624,2458,2.43,69.59,1.003975155279503
08-25-2020,8110,196,5624,2486,2.42,69.35,1.0034644889878743
08-26-2020,8112,196,5677,2435,2.42,69.98,1.0002466091245377
08-27-2020,8122,197,5743,2379,2.43,70.71,1.001232741617357
08-28-2020,8151,200,5743,2408,2.45,70.46,1.003570549125831
08-29-2020,8161,201,5743,2418,2.46,70.37,1.0012268433321065
08-30-2020,8174,201,5828,2346,2.46,71.3,1.0015929420414165
08-31-2020,8209,201,5828,2381,2.45,71.0,1.0042818693418154
09-01-2020,8224,201,5828,2396,2.44,70.87,1.001827262760385
09-02-2020,8224,201,5870,2354,2.44,71.38,1.0
09-03-2020,8258,206,5870,2388,2.49,71.08,1.0041342412451362
09-04-2020,8258,206,5870,2388,2.49,71.08,1.0
09-05-2020,8326,212,5933,2393,2.55,71.26,1.0082344393315572
09-06-2020,8326,212,5933,2393,2.55,71.26,1.0
09-07-2020,8360,214,5991,2369,2.56,71.66,1.004083593562335
09-08-2020,8360,214,5991,2369,2.56,71.66,1.0
09-09-2020,8362,214,5991,2371,2.56,71.65,1.0002392344497608
09-10-2020,8376,214,5991,2385,2.55,71.53,1.0016742406122938
09-11-2020,8429,215,6120,2309,2.55,72.61,1.0063276026743075
09-12-2020,8457,216,6120,2337,2.55,72.37,1.0033218649899158
09-13-2020,8457,216,6120,2337,2.55,72.37,1.0
09-14-2020,8478,219,6120,2358,2.58,72.19,1.0024831500532103
09-15-2020,8493,219,6181,2312,2.58,72.78,1.0017692852087756
09-16-2020,8499,219,6258,2241,2.58,73.63,1.0007064641469445
09-17-2020,8530,220,6315,2215,2.58,74.03,1.0036474879397577
09-18-2020,8556,220,6363,2193,2.57,74.37,1.0030480656506449
09-19-2020,8556,220,6363,2193,2.57,74.37,1.0
09-20-2020,8600,221,6363,2237,2.57,73.99,1.005142589995325
09-21-2020,8600,221,6482,2118,2.57,75.37,1.0
09-22-2020,8624,221,6482,2142,2.56,75.16,1.0027906976744185
09-23-2020,8624,221,6551,2073,2.56,75.96,1.0
09-24-2020,8646,225,6551,2095,2.6,75.77,1.0025510204081634
09-25-2020,8646,225,6551,2095,2.6,75.77,1.0
09-26-2020,8684,227,6551,2133,2.61,75.44,1.0043950959981494
09-27-2020,8684,227,6688,1996,2.61,77.02,1.0
09-28-2020,8723,227,6757,1966,2.6,77.46,1.0044910179640718
09-29-2020,8740,227,6757,1983,2.6,77.31,1.0019488708013298
09-30-2020,8740,227,6829,1911,2.6,78.14,1.0
10-01-2020,8766,229,6907,1859,2.61,78.79,1.002974828375286
10-02-2020,8766,229,6949,1817,2.61,79.27,1.0
10-03-2020,8792,229,6949,1843,2.6,79.04,1.0029660050193931
10-04-2020,8792,229,6992,1800,2.6,79.53,1.0
10-05-2020,8819,229,6992,1827,2.6,79.28,1.0030709736123748
10-06-2020,8819,229,7013,1806,2.6,79.52,1.0
10-07-2020,8819,229,7013,1806,2.6,79.52,1.0
10-08-2020,8838,229,7013,1825,2.59,79.35,1.0021544392788297
10-09-2020,8854,230,7013,1841,2.6,79.21,1.0018103643358225
10-10-2020,8854,230,7104,1750,2.6,80.23,1.0
10-11-2020,8860,230,7104,1756,2.6,80.18,1.000677659814773
10-12-2020,8882,230,7104,1778,2.59,79.98,1.0024830699774265
10-13-2020,8882,230,7140,1742,2.59,80.39,1.0
10-14-2020,8887,230,7182,1705,2.59,80.81,1.0005629362756137
10-15-2020,8908,231,7182,1726,2.59,80.62,1.0023630021379544
10-16-2020,8908,231,7182,1726,2.59,80.62,1.0
10-17-2020,8925,231,7213,1712,2.59,80.82,1.001908396946565
10-18-2020,8925,231,7213,1712,2.59,80.82,1.0
10-19-2020,8925,231,7303,1622,2.59,81.83,1.0
10-20-2020,8925,231,7303,1622,2.59,81.83,1.0
10-21-2020,8976,231,7303,1673,2.57,81.36,1.0057142857142858
10-22-2020,8979,231,7311,1668,2.57,81.42,1.0003342245989304
10-23-2020,8979,231,7361,1618,2.57,81.98,1.0
10-24-2020,8999,231,7361,1638,2.57,81.8,1.0022274195344694
10-25-2020,9015,231,7373,1642,2.56,81.79,1.0017779753305922
10-26-2020,9026,232,7373,1653,2.57,81.69,1.001220188574598
10-27-2020,9026,232,7411,1615,2.57,82.11,1.0
10-28-2020,9026,232,7422,1604,2.57,82.23,1.0
10-29-2020,9046,232,7429,1617,2.56,82.12,1.0022158209616663
10-30-2020,9054,232,7429,1625,2.56,82.05,1.000884368781782
10-31-2020,9054,232,7429,1625,2.56,82.05,1.0
11-01-2020,9054,232,7429,1625,2.56,82.05,1.0
11-02-2020,9054,232,7429,1625,2.56,82.05,1.0
11-03-2020,9054,232,7429,1625,2.56,82.05,1.0
11-04-2020,9054,232,7589,1465,2.56,83.82,1.0
11-05-2020,9100,232,7589,1511,2.55,83.4,1.005080627347029
11-06-2020,9109,232,7618,1491,2.55,83.63,1.000989010989011
11-07-2020,9109,232,7618,1491,2.55,83.63,1.0
11-08-2020,9127,232,7618,1509,2.54,83.47,1.0019760676254255
11-09-2020,9127,232,7618,1509,2.54,83.47,1.0
11-10-2020,9127,232,7683,1444,2.54,84.18,1.0
11-11-2020,9137,232,7683,1454,2.54,84.09,1.0010956502684343
11-12-2020,9152,232,7701,1451,2.53,84.15,1.0016416766991354
11-13-2020,9152,232,7701,1451,2.53,84.15,1.0
11-14-2020,9168,232,7701,1467,2.53,84.0,1.0017482517482517
11-15-2020,9168,232,7701,1467,2.53,84.0,1.0
11-16-2020,9179,232,7801,1378,2.53,84.99,1.0011998254799301
11-17-2020,9188,232,7820,1368,2.53,85.11,1.0009804989650288
11-18-2020,9191,232,7820,1371,2.52,85.08,1.0003265128428385
11-19-2020,9191,232,7820,1371,2.52,85.08,1.0
11-20-2020,9208,232,7854,1354,2.52,85.3,1.0018496355130018
11-21-2020,9211,232,7854,1357,2.52,85.27,1.0003258036490008
11-22-2020,9214,232,7854,1360,2.52,85.24,1.0003256975355552
11-23-2020,9214,232,7886,1328,2.52,85.59,1.0
11-24-2020,9224,232,7886,1338,2.52,85.49,1.0010853049706967
11-25-2020,9229,232,7916,1313,2.51,85.77,1.000542064180399
11-26-2020,9248,232,7925,1323,2.51,85.69,1.0020587279228519
11-27-2020,9256,232,7951,1305,2.51,85.9,1.0008650519031141
11-28-2020,9264,232,7951,1313,2.5,85.83,1.0008643042350907
11-29-2020,9264,232,7951,1313,2.5,85.83,1.0
11-30-2020,9272,232,8023,1249,2.5,86.53,1.0008635578583764
12-01-2020,9294,233,8023,1271,2.51,86.32,1.0023727351164797
12-02-2020,9296,233,8091,1205,2.51,87.04,1.0002151925973746
12-03-2020,9303,233,8114,1189,2.5,87.22,1.0007530120481927
12-04-2020,9313,233,8124,1189,2.5,87.23,1.00107492206815
12-05-2020,9347,233,8146,1201,2.49,87.15,1.0036508106947277
12-06-2020,9370,233,8146,1224,2.49,86.94,1.0024606825719482
12-07-2020,9370,233,8148,1222,2.49,86.96,1.0
12-08-2020,9399,233,8148,1251,2.48,86.69,1.003094983991462
12-09-2020,9399,233,8170,1229,2.48,86.92,1.0
12-10-2020,9434,233,8170,1264,2.47,86.6,1.0037238004042983
12-11-2020,9434,233,8214,1220,2.47,87.07,1.0
12-12-2020,9465,233,8241,1224,2.46,87.07,1.0032859868560526
12-13-2020,9491,233,8241,1250,2.45,86.83,1.0027469624933967
12-14-2020,9509,234,8280,1229,2.46,87.08,1.0018965335581076
12-15-2020,9565,234,8280,1285,2.45,86.57,1.0058891576401303
12-16-2020,9597,234,8280,1317,2.44,86.28,1.0033455305802406
12-17-2020,9597,234,8310,1287,2.44,86.59,1.0
12-18-2020,9627,234,8321,1306,2.43,86.43,1.0031259768677712
12-19-2020,9648,234,8336,1312,2.43,86.4,1.0021813649111873
12-20-2020,9674,234,8336,1338,2.42,86.17,1.0026948590381426
12-21-2020,9674,234,8404,1270,2.42,86.87,1.0
12-22-2020,9771,234,8408,1363,2.39,86.05,1.010026876162911
12-23-2020,9805,235,8413,1392,2.4,85.8,1.0034796847814962
12-24-2020,9846,235,8413,1433,2.39,85.45,1.0041815400305967
12-25-2020,9846,235,8413,1433,2.39,85.45,1.0
12-26-2020,9846,235,8413,1433,2.39,85.45,1.0
12-27-2020,9846,235,8563,1283,2.39,86.97,1.0
12-28-2020,9958,236,8582,1376,2.37,86.18,1.0113751777371522
12-29-2020,9958,236,8582,1376,2.37,86.18,1.0
12-30-2020,9999,236,8598,1401,2.36,85.99,1.004117292629042
12-31-2020,9999,236,8624,1375,2.36,86.25,1.0
01-01-2021,10015,236,8624,1391,2.36,86.11,1.0016001600160016
01-02-2021,10015,236,8657,1358,2.36,86.44,1.0
01-03-2021,10077,236,8672,1405,2.34,86.06,1.0061907139291064
01-04-2021,10127,236,8672,1455,2.33,85.63,1.0049617941847773
01-05-2021,10127,236,8672,1455,2.33,85.63,1.0
01-06-2021,10127,236,8672,1455,2.33,85.63,1.0
01-07-2021,10127,236,8725,1402,2.33,86.16,1.0
01-08-2021,10203,236,8745,1458,2.31,85.71,1.0075046904315197
01-09-2021,10241,237,8768,1473,2.31,85.62,1.0037243947858474
01-10-2021,10241,237,8768,1473,2.31,85.62,1.0
01-11-2021,10272,238,8814,1458,2.32,85.81,1.00302704813983
01-12-2021,10272,238,8840,1432,2.32,86.06,1.0
01-13-2021,10386,238,8888,1498,2.29,85.58,1.0110981308411215
01-14-2021,10415,238,8903,1512,2.29,85.48,1.0027922202965531
01-15-2021,10569,238,8903,1666,2.25,84.24,1.014786365818531
01-16-2021,10635,238,8905,1730,2.24,83.73,1.0062446778313936
01-17-2021,10781,240,8920,1861,2.23,82.74,1.0137282557592853
01-18-2021,10781,240,8956,1825,2.23,83.07,1.0
01-19-2021,10852,240,8956,1896,2.21,82.53,1.0065856599573324
01-20-2021,10907,240,8959,1948,2.2,82.14,1.0050681901953558
01-21-2021,10963,240,8979,1984,2.19,81.9,1.0051343174108371
01-22-2021,10963,240,8979,1984,2.19,81.9,1.0
01-23-2021,11035,243,8982,2053,2.2,81.4,1.0065675453799143
01-24-2021,11099,243,8986,2113,2.19,80.96,1.0057997281377435
01-25-2021,11099,243,8982,2117,2.19,80.93,1.0
01-26-2021,11286,243,9010,2276,2.15,79.83,1.0168483647175421
01-27-2021,11286,243,9010,2276,2.15,79.83,1.0
01-28-2021,11286,243,9016,2270,2.15,79.89,1.0
01-29-2021,11402,244,9061,2341,2.14,79.47,1.0102782208045367
01-30-2021,11460,245,9063,2397,2.14,79.08,1.0050868268724784
01-31-2021,11533,245,9098,2435,2.12,78.89,1.006369982547993
02-01-2021,11533,245,9098,2435,2.12,78.89,1.0
02-02-2021,11590,245,9114,2476,2.11,78.64,1.0049423393739703
02-03-2021,11672,245,9114,2558,2.1,78.08,1.0070750647109576
02-04-2021,11692,245,9114,2578,2.1,77.95,1.0017135023989034
02-05-2021,11692,245,9137,2555,2.1,78.15,1.0
02-06-2021,11758,245,9156,2602,2.08,77.87,1.0056448853917208
02-07-2021,11806,246,9156,2650,2.08,77.55,1.004082326926348
02-08-2021,11806,246,9177,2629,2.08,77.73,1.0
02-09-2021,11908,246,9177,2731,2.07,77.07,1.0086396747416568
02-10-2021,11969,246,9258,2711,2.06,77.35,1.0051226066509908
02-11-2021,11991,246,9258,2733,2.05,77.21,1.001838081711087
02-12-2021,12016,246,9258,2758,2.05,77.05,1.0020848970060878
02-13-2021,12016,246,9354,2662,2.05,77.85,1.0
02-14-2021,12143,247,9354,2789,2.03,77.03,1.010569241011984
02-15-2021,12143,247,9354,2789,2.03,77.03,1.0
02-16-2021,12192,247,9363,2829,2.03,76.8,1.004035246644157
02-17-2021,12206,247,9363,2843,2.02,76.71,1.0011482939632546
02-18-2021,12206,247,9363,2843,2.02,76.71,1.0
02-19-2021,12206,247,9440,2766,2.02,77.34,1.0
02-20-2021,12254,247,9529,2725,2.02,77.76,1.0039324922169426
02-21-2021,12274,247,9529,2745,2.01,77.64,1.0016321201240412
02-22-2021,12309,247,9529,2780,2.01,77.41,1.0028515561349194
02-23-2021,12309,247,9536,2773,2.01,77.47,1.0
02-24-2021,12352,247,9570,2782,2.0,77.48,1.0034933788284994
02-25-2021,12352,247,9611,2741,2.0,77.81,1.0
02-26-2021,12352,247,9679,2673,2.0,78.36,1.0
02-27-2021,12430,250,9712,2718,2.01,78.13,1.0063147668393781
02-28-2021,12430,250,9712,2718,2.01,78.13,1.0
03-01-2021,12448,250,9763,2685,2.01,78.43,1.0014481094127112
03-02-2021,12493,250,9828,2665,2.0,78.67,1.0036150385604112
03-03-2021,12531,250,9828,2703,2.0,78.43,1.003041703353878
03-04-2021,12536,250,9828,2708,1.99,78.4,1.0003990104540739
03-05-2021,12536,250,9828,2708,1.99,78.4,1.0
03-06-2021,12536,251,9828,2708,2.0,78.4,1.0
03-07-2021,12536,251,9828,2708,2.0,78.4,1.0
03-08-2021,12536,251,9828,2708,2.0,78.4,1.0
03-09-2021,12536,251,9967,2569,2.0,79.51,1.0
03-10-2021,12594,251,9967,2627,1.99,79.14,1.0046266751754946
03-11-2021,12594,251,9967,2627,1.99,79.14,1.0
03-12-2021,12632,251,10034,2598,1.99,79.43,1.0030173098300779
03-13-2021,12632,250,10034,2598,1.98,79.43,1.0
03-14-2021,12632,250,10034,2598,1.98,79.43,1.0
03-15-2021,12632,250,10177,2455,1.98,80.57,1.0
03-16-2021,12664,250,10204,2460,1.97,80.57,1.0025332488917036
03-17-2021,12669,250,10331,2338,1.97,81.55,1.0003948199620973
03-18-2021,12686,251,10443,2243,1.98,82.32,1.001341858078775
03-19-2021,12688,251,10612,2076,1.98,83.64,1.0001576541068895
03-20-2021,12700,251,10612,2088,1.98,83.56,1.0009457755359394
03-21-2021,12714,251,10612,2102,1.97,83.47,1.0011023622047244
03-22-2021,12714,251,10667,2047,1.97,83.9,1.0
03-23-2021,12722,251,10754,1968,1.97,84.53,1.0006292276230926
03-24-2021,12732,251,10754,1978,1.97,84.46,1.0007860399308286
03-25-2021,12732,251,10754,1978,1.97,84.46,1.0
03-26-2021,12736,251,10754,1982,1.97,84.44,1.0003141690229342
03-27-2021,12736,251,10754,1982,1.97,84.44,1.0
03-28-2021,12736,252,10754,1982,1.98,84.44,1.0
03-29-2021,12736,252,10754,1982,1.98,84.44,1.0
03-30-2021,12758,251,10938,1820,1.97,85.73,1.0017273869346734
03-31-2021,12758,252,11043,1715,1.98,86.56,1.0
04-01-2021,12762,252,11126,1636,1.97,87.18,1.0003135287662643
04-02-2021,12788,252,11126,1662,1.97,87.0,1.0020372982291177
04-03-2021,12788,252,11126,1662,1.97,87.0,1.0
04-04-2021,12788,252,11126,1662,1.97,87.0,1.0
04-05-2021,12788,252,11317,1471,1.97,88.5,1.0
04-06-2021,12803,252,11317,1486,1.97,88.39,1.0011729746637472
04-07-2021,12803,252,11317,1486,1.97,88.39,1.0
04-08-2021,12803,252,11427,1376,1.97,89.25,1.0
04-09-2021,12816,252,11447,1369,1.97,89.32,1.0010153870186675
04-10-2021,12840,252,11447,1393,1.96,89.15,1.0018726591760299
04-11-2021,12840,252,11447,1393,1.96,89.15,1.0
04-12-2021,12840,252,11513,1327,1.96,89.67,1.0
