date,total_confirmed,total_deaths,total_recovered,total_infected,mortality_rate,recovery_rate,daily_growth_rate
03-11-2020,91,0,0,91,0,0,1
03-12-2020,94,0,0,94,0,0,1.032967032967033
03-13-2020,141,0,0,141,0,0,1.5
03-14-2020,189,0,0,189,0,0,1.3404255319148937
03-15-2020,253,0,0,253,0,0,1.3386243386243386
03-16-2020,298,0,3,295,0,1.01,1.1778656126482214
03-17-2020,396,0,3,393,0,0.76,1.3288590604026846
03-18-2020,464,0,3,461,0,0.65,1.1717171717171717
03-19-2020,694,0,3,691,0,0.43,1.4956896551724137
03-20-2020,833,0,4,829,0,0.48,1.2002881844380404
03-21-2020,995,0,6,989,0,0.6,1.1944777911164466
03-22-2020,1120,1,6,1114,0.09,0.54,1.1256281407035176
03-23-2020,1236,1,7,1229,0.08,0.57,1.1035714285714286
03-24-2020,1394,3,10,1384,0.22,0.72,1.127831715210356
03-25-2020,1654,6,10,1644,0.36,0.6,1.1865136298421808
03-26-2020,1925,9,10,1915,0.47,0.52,1.163845223700121
03-27-2020,2279,9,11,2268,0.39,0.48,1.183896103896104
03-28-2020,2631,11,11,2620,0.42,0.42,1.1544537077665642
03-29-2020,2817,16,11,2806,0.57,0.39,1.0706955530216649
03-30-2020,3001,23,25,2976,0.77,0.83,1.0653177138800143
03-31-2020,3308,31,45,3263,0.94,1.36,1.1022992335888038
04-01-2020,3508,39,61,3447,1.11,1.74,1.0604594921402661
04-02-2020,3858,44,67,3791,1.14,1.74,1.0997719498289624
04-03-2020,4091,53,72,4019,1.3,1.76,1.0603939865215137
04-04-2020,4472,59,78,4394,1.32,1.74,1.0931312637496944
04-05-2020,4587,67,96,4491,1.46,2.09,1.0257155635062611
04-06-2020,4822,78,121,4701,1.62,2.51,1.0512317418792239
04-07-2020,5017,88,172,4845,1.75,3.43,1.0404396515968477
04-08-2020,5312,99,233,5079,1.86,4.39,1.0588000797289217
04-09-2020,5569,112,301,5268,2.01,5.4,1.0483810240963856
04-10-2020,5732,119,346,5386,2.08,6.04,1.029269168611959
04-11-2020,5831,129,411,5420,2.21,7.05,1.017271458478716
04-12-2020,5991,138,464,5527,2.3,7.74,1.0274395472474704
04-13-2020,6059,143,519,5540,2.36,8.57,1.0113503588716408
04-14-2020,6111,161,642,5469,2.63,10.51,1.0085822743026902
04-15-2020,6216,166,819,5397,2.67,13.18,1.0171821305841924
04-16-2020,6433,169,972,5461,2.63,15.11,1.03490990990991
04-17-2020,6549,173,1174,5375,2.64,17.93,1.0180320223845796
04-18-2020,6606,181,1227,5379,2.74,18.57,1.0087036188731104
04-19-2020,6746,186,1298,5448,2.76,19.24,1.0211928549803209
04-20-2020,6900,194,1559,5341,2.81,22.59,1.0228283427216127
04-21-2020,7033,201,1753,5280,2.86,24.93,1.0192753623188406
04-22-2020,7132,208,1989,5143,2.92,27.89,1.0140764965164226
04-23-2020,7187,210,2152,5035,2.92,29.94,1.007711721817162
04-24-2020,7273,214,2371,4902,2.94,32.6,1.0119660498121608
04-25-2020,7352,218,2453,4899,2.97,33.37,1.0108620926715248
04-26-2020,7404,220,2545,4859,2.97,34.37,1.0070729053318825
04-27-2020,7445,223,2826,4619,3.0,37.96,1.005537547271745
04-28-2020,7504,227,2948,4556,3.03,39.29,1.0079247817327066
04-29-2020,7579,227,3108,4471,3.0,41.01,1.009994669509595
04-30-2020,7682,236,3314,4368,3.07,43.14,1.0135901834015042
05-01-2020,7737,240,3372,4365,3.1,43.58,1.0071595938557667
05-02-2020,7755,245,3461,4294,3.16,44.63,1.0023264831329972
05-03-2020,7781,248,3587,4194,3.19,46.1,1.0033526756931013
05-04-2020,7819,252,3807,4012,3.22,48.69,1.0048836910422825
05-05-2020,7896,257,4006,3890,3.25,50.73,1.0098478066248882
05-06-2020,7974,262,4205,3769,3.29,52.73,1.0098784194528876
05-07-2020,8031,270,4371,3660,3.36,54.43,1.007148231753198
05-08-2020,8077,273,4413,3664,3.38,54.64,1.0057278047565683
05-09-2020,8095,276,4447,3648,3.41,54.94,1.0022285502042838
05-10-2020,8123,280,4474,3649,3.45,55.08,1.0034589252625077
05-11-2020,8176,282,4711,3465,3.45,57.62,1.006524682998892
05-12-2020,8221,283,4889,3332,3.44,59.47,1.005503913894325
05-13-2020,8269,290,5047,3222,3.51,61.04,1.005838705753558
05-14-2020,8351,293,5241,3110,3.51,62.76,1.0099165558108598
05-15-2020,8406,295,5381,3025,3.51,64.01,1.0065860376002873
05-16-2020,8455,296,5422,3033,3.5,64.13,1.0058291696407329
05-17-2020,8475,298,5462,3013,3.52,64.45,1.0023654642223536
05-18-2020,8586,297,5641,2945,3.46,65.7,1.0130973451327434
05-19-2020,8647,302,5726,2921,3.49,66.22,1.0071045888655952
05-20-2020,8721,304,5830,2891,3.49,66.85,1.0085578813461316
05-21-2020,8754,306,5926,2828,3.5,67.69,1.0037839697282422
05-22-2020,8813,312,6025,2788,3.54,68.36,1.006739776102353
05-23-2020,8890,314,6044,2846,3.53,67.99,1.0087370929308976
05-24-2020,8955,315,6078,2877,3.52,67.87,1.0073115860517434
05-25-2020,9002,317,6182,2820,3.52,68.67,1.0052484645449469
05-26-2020,9050,317,6270,2780,3.5,69.28,1.0053321484114641
05-27-2020,9086,317,6370,2716,3.49,70.11,1.0039779005524863
05-28-2020,9140,319,6460,2680,3.49,70.68,1.0059432093330398
05-29-2020,9196,319,6500,2696,3.47,70.68,1.0061269146608316
05-30-2020,9230,319,6546,2684,3.46,70.92,1.0036972596781208
05-31-2020,9268,320,6558,2710,3.45,70.76,1.0041170097508125
06-01-2020,9302,321,6642,2660,3.45,71.4,1.0036685369011653
06-02-2020,9364,323,6686,2678,3.45,71.4,1.006665233283165
06-03-2020,9438,325,6749,2689,3.44,71.51,1.0079026057240497
06-04-2020,9494,326,6809,2685,3.43,71.72,1.005933460478915
06-05-2020,9529,327,6881,2648,3.43,72.21,1.0036865388666527
06-06-2020,9567,327,6885,2682,3.42,71.97,1.0039878266344842
06-07-2020,9628,327,6891,2737,3.4,71.57,1.0063760844569876
06-08-2020,9697,328,6994,2703,3.38,72.13,1.0071665974241795
06-09-2020,9751,328,7053,2698,3.36,72.33,1.0055687325977107
06-10-2020,9824,330,7111,2713,3.36,72.38,1.0074864116500872
06-11-2020,9855,328,7166,2689,3.33,72.71,1.0031555374592833
06-12-2020,9938,329,7215,2723,3.31,72.6,1.0084221207508879
06-13-2020,9991,328,7219,2772,3.28,72.26,1.0053330650030188
06-14-2020,10024,329,7226,2798,3.28,72.09,1.003302972675408
06-15-2020,10064,330,7296,2768,3.28,72.5,1.0039904229848364
06-16-2020,10111,331,7358,2753,3.27,72.77,1.0046701112877583
06-17-2020,10162,333,7399,2763,3.28,72.81,1.0050440114726535
06-18-2020,10280,334,7440,2840,3.25,72.37,1.0116118874237354
06-19-2020,10406,335,7473,2933,3.22,71.81,1.0122568093385214
06-20-2020,10448,336,7477,2971,3.22,71.56,1.0040361330001921
06-21-2020,10498,336,7499,2999,3.2,71.43,1.0047856049004593
06-22-2020,10523,336,7537,2986,3.19,71.62,1.002381405982092
06-23-2020,10650,339,7555,3095,3.18,70.94,1.0120688016725268
06-24-2020,10777,343,7588,3189,3.18,70.41,1.011924882629108
06-25-2020,10870,345,7649,3221,3.17,70.37,1.0086294887259906
06-26-2020,11038,349,7668,3370,3.16,69.47,1.0154553817847287
06-27-2020,11298,349,7682,3616,3.09,67.99,1.023554991846349
06-28-2020,11603,348,7705,3898,3.0,66.41,1.0269959284829173
06-29-2020,11805,348,7746,4059,2.95,65.62,1.0174092907006809
06-30-2020,11954,349,7771,4183,2.92,65.01,1.012621770436256
07-01-2020,12046,349,7797,4249,2.9,64.73,1.0076961686464783
07-02-2020,12178,353,7822,4356,2.9,64.23,1.0109579943549727
07-03-2020,12319,353,7848,4471,2.87,63.71,1.0115782558712432
07-04-2020,12440,351,7852,4588,2.82,63.12,1.0098222258300187
07-05-2020,12515,348,7864,4651,2.78,62.84,1.0060289389067525
07-06-2020,12566,350,7873,4693,2.79,62.65,1.0040751098681582
07-07-2020,12685,351,7910,4775,2.77,62.36,1.0094699984084037
07-08-2020,12814,351,8010,4804,2.74,62.51,1.0101694915254238
07-09-2020,12919,352,8128,4791,2.72,62.92,1.0081941626346185
07-10-2020,13001,352,8208,4793,2.71,63.13,1.0063472404984906
07-11-2020,13115,352,8227,4888,2.68,62.73,1.0087685562649027
07-12-2020,13174,352,8247,4927,2.67,62.6,1.004498665650019
07-13-2020,13238,353,8373,4865,2.67,63.25,1.0048580537422196
07-14-2020,13341,355,8441,4900,2.66,63.27,1.0077806315153346
07-15-2020,13475,355,8507,4968,2.63,63.13,1.0100442245708718
07-16-2020,13612,355,8640,4972,2.61,63.47,1.0101669758812617
07-17-2020,13742,358,8725,5017,2.61,63.49,1.0095503967087864
07-18-2020,13855,358,8733,5122,2.58,63.03,1.0082229660893611
07-19-2020,13945,359,8761,5184,2.57,62.83,1.0064958498736918
07-20-2020,14098,359,8836,5262,2.55,62.68,1.0109716744352815
07-21-2020,14324,360,8918,5406,2.51,62.26,1.0160306426443466
07-22-2020,14570,364,9144,5426,2.5,62.76,1.0171739737503491
07-23-2020,14800,365,9328,5472,2.47,63.03,1.0157858613589568
07-24-2020,15081,369,9422,5659,2.45,62.48,1.0189864864864866
07-25-2020,15212,369,9590,5622,2.43,63.04,1.008686426629534
07-26-2020,15324,371,11428,3896,2.42,74.58,1.0073626084669998
07-27-2020,15516,373,11428,4088,2.4,73.65,1.0125293657008614
07-28-2020,15799,374,11428,4371,2.37,72.33,1.018239236916731
07-29-2020,16093,374,11429,4664,2.32,71.02,1.0186087727071333
07-30-2020,16371,379,11482,4889,2.32,70.14,1.017274591437271
07-31-2020,16574,382,11569,5005,2.3,69.8,1.0123999755665507
08-01-2020,16699,383,11587,5112,2.29,69.39,1.0075419331483046
08-02-2020,16800,384,11605,5195,2.29,69.08,1.0060482663632553
08-03-2020,17008,386,11708,5300,2.27,68.84,1.0123809523809524
08-04-2020,17286,383,11812,5474,2.22,68.33,1.0163452492944496
08-05-2020,17529,388,11909,5620,2.21,67.94,1.0140576188823325
08-06-2020,17731,390,12320,5411,2.2,69.48,1.0115237606252496
08-07-2020,18060,389,12749,5311,2.15,70.59,1.0185550730359259
08-08-2020,18235,389,12764,5471,2.13,70.0,1.0096899224806202
08-09-2020,18353,390,12785,5568,2.12,69.66,1.0064710721140664
08-10-2020,18494,390,12983,5511,2.11,70.2,1.0076826676837574
08-11-2020,18783,391,13222,5561,2.08,70.39,1.0156266897372122
08-12-2020,19075,391,13407,5668,2.05,70.29,1.015545972421871
08-13-2020,19401,391,13574,5827,2.02,69.97,1.0170904325032766
08-14-2020,19693,394,13731,5962,2.0,69.73,1.015050770578836
08-15-2020,19891,395,13763,6128,1.99,69.19,1.0100543340273194
08-16-2020,20012,397,13799,6213,1.98,68.95,1.0060831531848575
08-17-2020,20202,399,14622,5580,1.98,72.38,1.0094943034179493
08-18-2020,20483,401,15146,5337,1.96,73.94,1.013909513909514
08-19-2020,20798,404,15615,5183,1.94,75.08,1.0153786066494166
08-20-2020,21045,406,15886,5159,1.93,75.49,1.0118761419367246
08-21-2020,21551,411,16040,5511,1.91,74.43,1.0240437158469946
08-22-2020,21790,411,16087,5703,1.89,73.83,1.0110899726230802
08-23-2020,21923,412,16125,5798,1.88,73.55,1.0061037173015144
08-24-2020,22181,415,16376,5805,1.87,73.83,1.011768462345482
08-25-2020,22548,416,16662,5886,1.84,73.9,1.0165456922591407
08-26-2020,22951,418,16954,5997,1.82,73.87,1.0178729820826682
08-27-2020,23169,418,17190,5979,1.8,74.19,1.0094984967975251
08-28-2020,23777,419,17497,6280,1.76,73.59,1.0262419612413138
08-29-2020,24094,421,17541,6553,1.75,72.8,1.0133322118013206
08-30-2020,24367,423,17547,6820,1.74,72.01,1.0113306217315514
08-31-2020,24618,424,17807,6811,1.72,72.33,1.0103008166782945
09-01-2020,25117,425,18116,7001,1.69,72.13,1.0202697213421075
09-02-2020,25773,425,18326,7447,1.65,71.11,1.0261177688418204
09-03-2020,26452,426,18663,7789,1.61,70.55,1.0263454002250416
09-04-2020,27249,429,19027,8222,1.57,69.83,1.0301300468773629
09-05-2020,27752,431,19039,8713,1.55,68.6,1.018459393005248
09-06-2020,28156,436,19053,9103,1.55,67.67,1.014557509368694
09-07-2020,28716,437,19855,8861,1.52,69.14,1.019889188805228
09-08-2020,29877,441,20139,9738,1.48,67.41,1.0404304220643543
09-09-2020,31036,444,20374,10662,1.43,65.65,1.0387923820999432
09-10-2020,32413,448,20787,11626,1.38,64.13,1.0443678309060447
09-11-2020,33860,450,21140,12720,1.33,62.43,1.04464258168019
09-12-2020,35401,453,21205,14196,1.28,59.9,1.045510927347903
09-13-2020,36188,456,21294,14894,1.26,58.84,1.0222310104234344
09-14-2020,37222,465,22020,15202,1.25,59.16,1.0285730076268376
09-15-2020,38896,476,22613,16283,1.22,58.14,1.0449734028262856
09-16-2020,41032,482,22931,18101,1.17,55.89,1.0549156725627313
09-17-2020,44155,489,23377,20778,1.11,52.94,1.0761113277441996
09-18-2020,46262,495,23858,22404,1.07,51.57,1.0477182652021289
09-19-2020,48306,499,24228,24078,1.03,50.16,1.0441831308633436
09-20-2020,49290,503,24755,24535,1.02,50.22,1.0203701403552354
09-21-2020,50764,522,25425,25339,1.03,50.08,1.029904645972814
09-22-2020,53158,531,26151,27007,1.0,49.19,1.0471594043022614
09-23-2020,55464,555,26709,28755,1.0,48.16,1.04338011211859
09-24-2020,58374,567,27382,30992,0.97,46.91,1.0524664647338815
09-25-2020,61318,581,30740,30578,0.95,50.13,1.0504334121355399
09-26-2020,63294,591,30936,32358,0.93,48.88,1.0322254476662645
09-27-2020,64597,606,31268,33329,0.94,48.4,1.020586469491579
09-28-2020,65883,618,31799,34084,0.94,48.27,1.01990804526526
09-29-2020,67843,636,32759,35084,0.94,48.29,1.0297497078153697
09-30-2020,68919,655,33443,35476,0.95,48.53,1.0158601476939404
10-01-2020,74255,678,34186,40069,0.91,46.04,1.0774242226381694
10-02-2020,78051,699,35032,43019,0.9,44.88,1.0511211366237965
10-03-2020,80605,711,39073,41532,0.88,48.47,1.032722194462595
10-04-2020,82446,727,44149,38297,0.88,53.55,1.0228397742075555
10-05-2020,85566,758,46636,38930,0.89,54.5,1.0378429517502366
10-06-2020,90022,794,48788,41234,0.88,54.2,1.0520767594605334
10-07-2020,95360,829,50767,44593,0.87,53.24,1.059296616382662
10-08-2020,100757,869,51160,49597,0.86,50.78,1.05659605704698
10-09-2020,109374,905,53173,56201,0.83,48.62,1.0855225939636948
10-10-2020,114005,948,54909,59096,0.83,48.16,1.0423409585459067
10-11-2020,117110,987,54980,62130,0.84,46.95,1.0272356475593176
10-12-2020,121421,1051,58200,63221,0.87,47.93,1.0368115447015627
10-13-2020,129747,1106,59901,69846,0.85,46.17,1.0685713344479126
10-14-2020,139290,1172,60901,78389,0.84,43.72,1.0735508335452844
10-15-2020,149010,1230,63350,85660,0.83,42.51,1.0697824682317467
10-16-2020,160112,1283,66093,94019,0.8,41.28,1.0745050667740421
10-17-2020,168827,1352,68945,99882,0.8,40.84,1.0544306485460178
10-18-2020,173885,1422,72134,101751,0.82,41.48,1.0299596628501366
10-19-2020,181962,1513,74908,107054,0.83,41.17,1.0464502401012163
10-20-2020,193946,1619,79108,114838,0.83,40.79,1.065859904815291
10-21-2020,208915,1739,83136,125779,0.83,39.79,1.0771812772627432
10-22-2020,223065,1845,87225,135840,0.83,39.1,1.06773089534021
10-23-2020,238323,1971,91651,146672,0.83,38.46,1.0684015869813732
10-24-2020,250797,2077,94902,155895,0.83,37.84,1.0523407308568624
10-25-2020,258097,2201,97381,160716,0.85,37.73,1.0291072062265498
10-26-2020,268370,2365,103220,165150,0.88,38.46,1.0398028648143915
10-27-2020,284033,2547,111443,172590,0.9,39.24,1.0583634534411446
10-28-2020,297013,2675,119373,177640,0.9,40.19,1.045698915266888
10-29-2020,310068,2862,128628,181440,0.92,41.48,1.0439543050304196
10-30-2020,323673,3078,137575,186098,0.95,42.5,1.0438774720383917
10-31-2020,335102,3251,143359,191743,0.97,42.78,1.0353103286341463
11-01-2020,341644,3429,157418,184226,1.0,46.08,1.0195224140709396
11-02-2020,350896,3654,170608,180288,1.04,48.62,1.0270808209715376
11-03-2020,362985,3913,185180,177805,1.08,51.02,1.0344518033833388
11-04-2020,378716,4133,199763,178953,1.09,52.75,1.0433378789757153
11-05-2020,391945,4330,214272,177673,1.1,54.67,1.0349311885423378
11-06-2020,403497,4484,214882,188615,1.11,53.25,1.029473523070839
11-07-2020,411220,4681,237757,173463,1.14,57.82,1.0191401670892224
11-08-2020,414828,4858,243129,171699,1.17,58.61,1.0087738923204124
11-09-2020,417181,5028,244005,173176,1.21,58.49,1.0056722304183903
11-10-2020,429880,5323,277473,152407,1.24,64.55,1.0304400248333456
11-11-2020,438805,5570,285241,153564,1.27,65.0,1.0207616078905741
11-12-2020,446675,5755,300719,145956,1.29,67.32,1.0179350736659791
11-13-2020,454030,5926,316352,137678,1.31,69.68,1.0164661107068897
11-14-2020,458229,6058,322383,135846,1.32,70.35,1.0092482875580908
11-15-2020,460116,6208,327306,132810,1.35,71.14,1.0041180283220834
11-16-2020,465523,6416,341249,124274,1.38,73.3,1.0117513844334907
11-17-2020,469769,6558,353794,115975,1.4,75.31,1.0091209242078265
11-18-2020,475284,6740,367574,107710,1.42,77.34,1.0117398125461663
11-19-2020,481755,6874,379380,102375,1.43,78.75,1.0136150175474032
11-20-2020,487563,7021,389873,97690,1.44,79.96,1.0120559205405237
11-21-2020,490750,7095,394830,95920,1.45,80.45,1.006536591168731
11-22-2020,492263,7196,398101,94162,1.46,80.87,1.003083036169129
11-23-2020,496638,7360,405982,90656,1.48,81.75,1.0088875255706806
11-24-2020,502534,7499,416832,85702,1.49,82.95,1.0118718261590938
11-25-2020,505215,7611,417657,87558,1.51,82.67,1.0053349624105035
11-26-2020,511520,7779,431874,79646,1.52,84.43,1.012479835317637
11-27-2020,515984,7967,425026,90958,1.54,82.37,1.0087269314982796
11-28-2020,518649,8054,442327,76322,1.55,85.28,1.0051648888337623
11-29-2020,519723,8138,444406,75317,1.57,85.51,1.00207076462116
11-30-2020,523298,8295,451607,71691,1.59,86.3,1.0068786642115126
12-01-2020,528474,8407,455177,73297,1.59,86.13,1.009891113667547
12-02-2020,533042,8515,461599,71443,1.6,86.6,1.0086437554165388
12-03-2020,537663,8641,468302,69361,1.61,87.1,1.0086691105016115
12-04-2020,542406,8738,473994,68412,1.61,87.39,1.0088215108720517
12-05-2020,544179,8815,476669,67510,1.62,87.59,1.0032687691507838
12-06-2020,546833,8902,478094,68739,1.63,87.43,1.0048770716988344
12-07-2020,546833,8902,478094,68739,1.63,87.43,1.0
12-08-2020,551070,9036,484781,66289,1.64,87.97,1.0077482522086267
12-09-2020,556927,9136,489759,67168,1.64,87.94,1.0106284138131272
12-10-2020,563333,9226,493946,69387,1.64,87.68,1.0115024051626156
12-11-2020,569205,9341,497828,71377,1.64,87.46,1.0104236748069082
12-12-2020,575422,9450,503017,72405,1.64,87.42,1.010922251210021
12-13-2020,579079,9535,504666,74413,1.65,87.15,1.0063553357362076
12-14-2020,581079,9609,505922,75157,1.65,87.07,1.0034537601950684
12-15-2020,586251,9743,511798,74453,1.66,87.3,1.0089006830396556
12-16-2020,594148,9882,518423,75725,1.66,87.25,1.0134703394962226
12-17-2020,602404,10036,522649,79755,1.67,86.76,1.0138955277136337
12-18-2020,610006,10163,527062,82944,1.67,86.4,1.0126194381179408
12-19-2020,618836,10271,531622,87214,1.66,85.91,1.0144752674563857
12-20-2020,624140,10331,533307,90833,1.66,85.45,1.0085709299394348
12-21-2020,627523,10411,534686,92837,1.66,85.21,1.0054202582753868
12-22-2020,635414,10562,541012,94402,1.66,85.14,1.012574837894388
12-23-2020,646312,10664,546926,99386,1.65,84.62,1.017151022797735
12-24-2020,660461,10776,552444,108017,1.63,83.65,1.0218919036007377
12-25-2020,664863,10859,557696,107167,1.63,83.88,1.0066650415391674
12-26-2020,667569,10950,563454,104115,1.64,84.4,1.0040700114158856
12-27-2020,670599,11044,565841,104758,1.65,84.38,1.004538856657514
12-28-2020,674340,11152,566048,108292,1.65,83.94,1.0055785946594016
12-29-2020,685202,11302,576499,108703,1.65,84.14,1.0161076015066584
12-30-2020,701622,11429,584483,117139,1.63,83.3,1.0239637362412837
12-31-2020,718661,11580,592581,126080,1.61,82.46,1.024285156394754
01-01-2021,732022,11711,600073,131949,1.6,81.97,1.0185915195064155
01-02-2021,735469,11827,608128,127341,1.61,82.69,1.004708874869881
01-03-2021,740481,11960,612214,128267,1.62,82.68,1.0068146991919442
01-04-2021,746714,12070,615083,131631,1.62,82.37,1.008417501596935
01-05-2021,759635,12257,625890,133745,1.61,82.39,1.017303813776091
01-06-2021,776967,12436,638183,138784,1.6,82.14,1.0228162209482186
01-07-2021,794740,12621,649394,145346,1.59,81.71,1.0228748453924041
01-08-2021,809601,12800,651814,157787,1.58,80.51,1.018699197221733
01-09-2021,822716,12978,654008,168708,1.58,79.49,1.0161993376984466
01-10-2021,831165,13115,657504,173661,1.58,79.11,1.010269643473568
01-11-2021,835454,13272,662429,173025,1.59,79.29,1.005160226910421
01-12-2021,844799,13485,676593,168206,1.6,80.09,1.0111855350504038
01-13-2021,855600,13656,692547,163053,1.6,80.94,1.0127852897553147
01-14-2021,866522,13856,708842,157680,1.6,81.8,1.0127653108929406
01-15-2021,874605,14029,717569,157036,1.6,82.04,1.0093280955359472
01-16-2021,883906,14215,719844,164062,1.61,81.44,1.010634515009633
01-17-2021,889159,14338,726409,162750,1.61,81.7,1.0059429396338524
01-18-2021,891852,14449,732446,159406,1.62,82.13,1.0030287046523738
01-19-2021,899503,14646,750376,149127,1.63,83.42,1.0085787776447213
01-20-2021,909131,14820,767750,141381,1.63,84.45,1.0107036885924783
01-21-2021,917359,14973,782558,134801,1.63,85.31,1.0090504008773213
01-22-2021,924847,15130,795878,128969,1.64,86.06,1.0081625623120283
01-23-2021,933361,15270,808263,125098,1.64,86.6,1.0092058470211829
01-24-2021,937617,15369,814903,122714,1.64,86.91,1.0045598648325782
01-25-2021,940004,15453,819662,120342,1.64,87.2,1.0025458156155445
01-26-2021,946946,15618,831394,115552,1.65,87.8,1.0073850749571278
01-27-2021,956155,15791,841518,114637,1.65,88.01,1.0097249473570826
01-28-2021,964660,15944,851400,113260,1.65,88.26,1.0088950013334659
01-29-2021,972642,16072,859601,113041,1.65,88.38,1.0082744179296332
01-30-2021,980714,16211,860404,120310,1.65,87.73,1.0082990452807918
01-31-2021,984774,16308,871917,112857,1.66,88.54,1.0041398409730053
02-01-2021,987329,16392,875313,112016,1.66,88.65,1.0025945039166346
02-02-2021,994514,16545,885279,109235,1.66,89.02,1.0072772095218514
02-03-2021,1003657,16683,893931,109726,1.66,89.07,1.0091934351854273
02-04-2021,1013352,16826,902007,111345,1.66,89.01,1.0096596745700972
02-05-2021,1021477,16976,909305,112172,1.66,89.02,1.0080179444062873
02-06-2021,1030112,17129,916789,113323,1.66,89.0,1.0084534453541294
02-07-2021,1034975,17235,919699,115276,1.67,88.86,1.0047208458886023
02-08-2021,1037405,17333,922223,115182,1.67,88.9,1.0023478827991015
02-09-2021,1045132,17497,932156,112976,1.67,89.19,1.0074483928648887
02-10-2021,1055415,17642,941014,114401,1.67,89.16,1.0098389485730033
02-11-2021,1064952,17772,948796,116156,1.67,89.09,1.0090362558803883
02-12-2021,1073966,17902,955938,118028,1.67,89.01,1.0084642312517371
02-13-2021,1082849,18058,963707,119142,1.67,89.0,1.008271211565357
02-14-2021,1088009,18143,966399,121610,1.67,88.82,1.004765207337311
02-15-2021,1090860,18250,969154,121706,1.67,88.84,1.0026203827358047
02-16-2021,1099654,18430,978749,120905,1.68,89.01,1.0080615294354913
02-17-2021,1112322,18596,987515,124807,1.67,88.78,1.0115199871959726
02-18-2021,1123252,18739,995986,127266,1.67,88.67,1.009826291307733
02-19-2021,1134957,18913,1003739,131218,1.67,88.44,1.0104206357967758
02-20-2021,1146321,19097,1012094,134227,1.67,88.29,1.0100127141380686
02-21-2021,1153159,19214,1014997,138162,1.67,88.02,1.0059651703144232
02-22-2021,1157180,19330,1017406,139774,1.67,87.92,1.0034869432576081
02-23-2021,1168491,19537,1028131,140360,1.67,87.99,1.0097746245182253
02-24-2021,1184352,19682,1037430,146922,1.66,87.59,1.013573917129015
02-25-2021,1198168,19835,1046575,151593,1.66,87.35,1.0116654508119207
02-26-2021,1212780,19999,1055083,157697,1.65,87.0,1.0121952848014635
02-27-2021,1227595,20194,1064022,163573,1.65,86.68,1.0122157357476211
02-28-2021,1235480,20339,1067557,167923,1.65,86.41,1.0064231281489415
03-01-2021,1240051,20469,1070622,169429,1.65,86.34,1.0036997766050442
03-02-2021,1252242,20701,1082617,169625,1.65,86.45,1.009831047271443
03-03-2021,1269058,20941,1093537,175521,1.65,86.17,1.0134287142581067
03-04-2021,1284288,21128,1104592,179696,1.65,86.01,1.0120010275338085
03-05-2021,1299002,21325,1115172,183830,1.64,85.85,1.0114569317785418
03-06-2021,1312164,21558,1126420,185744,1.64,85.84,1.0101323939455058
03-07-2021,1321331,21717,1131209,190122,1.64,85.61,1.0069861694117503
03-08-2021,1325291,21882,1135251,190040,1.65,85.66,1.0029969780471357
03-09-2021,1335815,22147,1150634,185181,1.66,86.14,1.007940897508547
03-10-2021,1351195,22385,1164998,186197,1.66,86.22,1.011513570367154
03-11-2021,1365724,22624,1178832,186892,1.66,86.32,1.010752704087863
03-12-2021,1376998,22865,1191782,185216,1.66,86.55,1.0082549622031978
03-13-2021,1392108,23083,1204871,187237,1.66,86.55,1.0109731459304951
03-14-2021,1399078,23226,1209799,189279,1.66,86.47,1.0050067954497783
03-15-2021,1402420,23379,1214056,188364,1.67,86.57,1.0023887159972495
03-16-2021,1412962,23657,1214530,198432,1.67,85.96,1.0075170063176508
03-17-2021,1426991,23902,1215077,211914,1.67,85.15,1.0099287878938004
03-18-2021,1439019,24117,1215544,223475,1.68,84.47,1.0084289249196385
03-19-2021,1449696,24331,1216950,232746,1.68,83.95,1.0074196379616946
03-20-2021,1459406,24530,1233769,225637,1.68,84.54,1.006697955985255
03-21-2021,1469547,24667,1253309,216238,1.68,85.29,1.0069487174919112
03-22-2021,1467333,24810,1262738,204595,1.69,86.06,1.0015065867236639
03-23-2021,1475538,25055,1276488,199050,1.7,86.51,1.0055917777355243
03-24-2021,1486510,25258,1289924,196586,1.7,86.78,1.007435931843165
03-25-2021,1495361,25450,1295205,200156,1.7,86.61,1.0059542149060552
03-26-2021,1503307,25639,1299552,203755,1.71,86.45,1.0053137670435432
03-27-2021,1511021,25778,1299930,211091,1.71,86.03,1.0051313537421165
03-28-2021,1515029,25874,1315571,199458,1.71,86.83,1.0026525111166555
03-29-2021,1516772,26036,1342113,174659,1.72,88.48,1.001150473027249
03-30-2021,1523668,26222,1354424,169244,1.72,88.89,1.0045464974300686
03-31-2021,1532332,26421,1366461,165871,1.72,89.18,1.0056862781130798
04-01-2021,1539617,26586,1371074,168543,1.73,89.05,1.0047541916503735
04-02-2021,1545865,26765,1374823,171042,1.73,88.94,1.0040581521248466
04-03-2021,1549734,26867,1389189,160545,1.73,89.64,1.0025028058724403
04-04-2021,1551896,26945,1401300,150596,1.74,90.3,1.0013950781230843
04-05-2021,1553820,27057,1411748,142072,1.74,90.86,1.0012397737992753
04-06-2021,1555245,27169,1421284,133961,1.75,91.39,1.0009170946441672
04-07-2021,1560777,27329,1430816,129961,1.75,91.67,1.0035569958430988
04-08-2021,1567848,27466,1434281,133567,1.75,91.48,1.0045304358021678
04-09-2021,1573153,27617,1437295,135858,1.76,91.36,1.0033836188201917
04-10-2021,1577972,27734,1448843,129129,1.76,91.82,1.003063274837222
04-11-2021,1580189,27808,1449052,131137,1.76,91.7,1.0014049678955013
04-12-2021,1581184,27918,1466296,114888,1.77,92.73,1.000629671513977
04-13-2021,1585037,28038,1473483,111554,1.77,92.96,1.0024367815510402
04-14-2021,1590124,28124,1480882,109242,1.77,93.13,1.0032093888029112
04-15-2021,1593847,28229,1483559,110288,1.77,93.08,1.0023413268399195
04-16-2021,1597103,28317,1485924,111179,1.77,93.04,1.0020428560583292
04-17-2021,1600341,28396,1495570,104771,1.77,93.45,1.0020274208989652
04-18-2021,1601881,28426,1495624,106257,1.77,93.37,1.0009622949108972
04-19-2021,1602711,28532,1508982,93729,1.78,94.15,1.0005181408606507
04-20-2021,1606030,28640,1515106,90924,1.78,94.34,1.0020708661761228
04-21-2021,1609861,28711,1517774,92087,1.78,94.28,1.0023853850799798
04-22-2021,1612832,28787,1520263,92569,1.78,94.26,1.0018455009469762
04-23-2021,1615461,28863,1522461,93000,1.79,94.24,1.0016300519830956
04-24-2021,1618068,28920,1524041,94027,1.79,94.19,1.0016137808340777
04-25-2021,1619383,28962,1524146,95237,1.79,94.12,1.000812697612214
04-26-2021,1620206,29002,1537362,82844,1.79,94.89,1.0005082182534952
04-27-2021,1622777,29075,1541963,80814,1.79,95.02,1.0015868352542825
04-28-2021,1626033,29141,1542244,83789,1.79,94.85,1.0020064371136639
04-29-2021,1628536,29213,1548014,80522,1.79,95.06,1.0015393291526065
04-30-2021,1630758,29267,1549439,81319,1.79,95.01,1.0013644156469368
05-01-2021,1632932,29316,1555152,77780,1.8,95.24,1.0013331223884843
05-02-2021,1634114,29343,1555215,78899,1.8,95.17,1.0007238513300003
05-03-2021,1634619,29365,1562295,72324,1.8,95.58,1.000309035966891
05-04-2021,1636836,29421,1565481,71355,1.8,95.64,1.0013562793531703
05-05-2021,1639248,29479,1568630,70618,1.8,95.69,1.001473574628124
05-06-2021,1641120,29521,1569862,71258,1.8,95.66,1.00114198705748
05-07-2021,1642696,29608,1570842,71854,1.8,95.63,1.0009603197816126
05-08-2021,1644335,29647,1575399,68936,1.8,95.81,1.0009977500401779
05-09-2021,1645061,29667,1575449,69612,1.8,95.77,1.0004415158711577
05-10-2021,1645448,29711,1580939,64509,1.81,96.08,1.00023524963512
05-11-2021,1646981,29749,1583590,63391,1.81,96.15,1.000931661164619
05-12-2021,1648667,29787,1586400,62267,1.81,96.22,1.0010236912265533
05-13-2021,1649947,29825,1587457,62490,1.81,96.21,1.0007763848005693
05-14-2021,1651178,29857,1588346,62832,1.81,96.19,1.0007460845712013
05-15-2021,1652238,29886,1592219,60019,1.81,96.37,1.000641965917666
05-16-2021,1652840,29901,1592263,60577,1.81,96.33,1.0003643542879415
05-17-2021,1653099,29913,1596931,56168,1.81,96.6,1.0001566999830596
05-18-2021,1654219,29933,1599881,54338,1.81,96.72,1.0006775153817165
05-19-2021,1655414,29948,1602118,53296,1.81,96.78,1.0007223952813986
05-20-2021,1656202,29967,1602974,53228,1.81,96.79,1.0004760138551443
05-21-2021,1656874,29990,1603764,53110,1.81,96.79,1.0004057476080817
05-22-2021,1657558,30012,1607681,49877,1.81,96.99,1.0004128255980842
05-23-2021,1657893,30020,1607706,50187,1.81,96.97,1.0002021045417415
05-24-2021,1658092,30028,1611189,46903,1.81,97.17,1.0001200318717793
05-25-2021,1658778,30041,1612831,45947,1.81,97.23,1.0004137285506474
05-26-2021,1659433,30054,1614405,45028,1.81,97.29,1.000394868993922
05-27-2021,1659980,30059,1614915,45065,1.81,97.29,1.0003296306630036
05-28-2021,1660481,30088,1615008,45473,1.81,97.26,1.000301810865191
05-29-2021,1660935,30101,1617498,43437,1.81,97.38,1.0002734147515087
05-30-2021,1661159,30104,1617517,43642,1.81,97.37,1.0001348637965966
05-31-2021,1661272,30108,1620098,41174,1.81,97.52,1.0000680247947367
06-01-2021,1661780,30119,1621262,40518,1.81,97.56,1.000305789780361
06-02-2021,1662256,30126,1622432,39824,1.81,97.6,1.0002864398416156
06-03-2021,1662608,30136,1622876,39732,1.81,97.61,1.0002117604027299
06-04-2021,1663040,30142,1623286,39754,1.81,97.61,1.0002598327446999
06-05-2021,1663363,30157,1624712,38651,1.81,97.68,1.0001942226284395
06-06-2021,1663517,30159,1624721,38796,1.81,97.67,1.0000925835190515
06-07-2021,1663607,30164,1626306,37301,1.81,97.76,1.0000541022424176
06-08-2021,1663998,30193,1627106,36892,1.81,97.78,1.000235031470774
06-09-2021,1664382,30202,1627151,37231,1.81,97.76,1.0002307695081365
06-10-2021,1664649,30211,1628170,36479,1.81,97.81,1.0001604199036038
06-11-2021,1664839,30219,1628416,36423,1.82,97.81,1.0001141381756755
06-12-2021,1665022,30224,1629375,35647,1.82,97.86,1.0001099205388628
06-13-2021,1665097,30225,1629379,35718,1.82,97.85,1.0000450444498632
06-14-2021,1665138,30229,1630452,34686,1.82,97.92,1.0000246231901204
06-15-2021,1665327,30229,1630938,34389,1.82,97.94,1.000113504105966
06-16-2021,1665526,30254,1630977,34549,1.82,97.93,1.0001194960509256
06-17-2021,1665660,30257,1631027,34633,1.82,97.92,1.0000804550634455
06-18-2021,1665818,30275,1631624,34194,1.82,97.95,1.0000948572938055
06-19-2021,1665961,30278,1631662,34299,1.82,97.94,1.000085843711618
06-20-2021,1666025,30280,1632840,33185,1.82,98.01,1.0000384162654468
06-21-2021,1666082,30280,1633162,32920,1.82,98.02,1.0000342131720712
06-22-2021,1666192,30283,1633482,32710,1.82,98.04,1.0000660231609249
06-23-2021,1666325,30289,1633550,32775,1.82,98.03,1.0000798227335146
06-24-2021,1666521,30291,1634010,32511,1.82,98.05,1.0001176241129432
06-25-2021,1666686,30292,1634292,32394,1.82,98.06,1.0000990086533563
06-26-2021,1666821,30296,1634734,32087,1.82,98.07,1.000080999060411
06-27-2021,1666890,30298,1634739,32151,1.82,98.07,1.000041396166715
06-28-2021,1666947,30298,1635183,31764,1.82,98.09,1.000034195417814
06-29-2021,1667115,30298,1635407,31708,1.82,98.1,1.0001007830482913
06-30-2021,1667287,30303,1635579,31708,1.82,98.1,1.0001031722466656
07-01-2021,1667435,30304,1635643,31792,1.82,98.09,1.000088766960937
07-02-2021,1667608,30308,1635736,31872,1.82,98.09,1.0001037521702496
07-03-2021,1667796,30310,1636004,31792,1.82,98.09,1.0001127363265228
07-04-2021,1667935,30310,1636178,31757,1.82,98.1,1.0000833435264265
07-05-2021,1668040,30311,1636179,31861,1.82,98.09,1.000062952093457
07-06-2021,1668170,30312,1636428,31742,1.82,98.1,1.0000779357809164
07-07-2021,1668277,30311,1636543,31734,1.82,98.1,1.0000641421437864
07-08-2021,1668619,30331,1636599,32020,1.82,98.08,1.000205001927138
07-09-2021,1668891,30331,1636772,32119,1.82,98.08,1.0001630090511975
07-10-2021,1669182,30331,1636783,32399,1.82,98.06,1.0001743672894154
07-11-2021,1669351,30331,1637010,32341,1.82,98.06,1.000101247197729
07-12-2021,1669496,30331,1637123,32373,1.82,98.06,1.0000868601031179
07-13-2021,1669745,30333,1637251,32494,1.82,98.05,1.000149146808378
07-14-2021,1670073,30335,1637367,32706,1.82,98.04,1.0001964371805276
07-15-2021,1670348,30335,1637441,32907,1.82,98.03,1.0001646634608188
07-16-2021,1670583,30335,1637541,33042,1.82,98.02,1.0001406892455944
07-17-2021,1670823,30336,1637717,33106,1.82,98.02,1.0001436624220408
07-18-2021,1671027,30338,1637729,33298,1.82,98.01,1.0001220955181966
07-19-2021,1671145,30338,1638053,33092,1.82,98.02,1.0000706152563663
07-20-2021,1671372,30341,1638061,33311,1.82,98.01,1.0001358350113245
07-21-2021,1671685,30342,1638393,33292,1.82,98.01,1.000187271295678
07-22-2021,1671933,30347,1638500,33433,1.82,98.0,1.000148353308189
07-23-2021,1672140,30347,1638606,33534,1.81,97.99,1.0001238087889885
07-24-2021,1672340,30357,1638611,33729,1.82,97.98,1.0001196072099225
07-25-2021,1672409,30357,1638881,33528,1.82,98.0,1.0000412595524832
07-26-2021,1672547,30357,1639161,33386,1.82,98.0,1.0000825157004058
07-27-2021,1672764,30362,1639429,33335,1.82,98.01,1.0001297422434168
07-28-2021,1673017,30362,1639698,33319,1.81,98.01,1.000151246679149
07-29-2021,1673219,30363,1639849,33370,1.81,98.01,1.0001207399566172
07-30-2021,1673429,30363,1640008,33421,1.81,98.0,1.000125506583418
07-31-2021,1673576,30373,1640314,33262,1.81,98.01,1.0000878435834446
08-01-2021,1673694,30374,1640599,33095,1.81,98.02,1.0000705077032654
08-02-2021,1673769,30374,1640812,32957,1.81,98.03,1.0000448110586524
08-03-2021,1673926,30378,1641074,32852,1.81,98.04,1.000093800279489
08-04-2021,1674183,30372,1641321,32862,1.81,98.04,1.0001535312791605
08-05-2021,1674410,30371,0,1674410,1.81,0,1.0001355885228795
08-06-2021,1674577,30367,0,1674577,1.81,0,1.0000997366236466
08-07-2021,1674726,30363,0,1674726,1.81,0,1.0000889776940685
08-08-2021,1674906,30363,0,1674906,1.81,0,1.000107480268414
08-09-2021,1675010,30363,0,1675010,1.81,0,1.0000620930368629
08-10-2021,1675179,30369,0,1675179,1.81,0,1.0001008949200303
08-11-2021,1675450,30371,0,1675450,1.81,0,1.000161773756715
08-12-2021,1675675,30372,0,1675675,1.81,0,1.000134292279686
08-13-2021,1675868,30372,0,1675868,1.81,0,1.0001151774657973
08-14-2021,1676080,30373,0,1676080,1.81,0,1.000126501609912
08-15-2021,1676222,30373,0,1676222,1.81,0,1.0000847214930075
08-16-2021,1676297,30375,0,1676297,1.81,0,1.0000447434766995
08-17-2021,1676518,30376,0,1676518,1.81,0,1.000131838212441
08-18-2021,1676817,30378,0,1676817,1.81,0,1.0001783458334477
08-19-2021,1677029,30382,0,1677029,1.81,0,1.0001264300159172
08-20-2021,1677204,30384,0,1677204,1.81,0,1.0001043512068069
08-21-2021,1677378,30384,0,1677378,1.81,0,1.0001037440883755
08-22-2021,1677512,30385,0,1677512,1.81,0,1.000079886584896
08-23-2021,1677619,30385,0,1677619,1.81,0,1.0000637849386473
08-24-2021,1677829,30385,0,1677829,1.81,0,1.0001251774091733
08-25-2021,1678083,30387,0,1678083,1.81,0,1.000151386106689
08-26-2021,1678331,30393,0,1678331,1.81,0,1.0001477876839227
08-27-2021,1678544,30399,0,1678544,1.81,0,1.0001269117951108
08-28-2021,1678731,30401,0,1678731,1.81,0,1.000111406075742
08-29-2021,1678862,30402,0,1678862,1.81,0,1.0000780351348728
08-30-2021,1678944,30402,0,1678944,1.81,0,1.0000488426088625
08-31-2021,1679189,30404,0,1679189,1.81,0,1.0001459250576552
09-01-2021,1679476,30404,0,1679476,1.81,0,1.0001709158409209
09-02-2021,1679738,30404,0,1679738,1.81,0,1.0001560010384192
09-03-2021,1680046,30405,0,1680046,1.81,0,1.0001833619290628
09-04-2021,1680354,30406,0,1680354,1.81,0,1.0001833283136294
09-05-2021,1680559,30406,0,1680559,1.81,0,1.0001219981027807
09-06-2021,1680697,30406,0,1680697,1.81,0,1.0000821155341764
09-07-2021,1681091,30408,0,1681091,1.81,0,1.0002344265504133
09-08-2021,1681681,30408,0,1681681,1.81,0,1.0003509625594331
09-09-2021,1682054,30413,0,1682054,1.81,0,1.0002218018756233
09-10-2021,1682475,30413,0,1682475,1.81,0,1.0002502892297156
09-11-2021,1682926,30413,0,1682926,1.81,0,1.000268057474851
09-12-2021,1683179,30413,0,1683179,1.81,0,1.0001503334074107
09-13-2021,1683315,30414,0,1683315,1.81,0,1.000080799487161
09-14-2021,1683802,30416,0,1683802,1.81,0,1.000289310081595
09-15-2021,1684357,30417,0,1684357,1.81,0,1.000329611201317
09-16-2021,1684881,30422,0,1684881,1.81,0,1.0003110979442007
09-17-2021,1685435,30427,0,1685435,1.81,0,1.000328806604146
09-18-2021,1685878,30429,0,1685878,1.8,0,1.0002628401569922
09-19-2021,1686182,30430,0,1686182,1.8,0,1.000180321470474
09-20-2021,1686364,30431,0,1686364,1.8,0,1.0001079361539857
09-21-2021,1686851,30442,0,1686851,1.8,0,1.0002887869997226
09-22-2021,1687448,30446,0,1687448,1.8,0,1.0003539138904385
09-23-2021,1687973,30448,0,1687973,1.8,0,1.0003111206982378
09-24-2021,1688457,30451,0,1688457,1.8,0,1.0002867344442121
09-25-2021,1688953,30452,0,1688953,1.8,0,1.000293759331745
09-26-2021,1689364,30453,0,1689364,1.8,0,1.0002433460256146
09-27-2021,1689620,30454,0,1689620,1.8,0,1.0001515363178095
09-28-2021,1690288,30454,0,1690288,1.8,0,1.0003953551686178
09-29-2021,1690758,30455,0,1690758,1.8,0,1.0002780591236522
09-30-2021,1691489,30459,0,1691489,1.8,0,1.0004323504605626
10-01-2021,1692412,30475,0,1692412,1.8,0,1.0005456730726596
10-02-2021,1693234,30477,0,1693234,1.8,0,1.0004856973361096
10-03-2021,1693790,30478,0,1693790,1.8,0,1.0003283657190913
10-04-2021,1694107,30478,0,1694107,1.8,0,1.0001871542517078
10-05-2021,1694910,30483,0,1694910,1.8,0,1.000473996034489
10-06-2021,1696016,30485,0,1696016,1.8,0,1.0006525420228802
10-07-2021,1697064,30493,0,1697064,1.8,0,1.0006179186988802
10-08-2021,1698061,30496,0,1698061,1.8,0,1.0005874852097505
10-09-2021,1699074,30499,0,1699074,1.8,0,1.0005965627854359
10-10-2021,1699743,30501,0,1699743,1.79,0,1.0003937438863757
10-11-2021,1700078,30504,0,1700078,1.79,0,1.0001970886186913
10-12-2021,1704003,30512,0,1704003,1.79,0,1.002308717600016
10-13-2021,1705532,30518,0,1705532,1.79,0,1.000897298889732
10-14-2021,1704436,30524,0,1704436,1.79,0,1.0006426147383924
10-15-2021,1705971,30528,0,1705971,1.79,0,1.000900591163294
10-16-2021,1707756,30539,0,1707756,1.79,0,1.0010463249375283
10-17-2021,1708925,30545,0,1708925,1.79,0,1.0006845240186537
10-18-2021,1709716,30554,0,1709716,1.79,0,1.0004628640812208
10-19-2021,1712246,30570,0,1712246,1.79,0,1.0014797779280302
10-20-2021,1715515,30574,0,1715515,1.78,0,1.0019091882825248
10-21-2021,1718808,30587,0,1718808,1.78,0,1.001919540196384
10-22-2021,1722446,30593,0,1722446,1.78,0,1.002116583120395
10-23-2021,1726690,30608,0,1726690,1.77,0,1.0024639379115514
10-24-2021,1729458,30615,0,1729458,1.77,0,1.0016030671400193
10-25-2021,1731287,30625,0,1731287,1.77,0,1.0010575567605573
10-26-2021,1735552,30648,0,1735552,1.77,0,1.0024634852569216
10-27-2021,1741859,30667,0,1741859,1.76,0,1.0036340023231802
10-28-2021,1747701,30689,0,1747701,1.76,0,1.0033538880012676
10-29-2021,1752086,30705,0,1752086,1.75,0,1.002509010408531
10-30-2021,1757821,30736,0,1757821,1.75,0,1.0032732411536878
10-31-2021,1762902,30753,0,1762902,1.74,0,1.0028905104672206
11-01-2021,1765654,30775,0,1765654,1.74,0,1.0015610623846363
11-02-2021,1773291,30807,0,1773291,1.74,0,1.0043253094887221
11-03-2021,1783227,30840,0,1783227,1.73,0,1.0056031412779967
11-04-2021,1792707,30878,0,1792707,1.72,0,1.0053162048353912
11-05-2021,1801154,30938,0,1801154,1.72,0,1.0047118686991237
11-06-2021,1810395,30985,0,1810395,1.71,0,1.0051305996044757
11-07-2021,1816161,31022,0,1816161,1.71,0,1.003184940303083
11-08-2021,1819158,31053,0,1819158,1.71,0,1.0016501840971148
11-09-2021,1828440,31173,0,1828440,1.7,0,1.0051023605426246
11-10-2021,1843019,31229,0,1843019,1.69,0,1.0079734637177047
11-11-2021,1856555,31289,0,1856555,1.69,0,1.007344471218148
11-12-2021,1866969,31355,0,1866969,1.68,0,1.0056093140251703
11-13-2021,1881206,31431,0,1881206,1.67,0,1.007625729189933
11-14-2021,1890405,31481,0,1890405,1.67,0,1.0048899482565972
11-15-2021,1896075,31541,0,1896075,1.66,0,1.0029993572805826
11-16-2021,1907629,31636,0,1907629,1.66,0,1.006093640810622
11-17-2021,1930214,31709,0,1930214,1.64,0,1.0118393041833607
11-18-2021,1944400,31769,0,1944400,1.63,0,1.007349444154897
11-19-2021,1957816,31879,0,1957816,1.63,0,1.006899814852911
11-20-2021,1980849,32005,0,1980849,1.62,0,1.011764639782288
11-21-2021,1995291,32079,0,1995291,1.61,0,1.0072908131816205
11-22-2021,2018069,32304,0,2018069,1.6,0,1.011415878686367
11-23-2021,2019030,32309,0,2019030,1.6,0,1.0004761977910568
11-24-2021,2044018,32408,0,2044018,1.59,0,1.01237624007568
11-25-2021,2062064,32523,0,2062064,1.58,0,1.0088286893755338
11-26-2021,2089857,32643,0,2089857,1.56,0,1.0134782431583114
11-27-2021,2110274,32744,0,2110274,1.55,0,1.009769567965655
11-28-2021,2132380,32929,0,2132380,1.54,0,1.0104754169363788
11-29-2021,2133098,32953,0,2133098,1.54,0,1.0003367129686078
11-30-2021,2150042,33069,0,2150042,1.54,0,1.007943376253693
12-01-2021,2172084,33186,0,2172084,1.53,0,1.010251892753723
12-02-2021,2193289,33317,0,2193289,1.52,0,1.0097625137886013
12-03-2021,2211972,33450,0,2211972,1.51,0,1.0085182572839237
12-04-2021,2229715,33576,0,2229715,1.51,0,1.0080213492756689
12-05-2021,2240721,33665,0,2240721,1.5,0,1.004936056850315
12-06-2021,2247067,33768,0,2247067,1.5,0,1.0028321241243332
12-07-2021,2262666,33902,0,2262666,1.5,0,1.0069419380908535
12-08-2021,2282212,34034,0,2282212,1.49,0,1.0086384822152274
12-09-2021,2298441,34129,0,2298441,1.48,0,1.007111083457628
12-10-2021,2312736,34242,0,2312736,1.48,0,1.0062194330852956
12-11-2021,2325181,34377,0,2325181,1.48,0,1.0053810724613619
12-12-2021,2334289,34451,0,2334289,1.48,0,1.003917114409588
12-13-2021,2338402,34551,0,2338402,1.48,0,1.001761992623878
12-14-2021,2350338,34697,0,2350338,1.48,0,1.0051043404855111
12-15-2021,2367076,34813,0,2367076,1.47,0,1.0071215289035025
12-16-2021,2378728,34923,0,2378728,1.47,0,1.004922528892186
12-17-2021,2388253,35046,0,2388253,1.47,0,1.004004240922039
12-18-2021,2397246,35149,0,2397246,1.47,0,1.0037655139551798
12-19-2021,2403248,35223,0,2403248,1.47,0,1.0025037063363542
12-20-2021,2406989,35288,0,2406989,1.47,0,1.0015566433426761
12-21-2021,2406989,35288,0,2406989,1.47,0,1.0
12-22-2021,2406989,35288,0,2406989,1.47,0,1.0
12-23-2021,2406989,35288,0,2406989,1.47,0,1.0
12-24-2021,2406989,35288,0,2406989,1.47,0,1.0
12-25-2021,2444648,35692,0,2444648,1.46,0,1.015645688451422
12-26-2021,2445741,35749,0,2445741,1.46,0,1.0004470991324723
12-27-2021,2447758,35805,0,2447758,1.46,0,1.0008246989358236
12-28-2021,2454645,35911,0,2454645,1.46,0,1.0028135951348132
12-29-2021,2463780,35975,0,2463780,1.46,0,1.0037215157385284
12-30-2021,2469951,36061,0,2469951,1.46,0,1.0025046879185642
12-31-2021,2475729,36129,0,2475729,1.46,0,1.0023393176625772
01-01-2022,2480736,36182,0,2480736,1.46,0,1.0020224346041104
01-02-2022,2481832,36219,0,2481832,1.46,0,1.000441804367736
01-03-2022,2483762,36255,0,2483762,1.46,0,1.0007776513478752
01-04-2022,2493145,36326,0,2493145,1.46,0,1.0037777371583911
01-05-2022,2503374,36397,0,2503374,1.45,0,1.0041028500147404
01-06-2022,2510796,36449,0,2510796,1.45,0,1.0029647987076642
01-07-2022,2517475,36507,0,2517475,1.45,0,1.0026601125698782
01-08-2022,2524171,36558,0,2524171,1.45,0,1.002659807942482
01-09-2022,2528146,36590,0,2528146,1.45,0,1.0015747744507009
01-10-2022,2530917,36624,0,2530917,1.45,0,1.0010960601167813
01-11-2022,2538298,36683,0,2538298,1.45,0,1.00291633427726
01-12-2022,2562235,36765,0,2562235,1.43,0,1.0094303348149036
01-13-2022,2562235,36765,0,2562235,1.43,0,1.0
01-14-2022,2573945,36799,0,2573945,1.43,0,1.0045702287260927
01-15-2022,2587147,36828,0,2587147,1.42,0,1.0051290917249591
01-16-2022,2632719,36853,0,2632719,1.4,0,1.0176147702469167
01-17-2022,2641228,36874,0,2641228,1.4,0,1.0032320198243716
01-18-2022,2662424,36910,0,2662424,1.39,0,1.0080250550122898
01-19-2022,2692967,36937,0,2692967,1.37,0,1.0114718767559188
01-20-2022,2722736,36972,0,2722736,1.36,0,1.0110543500904392
01-21-2022,2757901,36997,0,2757901,1.34,0,1.0129153175335397
01-22-2022,2787628,37021,0,2787628,1.33,0,1.0107788495671164
01-23-2022,2808253,37034,0,2808253,1.32,0,1.007398763393107
01-24-2022,2824706,37050,0,2824706,1.31,0,1.0058588026078847
01-25-2022,2858293,37080,0,2858293,1.3,0,1.011890440987487
01-26-2022,2900420,37092,0,2900420,1.28,0,1.0147385170099776
01-27-2022,2955286,37114,0,2955286,1.26,0,1.0189165707035532
01-28-2022,3011231,37145,0,3011231,1.23,0,1.0189304859157455
01-29-2022,3066602,37168,0,3066602,1.21,0,1.0183881608551453
01-30-2022,3088053,37184,0,3088053,1.2,0,1.006995038808427
01-31-2022,3115889,37209,0,3115889,1.19,0,1.009014093993853
02-01-2022,3150554,37243,0,3150554,1.18,0,1.0111252358476184
02-02-2022,3217661,37281,0,3217661,1.16,0,1.021300063417418
02-03-2022,3268443,37325,0,3268443,1.14,0,1.0157822716563367
02-04-2022,3312744,37363,0,3312744,1.13,0,1.0135541601918712
02-05-2022,3346615,37410,0,3346615,1.12,0,1.0102244544099996
02-06-2022,3374680,37449,0,3374680,1.11,0,1.0083860856417604
02-07-2022,3385286,37478,0,3385286,1.11,0,1.0031428165040834
02-08-2022,3414963,37549,0,3414963,1.1,0,1.0087664675894445
02-09-2022,3458101,37612,0,3458101,1.09,0,1.0126320548714582
02-10-2022,3493940,37660,0,3493940,1.08,0,1.010363780583621
02-11-2022,3525477,37712,0,3525477,1.07,0,1.0090261996485343
02-12-2022,3551711,37765,0,3551711,1.06,0,1.0074412625582296
02-13-2022,3564497,37820,0,3564497,1.06,0,1.0035999550639114
02-14-2022,3572795,37873,0,3572795,1.06,0,1.002327958194382
02-15-2022,3624361,37991,0,3624361,1.05,0,1.0144329579502882
02-16-2022,3629389,37991,0,3629389,1.05,0,1.001387279026565
02-17-2022,3649295,38050,0,3649295,1.04,0,1.005484669733666
02-18-2022,3667743,38106,0,3667743,1.04,0,1.0050552229951264
02-19-2022,3684163,38188,0,3684163,1.04,0,1.0044768676540314
02-20-2022,3693738,38226,0,3693738,1.03,0,1.0025989620980396
02-21-2022,3711531,38335,0,3711531,1.03,0,1.0048170714869327
02-22-2022,3714705,38335,0,3714705,1.03,0,1.0008551727036632
02-23-2022,3731633,38403,0,3731633,1.03,0,1.004557024043632
02-24-2022,3744898,38433,0,3744898,1.03,0,1.0035547439954573
02-25-2022,3756826,38491,0,3756826,1.02,0,1.003185133480271
02-26-2022,3767707,38558,0,3767707,1.02,0,1.002896327910848
02-27-2022,3774273,38592,0,3774273,1.02,0,1.0017427045149743
02-28-2022,3774273,38592,0,3774273,1.02,0,1.0
03-01-2022,3787816,38685,0,3787816,1.02,0,1.0035882407022492
03-02-2022,3801822,38741,0,3801822,1.02,0,1.0036976452921684
03-03-2022,3814708,38787,0,3814708,1.02,0,1.0033894274902928
03-04-2022,3824372,38837,0,3824372,1.02,0,1.0025333524872677
03-05-2022,3834261,38892,0,3834261,1.01,0,1.0025857840189187
03-06-2022,3839664,38915,0,3839664,1.01,0,1.0014091372496552
03-07-2022,3842705,38940,0,3842705,1.01,0,1.0007919963830167
03-08-2022,3855105,38986,0,3855105,1.01,0,1.0032268935554511
03-09-2022,3867607,39032,0,3867607,1.01,0,1.0032429726297987
03-10-2022,3878361,39068,0,3878361,1.01,0,1.0027805307002495
03-11-2022,3888172,39100,0,3888172,1.01,0,1.002529676840294
03-12-2022,3896563,39126,0,3896563,1.0,0,1.0021580835415718
03-13-2022,3905420,39155,0,3905420,1.0,0,1.0022730288205273
03-14-2022,3906606,39155,0,3906606,1.0,0,1.0003036805260381
03-15-2022,3919536,39216,0,3919536,1.0,0,1.0033097783600393
03-16-2022,3932228,39248,0,3932228,1.0,0,1.0032381383918914
03-17-2022,3942465,39271,0,3942465,1.0,0,1.0026033587065653
03-18-2022,3952137,39318,0,3952137,0.99,0,1.0024532874736998
03-19-2022,3962517,39352,0,3962517,0.99,0,1.0026264271709204
03-20-2022,3968087,39359,0,3968087,0.99,0,1.0014056722027944
03-21-2022,3970741,39374,0,3970741,0.99,0,1.0006688361419496
03-22-2022,3983263,39418,0,3983263,0.99,0,1.003153567558297
03-23-2022,3995765,39441,0,3995765,0.99,0,1.0031386328243954
03-24-2022,4013020,39495,0,4013020,0.98,0,1.0043183220234424
03-25-2022,4022019,39527,0,4022019,0.98,0,1.0022424508225725
03-26-2022,4022019,39527,0,4022019,0.98,0,1.0
03-27-2022,4029203,39563,0,4029203,0.98,0,1.0017861675939372
03-28-2022,4039032,39610,0,4039032,0.98,0,1.002439440256547
03-29-2022,4049647,39640,0,4049647,0.98,0,1.0026281049518795
03-30-2022,4058723,39673,0,4058723,0.98,0,1.0022411829969378
03-31-2022,4066564,39692,0,4066564,0.98,0,1.0019318884289468
04-01-2022,4073829,39706,0,4073829,0.97,0,1.0017865205121572
04-02-2022,4077544,39715,0,4077544,0.97,0,1.000911918492406
04-03-2022,4079679,39723,0,4079679,0.97,0,1.0005235995000912
04-04-2022,4086258,39755,0,4086258,0.97,0,1.001612626875791
04-05-2022,4093300,39784,0,4093300,0.97,0,1.001723337097168
04-06-2022,4101132,39816,0,4101132,0.97,0,1.001913370630054
04-07-2022,4107208,39844,0,4107208,0.97,0,1.0014815421693328
04-08-2022,4112287,39872,0,4112287,0.97,0,1.0012366064733025
04-09-2022,4115341,39880,0,4115341,0.97,0,1.0007426524461935
04-10-2022,4115738,39880,0,4115738,0.97,0,1.0000964683121034
04-11-2022,4122103,39917,0,4122103,0.97,0,1.001546502717131
04-12-2022,4127104,39933,0,4127104,0.97,0,1.001213215681413
04-13-2022,4131359,39933,0,4131359,0.97,0,1.001030989284496
04-14-2022,4131963,39945,0,4131963,0.97,0,1.000146198865797
04-15-2022,4136525,39971,0,4136525,0.97,0,1.0011040757141338
04-16-2022,4138441,39980,0,4138441,0.97,0,1.0004631907216806
04-17-2022,4139418,39990,0,4139418,0.97,0,1.0002360792385345
04-18-2022,4140424,39997,0,4140424,0.97,0,1.0002430293340754
04-19-2022,4144163,40022,0,4144163,0.97,0,1.000903047610583
04-20-2022,4148309,40038,0,4148309,0.97,0,1.00100044327407
04-21-2022,4151107,40058,0,4151107,0.96,0,1.0006744917025225
04-22-2022,4153635,40071,0,4153635,0.96,0,1.000608994179143
04-23-2022,4154960,40081,0,4154960,0.96,0,1.0003189976971978
04-24-2022,4155729,40083,0,4155729,0.96,0,1.00018508000077
04-25-2022,4157991,40102,0,4157991,0.96,0,1.0005443088324575
04-26-2022,4160143,40114,0,4160143,0.96,0,1.0005175576378111
04-27-2022,4162613,40123,0,4162613,0.96,0,1.0005937295905454
04-28-2022,4164485,40143,0,4164485,0.96,0,1.000449717521182
04-29-2022,4166233,40155,0,4166233,0.96,0,1.0004197397757466
04-30-2022,4166475,40155,0,4166475,0.96,0,1.0000580860455957
05-01-2022,4167608,40164,0,4167608,0.96,0,1.0002719325088953
05-02-2022,4169382,40175,0,4169382,0.96,0,1.0004256638340265
05-03-2022,4170756,40184,0,4170756,0.96,0,1.0003295452419567
05-04-2022,4172302,40194,0,4172302,0.96,0,1.0003706762035467
05-05-2022,4173715,40203,0,4173715,0.96,0,1.0003386619664636
05-06-2022,4174709,40212,0,4174709,0.96,0,1.0002381571333931
05-07-2022,4175131,40215,0,4175131,0.96,0,1.0001010848899887
05-08-2022,4175310,40220,0,4175310,0.96,0,1.0000428729062634
05-09-2022,4175322,40220,0,4175322,0.96,0,1.0000028740380953
05-10-2022,4177129,40233,0,4177129,0.96,0,1.0004327809926994
05-11-2022,4177276,40233,0,4177276,0.96,0,1.0000351916352117
05-12-2022,4178519,40240,0,4178519,0.96,0,1.0002975623348804
05-13-2022,4179110,40245,0,4179110,0.96,0,1.0001414376720557
05-14-2022,4179254,40245,0,4179254,0.96,0,1.0000344570973245
05-15-2022,4179449,40246,0,4179449,0.96,0,1.0000466590448918
05-16-2022,4179981,40256,0,4179981,0.96,0,1.000127289506344
05-17-2022,4180583,40258,0,4180583,0.96,0,1.0001440197933915
05-18-2022,4181046,40260,0,4181046,0.96,0,1.0001107501035142
05-19-2022,4181475,40262,0,4181475,0.96,0,1.0001026059029248
05-20-2022,4181872,40265,0,4181872,0.96,0,1.0000949425740917
05-21-2022,4181957,40266,0,4181957,0.96,0,1.000020325825372
05-22-2022,4182111,40280,0,4182111,0.96,0,1.000036824864531
05-23-2022,4182529,40270,0,4182529,0.96,0,1.0000999495230998
05-24-2022,4182798,40277,0,4182798,0.96,0,1.0000643151547783
05-25-2022,4183201,40280,0,4183201,0.96,0,1.0000963469906985
05-26-2022,4183511,40280,0,4183511,0.96,0,1.0000741059298848
05-27-2022,4183817,40281,0,4183817,0.96,0,1.0000731443039113
05-28-2022,4183868,40281,0,4183868,0.96,0,1.0000121898257022
05-29-2022,4183966,40281,0,4183966,0.96,0,1.0000234233011176
05-30-2022,4184289,40283,0,4184289,0.96,0,1.0000771994801105
05-31-2022,4184645,40288,0,4184645,0.96,0,1.0000850801653518
06-01-2022,4184945,40289,0,4184945,0.96,0,1.000071690669101
06-02-2022,4185178,40290,0,4185178,0.96,0,1.000055675761569
06-03-2022,4185467,40290,0,4185467,0.96,0,1.0000690532158967
06-04-2022,4185575,40291,0,4185575,0.96,0,1.0000258035722178
06-05-2022,4185677,40293,0,4185677,0.96,0,1.0000243694116102
06-06-2022,4186087,40294,0,4186087,0.96,0,1.0000979530909815
06-07-2022,4186492,40295,0,4186492,0.96,0,1.0000967490642216
06-08-2022,4186492,40295,0,4186492,0.96,0,1.0
06-09-2022,4186921,40297,0,4186921,0.96,0,1.0001024724279899
06-10-2022,4187672,40301,0,4187672,0.96,0,1.000179368084566
06-11-2022,4187899,40301,0,4187899,0.96,0,1.0000542067287028
06-12-2022,4187986,40302,0,4187986,0.96,0,1.0000207741399685
06-13-2022,4188457,40303,0,4188457,0.96,0,1.000112464559337
06-14-2022,4189007,40303,0,4189007,0.96,0,1.0001313132735994
06-15-2022,4189550,40303,0,4189550,0.96,0,1.0001296249922715
06-16-2022,4190033,40307,0,4190033,0.96,0,1.0001152868446492
06-17-2022,4190558,40307,0,4190558,0.96,0,1.000125297342527
06-18-2022,4190681,40307,0,4190681,0.96,0,1.000029351699702
06-19-2022,4190900,40308,0,4190900,0.96,0,1.0000522588094871
06-20-2022,4191530,40309,0,4191530,0.96,0,1.0001503257056956
06-21-2022,4192274,40309,0,4192274,0.96,0,1.000177500817124
06-22-2022,4193111,40310,0,4193111,0.96,0,1.0001996529806974
06-23-2022,4194033,40312,0,4194033,0.96,0,1.000219884472412
06-24-2022,4194992,40313,0,4194992,0.96,0,1.0002286581912923
06-25-2022,4195231,40313,0,4195231,0.96,0,1.0000569726950612
06-26-2022,4195536,40313,0,4195536,0.96,0,1.000072701598553
06-27-2022,4196831,40314,0,4196831,0.96,0,1.000308661396303
06-28-2022,4198371,40316,0,4198371,0.96,0,1.0003669435343001
06-29-2022,4199867,40316,0,4199867,0.96,0,1.0003563286808146
06-30-2022,4201201,40318,0,4201201,0.96,0,1.000317629105874
07-01-2022,4202797,40321,0,4202797,0.96,0,1.0003798913691584
07-02-2022,4203510,40321,0,4203510,0.96,0,1.0001696489266552
07-03-2022,4203782,40322,0,4203782,0.96,0,1.000064707827506
07-04-2022,4205113,40324,0,4205113,0.96,0,1.0003166196534454
07-05-2022,4206028,40324,0,4206028,0.96,0,1.0002175922501964
07-06-2022,4206375,40325,0,4206375,0.96,0,1.0000825006395582
07-07-2022,4207929,40330,0,4207929,0.96,0,1.0003694392440046
07-08-2022,4210311,40332,0,4210311,0.96,0,1.00056607418994
07-09-2022,4210887,40332,0,4210887,0.96,0,1.0001368069959677
07-10-2022,4211611,40332,0,4211611,0.96,0,1.0001719352715948
07-11-2022,4213838,40334,0,4213838,0.96,0,1.0005287762806203
07-12-2022,4214511,40334,0,4214511,0.96,0,1.0001597118826115
07-13-2022,4219131,40343,0,4219131,0.96,0,1.001096212585517
07-14-2022,4221495,40346,0,4221495,0.96,0,1.0005603049537926
07-15-2022,4224439,40350,0,4224439,0.96,0,1.0006973832729875
07-16-2022,4225794,40352,0,4225794,0.95,0,1.00032075264905
07-17-2022,4226056,40355,0,4226056,0.95,0,1.0000620001826876
07-18-2022,4229211,40360,0,4229211,0.95,0,1.0007465589665636
07-19-2022,4233426,40365,0,4233426,0.95,0,1.000996639798771
07-20-2022,4237282,40370,0,4237282,0.95,0,1.000910846203524
07-21-2022,4241008,40380,0,4241008,0.95,0,1.0008793372732803
07-22-2022,4244833,40383,0,4244833,0.95,0,1.0009019082255917
07-23-2022,4244833,40383,0,4244833,0.95,0,1.0
07-24-2022,4246770,40387,0,4246770,0.95,0,1.0004563194830043
07-25-2022,4247533,40390,0,4247533,0.95,0,1.0001796659578928
07-26-2022,4256055,40420,0,4256055,0.95,0,1.0020063410925824
07-27-2022,4260225,40434,0,4260225,0.95,0,1.0009797805714447
07-28-2022,4263854,40448,0,4263854,0.95,0,1.0008518329430958
07-29-2022,4264743,40448,0,4264743,0.95,0,1.0002084968200131
07-30-2022,4269212,40469,0,4269212,0.95,0,1.0010478943279817
07-31-2022,4269766,40477,0,4269766,0.95,0,1.00012976633627
08-01-2022,4273304,40500,0,4273304,0.95,0,1.0008286168375504
08-02-2022,4276396,40518,0,4276396,0.95,0,1.0007235619090054
08-03-2022,4280357,40531,0,4280357,0.95,0,1.0009262472418363
08-04-2022,4283662,40544,0,4283662,0.95,0,1.000772131857226
08-05-2022,4287884,40555,0,4287884,0.95,0,1.0009856053068613
08-06-2022,4288852,40555,0,4288852,0.95,0,1.0002257523757638
08-07-2022,4289883,40566,0,4289883,0.95,0,1.0002403906686452
08-08-2022,4292932,40587,0,4292932,0.95,0,1.000710741994595
08-09-2022,4292932,40587,0,4292932,0.95,0,1.0
08-10-2022,4297469,40601,0,4297469,0.94,0,1.0010568534512077
08-11-2022,4302477,40619,0,4302477,0.94,0,1.0011653370856195
08-12-2022,4305402,40634,0,4305402,0.94,0,1.0006798409381386
08-13-2022,4306853,40641,0,4306853,0.94,0,1.0003370184712137
08-14-2022,4307135,40647,0,4307135,0.94,0,1.0000654770432147
08-15-2022,4310239,40660,0,4310239,0.94,0,1.0007206646645623
08-16-2022,4314213,40674,0,4314213,0.94,0,1.0009219906367142
08-17-2022,4317780,40687,0,4317780,0.94,0,1.0008268020146431
08-18-2022,4320609,40700,0,4320609,0.94,0,1.0006551978099858
08-19-2022,4323488,40714,0,4323488,0.94,0,1.0006663412495784
08-20-2022,4324812,40719,0,4324812,0.94,0,1.0003062342256992
08-21-2022,4325194,40726,0,4325194,0.94,0,1.000088327538862
08-22-2022,4327819,40747,0,4327819,0.94,0,1.000606909192975
08-23-2022,4330039,40756,0,4330039,0.94,0,1.000512960454215
08-24-2022,4332971,40758,0,4332971,0.94,0,1.0006771301597976
08-25-2022,4334684,40758,0,4334684,0.94,0,1.0003953407488764
08-26-2022,4338808,40781,0,4338808,0.94,0,1.0009513957649507
08-27-2022,4339998,40787,0,4339998,0.94,0,1.000274268877535
08-28-2022,4340382,40791,0,4340382,0.94,0,1.0000884793034466
08-29-2022,4343107,40805,0,4343107,0.94,0,1.0006278249241656
08-30-2022,4345369,40814,0,4345369,0.94,0,1.000520825298571
08-31-2022,4348510,40829,0,4348510,0.94,0,1.0007228384977203
09-01-2022,4352022,40839,0,4352022,0.94,0,1.0008076329593354
09-02-2022,4354525,40846,0,4354525,0.94,0,1.0005751349602552
09-03-2022,4355725,40848,0,4355725,0.94,0,1.0002755754071915
09-04-2022,4356062,40851,0,4356062,0.94,0,1.0000773694390717
09-05-2022,4358878,40857,0,4358878,0.94,0,1.0006464554453083
09-06-2022,4361336,40869,0,4361336,0.94,0,1.0005639065832996
09-07-2022,4365965,40883,0,4365965,0.94,0,1.00106137201995
09-08-2022,4369120,40898,0,4369120,0.94,0,1.0007226352020688
09-09-2022,4372298,40905,0,4372298,0.94,0,1.0007273775954884
09-10-2022,4373873,40906,0,4373873,0.94,0,1.0003602224733996
09-11-2022,4374085,40906,0,4374085,0.94,0,1.0000484696286336
09-12-2022,4377652,40918,0,4377652,0.93,0,1.0008154848385433
09-13-2022,4377738,40918,0,4377738,0.93,0,1.0000196452344774
09-14-2022,4386429,40932,0,4386429,0.93,0,1.001985271845871
09-15-2022,4390188,40943,0,4390188,0.93,0,1.0008569613232086
09-16-2022,4393940,40951,0,4393940,0.93,0,1.0008546331045505
09-17-2022,4395603,40953,0,4395603,0.93,0,1.0003784758098655
09-18-2022,4396134,40956,0,4396134,0.93,0,1.0001208025383548
09-19-2022,4400015,40967,0,4400015,0.93,0,1.0008828211332959
09-20-2022,4401773,40967,0,4401773,0.93,0,1.0003995440924633
09-21-2022,4409510,40990,0,4409510,0.93,0,1.0017577008173753
09-22-2022,4413519,40999,0,4413519,0.93,0,1.0009091713138194
09-23-2022,4417617,41009,0,4417617,0.93,0,1.0009285107869708
09-24-2022,4419509,41012,0,4419509,0.93,0,1.000428285204444
09-25-2022,4419726,41012,0,4419726,0.93,0,1.0000491004769987
09-26-2022,4424760,41039,0,4424760,0.93,0,1.0011389846338892
09-27-2022,4431015,41049,0,4431015,0.93,0,1.0014136359938166
09-28-2022,4433510,41059,0,4433510,0.93,0,1.0005630764057445
09-29-2022,4437198,41090,0,4437198,0.93,0,1.0008318465504757
09-30-2022,4442820,41104,0,4442820,0.93,0,1.0012670158059207
10-01-2022,4445052,41107,0,4445052,0.92,0,1.0005023836212135
10-02-2022,4445673,41118,0,4445673,0.92,0,1.0001397059022032
10-03-2022,4450607,41142,0,4450607,0.92,0,1.0011098432115901
10-04-2022,4452643,41142,0,4452643,0.92,0,1.0004574656895115
10-05-2022,4460831,41185,0,4460831,0.92,0,1.0018389078127306
10-06-2022,4465014,41200,0,4465014,0.92,0,1.0009377176584362
10-07-2022,4469059,41225,0,4469059,0.92,0,1.000905932209843
10-08-2022,4470713,41234,0,4470713,0.92,0,1.000370100282856
10-09-2022,4471217,41240,0,4471217,0.92,0,1.0001127336959452
10-10-2022,4475164,41281,0,4475164,0.92,0,1.0008827574237618
10-11-2022,4479715,41311,0,4479715,0.92,0,1.001016945971142
10-12-2022,4481937,41332,0,4481937,0.92,0,1.0004960136973
10-13-2022,4485388,41354,0,4485388,0.92,0,1.000769979586951
10-14-2022,4488281,41376,0,4488281,0.92,0,1.0006449832210724
10-15-2022,4490294,41380,0,4490294,0.92,0,1.000448501330465
10-16-2022,4490643,41388,0,4490643,0.92,0,1.000077723195853
10-17-2022,4493130,41420,0,4493130,0.92,0,1.0005538182393925
10-18-2022,4496553,41427,0,4496553,0.92,0,1.000761829726716
10-19-2022,4499362,41454,0,4499362,0.92,0,1.0006247007429914
10-20-2022,4500308,41454,0,4500308,0.92,0,1.0002102520312879
10-21-2022,4504003,41491,0,4504003,0.92,0,1.0008210549144636
10-22-2022,4504786,41492,0,4504786,0.92,0,1.0001738453548987
10-23-2022,4504885,41492,0,4504885,0.92,0,1.0000219766266367
10-24-2022,4506846,41524,0,4506846,0.92,0,1.0004353052297672
10-25-2022,4506896,41524,0,4506896,0.92,0,1.0000110942330844
10-26-2022,4519021,41549,0,4519021,0.92,0,1.0026903216759384
10-27-2022,4512136,41567,0,4512136,0.92,0,1.0015235600808228
10-28-2022,4512718,41570,0,4512718,0.92,0,1.000128985473842
10-29-2022,4512776,41570,0,4512776,0.92,0,1.000012852564685
10-30-2022,4512963,41573,0,4512963,0.92,0,1.0000414379087286
10-31-2022,4513087,41580,0,4513087,0.92,0,1.000027476405191
11-01-2022,4515117,41602,0,4515117,0.92,0,1.0004498029840772
11-02-2022,4516710,41613,0,4516710,0.92,0,1.0003528147775573
11-03-2022,4517514,41624,0,4517514,0.92,0,1.0001780056722702
11-04-2022,4518555,41635,0,4518555,0.92,0,1.0002304364745742
11-05-2022,4519751,41648,0,4519751,0.92,0,1.000264686387573
11-06-2022,4519947,41654,0,4519947,0.92,0,1.0000433652207832
11-07-2022,4520054,41660,0,4520054,0.92,0,1.0000236728439515
11-08-2022,4521430,41674,0,4521430,0.92,0,1.0003044211418712
11-09-2022,4522444,41682,0,4522444,0.92,0,1.0002242653319857
11-10-2022,4523069,41698,0,4523069,0.92,0,1.000138199610653
11-11-2022,4523895,41703,0,4523895,0.92,0,1.0001826193675136
11-12-2022,4524863,41710,0,4524863,0.92,0,1.0002139749043688
11-13-2022,4525021,41713,0,4525021,0.92,0,1.0000349181842632
11-14-2022,4525110,41717,0,4525110,0.92,0,1.0000196684170084
11-15-2022,4526328,41732,0,4526328,0.92,0,1.0002691647274873
11-16-2022,4527218,41738,0,4527218,0.92,0,1.0001966273765401
11-17-2022,4527776,41743,0,4527776,0.92,0,1.0001232545019922
11-18-2022,4528130,41746,0,4528130,0.92,0,1.0000781840797779
11-19-2022,4528833,41751,0,4528833,0.92,0,1.00015525172643
11-20-2022,4529002,41755,0,4529002,0.92,0,1.0000373164565795
11-21-2022,4529105,41759,0,4529105,0.92,0,1.0000227423171815
11-22-2022,4530396,41772,0,4530396,0.92,0,1.0002850452793655
11-23-2022,4531025,41774,0,4531025,0.92,0,1.0001388399601272
11-24-2022,4531859,41783,0,4531859,0.92,0,1.000184064312159
11-25-2022,4532640,41791,0,4532640,0.92,0,1.000172335458804
11-26-2022,4533602,41797,0,4533602,0.92,0,1.0002122383423346
11-27-2022,4533753,41799,0,4533753,0.92,0,1.0000333068496088
11-28-2022,4533848,41800,0,4533848,0.92,0,1.0000209539425726
11-29-2022,4557086,41814,0,4557086,0.92,0,1.0051254475227225
11-30-2022,4558202,41882,0,4558202,0.92,0,1.0002448933375407
12-01-2022,4559200,41888,0,4559200,0.92,0,1.0002189459791382
12-02-2022,4560109,41897,0,4560109,0.92,0,1.000199377083699
12-03-2022,4561031,41901,0,4561031,0.92,0,1.0002021881494498
12-04-2022,4561223,41904,0,4561223,0.92,0,1.0000420957454577
12-05-2022,4561350,41904,0,4561350,0.92,0,1.0000278434095418
12-06-2022,4562887,41923,0,4562887,0.92,0,1.000336961645127
12-07-2022,4564148,41931,0,4564148,0.92,0,1.0002763601202485
12-08-2022,4565229,41937,0,4565229,0.92,0,1.0002368459567919
12-09-2022,4566217,41949,0,4566217,0.92,0,1.0002164184972977
12-10-2022,4567205,41952,0,4567205,0.92,0,1.000216371670466
12-11-2022,4567383,41953,0,4567383,0.92,0,1.0000389735078674
12-12-2022,4567493,41957,0,4567493,0.92,0,1.0000240838134222
12-13-2022,4568993,41971,0,4568993,0.92,0,1.000328407728266
12-14-2022,4570189,41979,0,4570189,0.92,0,1.000261764463198
12-15-2022,4571137,41991,0,4571137,0.92,0,1.000207431246279
12-16-2022,4571924,42001,0,4571924,0.92,0,1.0001721672310413
12-17-2022,4572726,42005,0,4572726,0.92,0,1.0001754184890213
12-18-2022,4572868,42006,0,4572868,0.92,0,1.0000310536865755
12-19-2022,4572980,42012,0,4572980,0.92,0,1.0000244922879908
12-20-2022,4574354,42026,0,4574354,0.92,0,1.0003004605312071
12-21-2022,4575220,42044,0,4575220,0.92,0,1.0001893163493687
12-22-2022,4576016,42054,0,4576016,0.92,0,1.000173980704753
12-23-2022,4576689,42063,0,4576689,0.92,0,1.0001470711640867
12-24-2022,4577186,42075,0,4577186,0.92,0,1.0001085937890908
12-25-2022,4577278,42077,0,4577278,0.92,0,1.000020099685702
12-26-2022,4577386,42083,0,4577386,0.92,0,1.0000235948089673
12-27-2022,4577506,42087,0,4577506,0.92,0,1.0000262158358504
12-28-2022,4578271,42094,0,4578271,0.92,0,1.0001671215723147
12-29-2022,4578856,42106,0,4578856,0.92,0,1.0001277774950412
12-30-2022,4579420,42116,0,4579420,0.92,0,1.0001231748716273
12-31-2022,4579875,42131,0,4579875,0.92,0,1.0000993575605643
01-01-2023,4579980,42134,0,4579980,0.92,0,1.0000229263899123
01-02-2023,4580077,42140,0,4580077,0.92,0,1.0000211791317866
01-03-2023,4580954,42158,0,4580954,0.92,0,1.0001914814969268
01-04-2023,4581596,42168,0,4581596,0.92,0,1.0001401454806138
01-05-2023,4582092,42178,0,4582092,0.92,0,1.0001082592179669
01-06-2023,4582485,42186,0,4582485,0.92,0,1.0000857686838238
01-07-2023,4582860,42196,0,4582860,0.92,0,1.0000818333284234
01-08-2023,4582935,42200,0,4582935,0.92,0,1.0000163653264555
01-09-2023,4582978,42205,0,4582978,0.92,0,1.000009382633618
01-10-2023,4583646,42220,0,4583646,0.92,0,1.0001457567546692
01-11-2023,4584028,42229,0,4584028,0.92,0,1.000083339769258
01-12-2023,4584328,42235,0,4584328,0.92,0,1.000065444626429
01-13-2023,4584611,42242,0,4584611,0.92,0,1.0000617320575667
01-14-2023,4584885,42253,0,4584885,0.92,0,1.0000597651578291
01-15-2023,4584920,42254,0,4584920,0.92,0,1.0000076337792552
01-16-2023,4584949,42258,0,4584949,0.92,0,1.0000063250830986
01-17-2023,4585396,42264,0,4585396,0.92,0,1.0000974929055917
01-18-2023,4585761,42266,0,4585761,0.92,0,1.0000796005404986
01-19-2023,4586086,42269,0,4586086,0.92,0,1.0000708715521807
01-20-2023,4586356,42275,0,4586356,0.92,0,1.0000588737324159
01-21-2023,4586731,42280,0,4586731,0.92,0,1.0000817642590327
01-22-2023,4586781,42280,0,4586781,0.92,0,1.0000109010098914
01-23-2023,4586827,42283,0,4586827,0.92,0,1.0000100288197757
01-24-2023,4587340,42287,0,4587340,0.92,0,1.0001118420206387
01-25-2023,4587725,42293,0,4587725,0.92,0,1.0000839266328634
01-26-2023,4588086,42296,0,4588086,0.92,0,1.000078688238724
01-27-2023,4588400,42301,0,4588400,0.92,0,1.0000684381243072
01-28-2023,4588727,42302,0,4588727,0.92,0,1.0000712666724785
01-29-2023,4588772,42303,0,4588772,0.92,0,1.0000098066413625
01-30-2023,4588820,42304,0,4588820,0.92,0,1.000010460314873
01-31-2023,4589483,42307,0,4589483,0.92,0,1.0001444815878593
02-01-2023,4590019,42312,0,4590019,0.92,0,1.0001167887537659
02-02-2023,4590529,42319,0,4590529,0.92,0,1.000111110651176
02-03-2023,4590969,42323,0,4590969,0.92,0,1.0000958495197394
02-04-2023,4591409,42325,0,4591409,0.92,0,1.0000958403334894
02-05-2023,4591500,42326,0,4591500,0.92,0,1.0000198196239978
02-06-2023,4591550,42327,0,4591550,0.92,0,1.000010889687466
02-07-2023,4592556,42329,0,4592556,0.92,0,1.0002190981259051
02-08-2023,4593277,42334,0,4593277,0.92,0,1.000156993186365
02-09-2023,4593923,42338,0,4593923,0.92,0,1.0001406403315105
02-10-2023,4594497,42344,0,4594497,0.92,0,1.00012494767544
02-11-2023,4595191,42346,0,4595191,0.92,0,1.000151050267309
02-12-2023,4595326,42348,0,4595326,0.92,0,1.0000293785394339
02-13-2023,4595426,42348,0,4595426,0.92,0,1.0000217612417486
02-14-2023,4596830,42358,0,4596830,0.92,0,1.000305521185631
02-15-2023,4597987,42361,0,4597987,0.92,0,1.000251695189946
02-16-2023,4599042,42368,0,4599042,0.92,0,1.0002294482346297
02-17-2023,4599931,42369,0,4599931,0.92,0,1.000193301126626
02-18-2023,4600939,42373,0,4600939,0.92,0,1.0002191337217885
02-19-2023,4601070,42375,0,4601070,0.92,0,1.0000284724487762
02-20-2023,4601177,42380,0,4601177,0.92,0,1.000023255460143
02-21-2023,4602994,42391,0,4602994,0.92,0,1.0003948989573754
02-22-2023,4604427,42397,0,4604427,0.92,0,1.000311319110996
02-23-2023,4605644,42404,0,4605644,0.92,0,1.0002643108469307
02-24-2023,4606824,42412,0,4606824,0.92,0,1.00025620738381
02-25-2023,4607883,42422,0,4607883,0.92,0,1.0002298763746997
02-26-2023,4608022,42424,0,4608022,0.92,0,1.0000301656964814
02-27-2023,4608120,42426,0,4608120,0.92,0,1.0000212672595747
02-28-2023,4609820,42436,0,4609820,0.92,0,1.0003689140039755
03-01-2023,4611001,42436,0,4611001,0.92,0,1.000256192215748
03-02-2023,4611985,42446,0,4611985,0.92,0,1.0002134026863148
03-03-2023,4612903,42457,0,4612903,0.92,0,1.0001990466144188
03-04-2023,4613882,42464,0,4613882,0.92,0,1.0002122307796197
03-05-2023,4614022,42465,0,4614022,0.92,0,1.0000303432120718
03-06-2023,4614143,42470,0,4614143,0.92,0,1.0000262244089864
03-07-2023,4615945,42484,0,4615945,0.92,0,1.0003905383946705
03-08-2023,4617114,42488,0,4617114,0.92,0,1.0002532525842487
03-09-2023,4618256,42491,0,4618256,0.92,0,1.00024734065479
