date,total_confirmed,total_deaths,total_recovered,total_infected,mortality_rate,recovery_rate,daily_growth_rate
03-16-2020,1,0,0,1,0,0,1
03-17-2020,1,0,0,1,0,0,1.0
03-18-2020,3,0,0,3,0,0,3.0
03-19-2020,6,0,0,6,0,0,2.0
03-20-2020,6,0,0,6,0,0,1.0
03-21-2020,6,0,0,6,0,0,1.0
03-22-2020,12,0,0,12,0,0,2.0
03-23-2020,12,0,0,12,0,0,1.0
03-24-2020,12,0,0,12,0,0,1.0
03-25-2020,12,0,0,12,0,0,1.0
03-26-2020,13,0,0,13,0,0,1.0833333333333333
03-27-2020,13,0,1,12,0,7.69,1.0
03-28-2020,14,0,1,13,0,7.14,1.0769230769230769
03-29-2020,14,0,1,13,0,7.14,1.0
03-30-2020,19,0,1,18,0,5.26,1.3571428571428572
03-31-2020,19,1,1,18,5.26,5.26,1.0
04-01-2020,20,1,1,19,5.0,5.0,1.0526315789473684
04-02-2020,20,1,2,18,5.0,10.0,1.0
04-03-2020,20,1,3,17,5.0,15.0,1.0
04-04-2020,20,1,3,17,5.0,15.0,1.0
04-05-2020,22,1,3,19,4.55,13.64,1.1
04-06-2020,24,1,3,21,4.17,12.5,1.0909090909090908
04-07-2020,24,1,5,19,4.17,20.83,1.0
04-08-2020,25,1,5,20,4.0,20.0,1.0416666666666667
04-09-2020,25,1,5,20,4.0,20.0,1.0
04-10-2020,32,3,5,27,9.38,15.63,1.28
04-11-2020,32,3,5,27,9.38,15.63,1.0
04-12-2020,32,3,5,27,9.38,15.63,1.0
04-13-2020,49,3,7,42,6.12,14.29,1.53125
04-14-2020,53,3,7,46,5.66,13.21,1.0816326530612246
04-15-2020,88,4,11,77,4.55,12.5,1.6603773584905661
04-16-2020,94,4,11,83,4.26,11.7,1.0681818181818181
04-17-2020,147,5,11,136,3.4,7.48,1.5638297872340425
04-18-2020,147,5,11,136,3.4,7.48,1.0
04-19-2020,170,7,11,159,4.12,6.47,1.1564625850340136
04-20-2020,254,10,11,243,3.94,4.33,1.4941176470588236
04-21-2020,254,10,11,243,3.94,4.33,1.0
04-22-2020,284,10,11,273,3.52,3.87,1.1181102362204725
04-23-2020,284,10,11,273,3.52,3.87,1.0
04-24-2020,299,10,48,251,3.34,16.05,1.0528169014084507
04-25-2020,299,10,48,251,3.34,16.05,1.0
04-26-2020,299,10,48,251,3.34,16.05,1.0
04-27-2020,299,10,48,251,3.34,16.05,1.0
04-28-2020,299,10,48,251,3.34,16.05,1.0
04-29-2020,480,16,167,313,3.33,34.79,1.605351170568562
04-30-2020,480,16,167,313,3.33,34.79,1.0
05-01-2020,480,16,167,313,3.33,34.79,1.0
05-02-2020,480,16,167,313,3.33,34.79,1.0
05-03-2020,480,16,167,313,3.33,34.79,1.0
05-04-2020,480,16,167,313,3.33,34.79,1.0
05-05-2020,480,16,167,313,3.33,34.79,1.0
05-06-2020,480,16,167,313,3.33,34.79,1.0
05-07-2020,480,16,167,313,3.33,34.79,1.0
05-08-2020,509,21,183,326,4.13,35.95,1.0604166666666666
05-09-2020,509,21,183,326,4.13,35.95,1.0
05-10-2020,509,21,183,326,4.13,35.95,1.0
05-11-2020,509,21,183,326,4.13,35.95,1.0
05-12-2020,509,21,183,326,4.13,35.95,1.0
05-13-2020,509,21,183,326,4.13,35.95,1.0
05-14-2020,509,21,183,326,4.13,35.95,1.0
05-15-2020,509,21,183,326,4.13,35.95,1.0
05-16-2020,509,21,183,326,4.13,35.95,1.0
05-17-2020,509,21,183,326,4.13,35.95,1.0
05-18-2020,509,21,183,326,4.13,35.95,1.0
05-19-2020,509,21,183,326,4.13,35.95,1.0
05-20-2020,509,21,183,326,4.13,35.95,1.0
05-21-2020,509,21,183,326,4.13,35.95,1.0
05-22-2020,509,21,183,326,4.13,35.95,1.0
05-23-2020,509,21,183,326,4.13,35.95,1.0
05-24-2020,509,21,183,326,4.13,35.95,1.0
05-25-2020,509,21,183,326,4.13,35.95,1.0
05-26-2020,509,21,183,326,4.13,35.95,1.0
05-27-2020,509,21,183,326,4.13,35.95,1.0
05-28-2020,509,21,183,326,4.13,35.95,1.0
05-29-2020,509,21,183,326,4.13,35.95,1.0
05-30-2020,509,21,183,326,4.13,35.95,1.0
05-31-2020,509,21,183,326,4.13,35.95,1.0
06-01-2020,509,21,183,326,4.13,35.95,1.0
06-02-2020,509,21,183,326,4.13,35.95,1.0
06-03-2020,509,21,183,326,4.13,35.95,1.0
06-04-2020,509,21,183,326,4.13,35.95,1.0
06-05-2020,509,21,183,326,4.13,35.95,1.0
06-06-2020,509,21,183,326,4.13,35.95,1.0
06-07-2020,509,21,183,326,4.13,35.95,1.0
06-08-2020,509,21,183,326,4.13,35.95,1.0
06-09-2020,509,21,183,326,4.13,35.95,1.0
06-10-2020,509,21,183,326,4.13,35.95,1.0
06-11-2020,509,21,183,326,4.13,35.95,1.0
06-12-2020,509,21,183,326,4.13,35.95,1.0
06-13-2020,509,21,183,326,4.13,35.95,1.0
06-14-2020,509,21,183,326,4.13,35.95,1.0
06-15-2020,509,21,183,326,4.13,35.95,1.0
06-16-2020,509,21,183,326,4.13,35.95,1.0
06-17-2020,509,21,183,326,4.13,35.95,1.0
06-18-2020,509,21,183,326,4.13,35.95,1.0
06-19-2020,509,21,183,326,4.13,35.95,1.0
06-20-2020,509,21,183,326,4.13,35.95,1.0
06-21-2020,509,21,183,326,4.13,35.95,1.0
06-22-2020,509,21,183,326,4.13,35.95,1.0
06-23-2020,509,21,183,326,4.13,35.95,1.0
06-24-2020,509,21,183,326,4.13,35.95,1.0
06-25-2020,509,21,183,326,4.13,35.95,1.0
06-26-2020,509,21,183,326,4.13,35.95,1.0
06-27-2020,509,21,183,326,4.13,35.95,1.0
06-28-2020,509,21,183,326,4.13,35.95,1.0
06-29-2020,509,21,183,326,4.13,35.95,1.0
06-30-2020,509,21,183,326,4.13,35.95,1.0
07-01-2020,509,21,183,326,4.13,35.95,1.0
07-02-2020,509,21,183,326,4.13,35.95,1.0
07-03-2020,509,21,183,326,4.13,35.95,1.0
07-04-2020,509,21,183,326,4.13,35.95,1.0
07-05-2020,509,21,183,326,4.13,35.95,1.0
07-06-2020,509,21,183,326,4.13,35.95,1.0
07-07-2020,509,21,183,326,4.13,35.95,1.0
07-08-2020,509,21,183,326,4.13,35.95,1.0
07-09-2020,509,21,183,326,4.13,35.95,1.0
07-10-2020,509,21,183,326,4.13,35.95,1.0
07-11-2020,509,21,183,326,4.13,35.95,1.0
07-12-2020,509,21,183,326,4.13,35.95,1.0
07-13-2020,509,21,183,326,4.13,35.95,1.0
07-14-2020,509,21,183,326,4.13,35.95,1.0
07-15-2020,509,21,183,326,4.13,35.95,1.0
07-16-2020,509,21,183,326,4.13,35.95,1.0
07-17-2020,509,21,183,326,4.13,35.95,1.0
07-18-2020,509,21,183,326,4.13,35.95,1.0
07-19-2020,509,21,183,326,4.13,35.95,1.0
07-20-2020,509,21,183,326,4.13,35.95,1.0
07-21-2020,509,21,183,326,4.13,35.95,1.0
07-22-2020,509,21,183,326,4.13,35.95,1.0
07-23-2020,509,21,183,326,4.13,35.95,1.0
07-24-2020,509,21,183,326,4.13,35.95,1.0
07-25-2020,509,21,183,326,4.13,35.95,1.0
07-26-2020,509,21,183,326,4.13,35.95,1.0
07-27-2020,509,21,183,326,4.13,35.95,1.0
07-28-2020,509,21,183,326,4.13,35.95,1.0
07-29-2020,509,21,183,326,4.13,35.95,1.0
07-30-2020,509,21,183,326,4.13,35.95,1.0
07-31-2020,509,21,183,326,4.13,35.95,1.0
08-01-2020,509,21,183,326,4.13,35.95,1.0
08-02-2020,509,21,183,326,4.13,35.95,1.0
08-03-2020,509,21,183,326,4.13,35.95,1.0
08-04-2020,509,21,183,326,4.13,35.95,1.0
08-05-2020,509,21,183,326,4.13,35.95,1.0
08-06-2020,509,21,183,326,4.13,35.95,1.0
08-07-2020,509,21,183,326,4.13,35.95,1.0
08-08-2020,509,21,183,326,4.13,35.95,1.0
08-09-2020,509,21,183,326,4.13,35.95,1.0
08-10-2020,509,21,183,326,4.13,35.95,1.0
08-11-2020,509,21,183,326,4.13,35.95,1.0
08-12-2020,509,21,183,326,4.13,35.95,1.0
08-13-2020,509,21,183,326,4.13,35.95,1.0
08-14-2020,509,21,183,326,4.13,35.95,1.0
08-15-2020,509,21,183,326,4.13,35.95,1.0
08-16-2020,509,21,183,326,4.13,35.95,1.0
08-17-2020,509,21,183,326,4.13,35.95,1.0
08-18-2020,509,21,183,326,4.13,35.95,1.0
08-19-2020,509,21,183,326,4.13,35.95,1.0
08-20-2020,509,21,183,326,4.13,35.95,1.0
08-21-2020,509,21,183,326,4.13,35.95,1.0
08-22-2020,509,21,183,326,4.13,35.95,1.0
08-23-2020,509,21,183,326,4.13,35.95,1.0
08-24-2020,509,21,183,326,4.13,35.95,1.0
08-25-2020,509,21,183,326,4.13,35.95,1.0
08-26-2020,509,21,183,326,4.13,35.95,1.0
08-27-2020,509,21,183,326,4.13,35.95,1.0
08-28-2020,509,21,183,326,4.13,35.95,1.0
08-29-2020,509,21,183,326,4.13,35.95,1.0
08-30-2020,509,21,183,326,4.13,35.95,1.0
08-31-2020,509,21,183,326,4.13,35.95,1.0
09-01-2020,509,21,183,326,4.13,35.95,1.0
09-02-2020,509,21,183,326,4.13,35.95,1.0
09-03-2020,509,21,183,326,4.13,35.95,1.0
09-04-2020,509,21,183,326,4.13,35.95,1.0
09-05-2020,509,21,183,326,4.13,35.95,1.0
09-06-2020,509,21,183,326,4.13,35.95,1.0
09-07-2020,509,21,183,326,4.13,35.95,1.0
09-08-2020,509,21,183,326,4.13,35.95,1.0
09-09-2020,509,21,183,326,4.13,35.95,1.0
09-10-2020,509,21,183,326,4.13,35.95,1.0
09-11-2020,509,21,183,326,4.13,35.95,1.0
09-12-2020,509,21,183,326,4.13,35.95,1.0
09-13-2020,509,21,183,326,4.13,35.95,1.0
09-14-2020,509,21,183,326,4.13,35.95,1.0
09-15-2020,509,21,183,326,4.13,35.95,1.0
09-16-2020,509,21,183,326,4.13,35.95,1.0
09-17-2020,509,21,183,326,4.13,35.95,1.0
09-18-2020,509,21,183,326,4.13,35.95,1.0
09-19-2020,509,21,183,326,4.13,35.95,1.0
09-20-2020,509,21,183,326,4.13,35.95,1.0
09-21-2020,509,21,183,326,4.13,35.95,1.0
09-22-2020,509,21,183,326,4.13,35.95,1.0
09-23-2020,509,21,183,326,4.13,35.95,1.0
09-24-2020,509,21,183,326,4.13,35.95,1.0
09-25-2020,509,21,183,326,4.13,35.95,1.0
09-26-2020,509,21,183,326,4.13,35.95,1.0
09-27-2020,509,21,183,326,4.13,35.95,1.0
09-28-2020,509,21,183,326,4.13,35.95,1.0
09-29-2020,509,21,183,326,4.13,35.95,1.0
09-30-2020,509,21,183,326,4.13,35.95,1.0
10-01-2020,509,21,183,326,4.13,35.95,1.0
10-02-2020,509,21,183,326,4.13,35.95,1.0
10-03-2020,509,21,183,326,4.13,35.95,1.0
10-04-2020,509,21,183,326,4.13,35.95,1.0
10-05-2020,509,21,183,326,4.13,35.95,1.0
10-06-2020,509,21,183,326,4.13,35.95,1.0
10-07-2020,509,21,183,326,4.13,35.95,1.0
10-08-2020,509,21,183,326,4.13,35.95,1.0
10-09-2020,509,21,183,326,4.13,35.95,1.0
10-10-2020,509,21,183,326,4.13,35.95,1.0
10-11-2020,509,21,183,326,4.13,35.95,1.0
10-12-2020,509,21,183,326,4.13,35.95,1.0
10-13-2020,509,21,183,326,4.13,35.95,1.0
10-14-2020,509,21,183,326,4.13,35.95,1.0
10-15-2020,509,21,183,326,4.13,35.95,1.0
10-16-2020,509,21,183,326,4.13,35.95,1.0
10-17-2020,509,21,183,326,4.13,35.95,1.0
10-18-2020,509,21,183,326,4.13,35.95,1.0
10-19-2020,509,21,183,326,4.13,35.95,1.0
10-20-2020,509,21,183,326,4.13,35.95,1.0
10-21-2020,509,21,183,326,4.13,35.95,1.0
10-22-2020,509,21,183,326,4.13,35.95,1.0
10-23-2020,509,21,183,326,4.13,35.95,1.0
10-24-2020,509,21,183,326,4.13,35.95,1.0
10-25-2020,509,21,183,326,4.13,35.95,1.0
10-26-2020,509,21,183,326,4.13,35.95,1.0
10-27-2020,509,21,183,326,4.13,35.95,1.0
10-28-2020,509,21,183,326,4.13,35.95,1.0
10-29-2020,509,21,183,326,4.13,35.95,1.0
10-30-2020,509,21,183,326,4.13,35.95,1.0
10-31-2020,509,21,183,326,4.13,35.95,1.0
11-01-2020,509,21,183,326,4.13,35.95,1.0
11-02-2020,509,21,183,326,4.13,35.95,1.0
11-03-2020,509,21,183,326,4.13,35.95,1.0
11-04-2020,509,21,183,326,4.13,35.95,1.0
11-05-2020,509,21,183,326,4.13,35.95,1.0
11-06-2020,509,21,183,326,4.13,35.95,1.0
11-07-2020,509,21,183,326,4.13,35.95,1.0
11-08-2020,509,21,183,326,4.13,35.95,1.0
11-09-2020,509,21,183,326,4.13,35.95,1.0
11-10-2020,509,21,183,326,4.13,35.95,1.0
11-11-2020,509,21,183,326,4.13,35.95,1.0
11-12-2020,509,21,183,326,4.13,35.95,1.0
11-13-2020,509,21,183,326,4.13,35.95,1.0
11-14-2020,509,21,183,326,4.13,35.95,1.0
11-15-2020,509,21,183,326,4.13,35.95,1.0
11-16-2020,509,21,183,326,4.13,35.95,1.0
11-17-2020,509,21,183,326,4.13,35.95,1.0
11-18-2020,509,21,183,326,4.13,35.95,1.0
11-19-2020,509,21,183,326,4.13,35.95,1.0
11-20-2020,509,21,183,326,4.13,35.95,1.0
11-21-2020,509,21,183,326,4.13,35.95,1.0
11-22-2020,509,21,183,326,4.13,35.95,1.0
11-23-2020,509,21,183,326,4.13,35.95,1.0
11-24-2020,509,21,183,326,4.13,35.95,1.0
11-25-2020,509,21,183,326,4.13,35.95,1.0
11-26-2020,509,21,183,326,4.13,35.95,1.0
11-27-2020,509,21,183,326,4.13,35.95,1.0
11-28-2020,509,21,183,326,4.13,35.95,1.0
11-29-2020,509,21,183,326,4.13,35.95,1.0
11-30-2020,509,21,183,326,4.13,35.95,1.0
12-01-2020,509,21,183,326,4.13,35.95,1.0
12-02-2020,509,21,183,326,4.13,35.95,1.0
12-03-2020,509,21,183,326,4.13,35.95,1.0
12-04-2020,509,21,183,326,4.13,35.95,1.0
12-05-2020,509,21,183,326,4.13,35.95,1.0
12-06-2020,509,21,183,326,4.13,35.95,1.0
12-07-2020,509,21,183,326,4.13,35.95,1.0
12-08-2020,509,21,183,326,4.13,35.95,1.0
12-09-2020,509,21,183,326,4.13,35.95,1.0
12-10-2020,509,21,183,326,4.13,35.95,1.0
12-11-2020,509,21,183,326,4.13,35.95,1.0
12-12-2020,509,21,183,326,4.13,35.95,1.0
12-13-2020,509,21,183,326,4.13,35.95,1.0
12-14-2020,509,21,183,326,4.13,35.95,1.0
12-15-2020,509,21,183,326,4.13,35.95,1.0
12-16-2020,509,21,183,326,4.13,35.95,1.0
12-17-2020,509,21,183,326,4.13,35.95,1.0
12-18-2020,509,21,183,326,4.13,35.95,1.0
12-19-2020,509,21,183,326,4.13,35.95,1.0
12-20-2020,509,21,183,326,4.13,35.95,1.0
12-21-2020,509,21,183,326,4.13,35.95,1.0
12-22-2020,509,21,183,326,4.13,35.95,1.0
12-23-2020,509,21,183,326,4.13,35.95,1.0
12-24-2020,509,21,183,326,4.13,35.95,1.0
12-25-2020,509,21,183,326,4.13,35.95,1.0
12-26-2020,509,21,183,326,4.13,35.95,1.0
12-27-2020,509,21,183,326,4.13,35.95,1.0
12-28-2020,509,21,183,326,4.13,35.95,1.0
12-29-2020,509,21,183,326,4.13,35.95,1.0
12-30-2020,509,21,183,326,4.13,35.95,1.0
12-31-2020,509,21,183,326,4.13,35.95,1.0
01-01-2021,509,21,183,326,4.13,35.95,1.0
01-02-2021,509,21,183,326,4.13,35.95,1.0
01-03-2021,509,21,183,326,4.13,35.95,1.0
01-04-2021,509,21,183,326,4.13,35.95,1.0
01-05-2021,509,21,183,326,4.13,35.95,1.0
01-06-2021,509,21,183,326,4.13,35.95,1.0
01-07-2021,509,21,183,326,4.13,35.95,1.0
01-08-2021,509,21,183,326,4.13,35.95,1.0
01-09-2021,509,21,183,326,4.13,35.95,1.0
01-10-2021,509,21,183,326,4.13,35.95,1.0
01-11-2021,509,21,183,326,4.13,35.95,1.0
01-12-2021,509,21,183,326,4.13,35.95,1.0
01-13-2021,509,21,183,326,4.13,35.95,1.0
01-14-2021,509,21,183,326,4.13,35.95,1.0
01-15-2021,509,21,183,326,4.13,35.95,1.0
01-16-2021,509,21,183,326,4.13,35.95,1.0
01-17-2021,509,21,183,326,4.13,35.95,1.0
01-18-2021,509,21,183,326,4.13,35.95,1.0
01-19-2021,509,21,183,326,4.13,35.95,1.0
01-20-2021,509,21,183,326,4.13,35.95,1.0
01-21-2021,509,21,183,326,4.13,35.95,1.0
01-22-2021,509,21,183,326,4.13,35.95,1.0
01-23-2021,509,21,183,326,4.13,35.95,1.0
01-24-2021,509,21,183,326,4.13,35.95,1.0
01-25-2021,509,21,183,326,4.13,35.95,1.0
01-26-2021,509,21,183,326,4.13,35.95,1.0
01-27-2021,509,21,183,326,4.13,35.95,1.0
01-28-2021,509,21,183,326,4.13,35.95,1.0
01-29-2021,509,21,183,326,4.13,35.95,1.0
01-30-2021,509,21,183,326,4.13,35.95,1.0
01-31-2021,509,21,183,326,4.13,35.95,1.0
02-01-2021,509,21,183,326,4.13,35.95,1.0
02-02-2021,509,21,183,326,4.13,35.95,1.0
02-03-2021,509,21,183,326,4.13,35.95,1.0
02-04-2021,509,21,183,326,4.13,35.95,1.0
02-05-2021,509,21,183,326,4.13,35.95,1.0
02-06-2021,509,21,183,326,4.13,35.95,1.0
02-07-2021,509,21,183,326,4.13,35.95,1.0
02-08-2021,509,21,183,326,4.13,35.95,1.0
02-09-2021,509,21,183,326,4.13,35.95,1.0
02-10-2021,509,21,183,326,4.13,35.95,1.0
02-11-2021,509,21,183,326,4.13,35.95,1.0
02-12-2021,509,21,183,326,4.13,35.95,1.0
02-13-2021,509,21,183,326,4.13,35.95,1.0
02-14-2021,509,21,183,326,4.13,35.95,1.0
02-15-2021,509,21,183,326,4.13,35.95,1.0
02-16-2021,509,21,183,326,4.13,35.95,1.0
02-17-2021,509,21,183,326,4.13,35.95,1.0
02-18-2021,509,21,183,326,4.13,35.95,1.0
02-19-2021,509,21,183,326,4.13,35.95,1.0
02-20-2021,509,21,183,326,4.13,35.95,1.0
02-21-2021,509,21,183,326,4.13,35.95,1.0
02-22-2021,509,21,183,326,4.13,35.95,1.0
02-23-2021,509,21,183,326,4.13,35.95,1.0
02-24-2021,509,21,183,326,4.13,35.95,1.0
02-25-2021,509,21,183,326,4.13,35.95,1.0
02-26-2021,509,21,183,326,4.13,35.95,1.0
02-27-2021,509,21,183,326,4.13,35.95,1.0
02-28-2021,509,21,183,326,4.13,35.95,1.0
03-01-2021,509,21,183,326,4.13,35.95,1.0
03-02-2021,509,21,183,326,4.13,35.95,1.0
03-03-2021,509,21,183,326,4.13,35.95,1.0
03-04-2021,509,21,183,326,4.13,35.95,1.0
03-05-2021,509,21,183,326,4.13,35.95,1.0
03-06-2021,509,21,183,326,4.13,35.95,1.0
03-07-2021,509,21,183,326,4.13,35.95,1.0
03-08-2021,509,21,183,326,4.13,35.95,1.0
03-09-2021,509,21,183,326,4.13,35.95,1.0
03-10-2021,509,21,183,326,4.13,35.95,1.0
03-11-2021,509,21,183,326,4.13,35.95,1.0
03-12-2021,509,21,183,326,4.13,35.95,1.0
03-13-2021,509,21,183,326,4.13,35.95,1.0
03-14-2021,509,21,183,326,4.13,35.95,1.0
03-15-2021,509,21,183,326,4.13,35.95,1.0
03-16-2021,509,21,183,326,4.13,35.95,1.0
03-17-2021,509,21,183,326,4.13,35.95,1.0
03-18-2021,509,21,183,326,4.13,35.95,1.0
03-19-2021,509,21,183,326,4.13,35.95,1.0
03-20-2021,509,21,183,326,4.13,35.95,1.0
03-21-2021,509,21,183,326,4.13,35.95,1.0
03-22-2021,509,21,183,326,4.13,35.95,1.0
03-23-2021,509,21,183,326,4.13,35.95,1.0
03-24-2021,509,21,183,326,4.13,35.95,1.0
03-25-2021,509,21,183,326,4.13,35.95,1.0
03-26-2021,509,21,183,326,4.13,35.95,1.0
03-27-2021,509,21,183,326,4.13,35.95,1.0
03-28-2021,509,21,183,326,4.13,35.95,1.0
03-29-2021,509,21,183,326,4.13,35.95,1.0
03-30-2021,509,21,183,326,4.13,35.95,1.0
03-31-2021,509,21,183,326,4.13,35.95,1.0
04-01-2021,509,21,183,326,4.13,35.95,1.0
04-02-2021,509,21,183,326,4.13,35.95,1.0
04-03-2021,509,21,183,326,4.13,35.95,1.0
04-04-2021,509,21,183,326,4.13,35.95,1.0
04-05-2021,509,21,183,326,4.13,35.95,1.0
04-06-2021,509,21,183,326,4.13,35.95,1.0
04-07-2021,509,21,183,326,4.13,35.95,1.0
04-08-2021,509,21,183,326,4.13,35.95,1.0
04-09-2021,509,21,183,326,4.13,35.95,1.0
04-10-2021,509,21,183,326,4.13,35.95,1.0
04-11-2021,509,21,183,326,4.13,35.95,1.0
04-12-2021,509,21,183,326,4.13,35.95,1.0
04-13-2021,509,21,183,326,4.13,35.95,1.0
04-14-2021,509,21,183,326,4.13,35.95,1.0
04-15-2021,509,21,183,326,4.13,35.95,1.0
04-16-2021,509,21,183,326,4.13,35.95,1.0
04-17-2021,509,21,183,326,4.13,35.95,1.0
04-18-2021,509,21,183,326,4.13,35.95,1.0
04-19-2021,509,21,183,326,4.13,35.95,1.0
04-20-2021,509,21,183,326,4.13,35.95,1.0
04-21-2021,509,21,183,326,4.13,35.95,1.0
04-22-2021,509,21,183,326,4.13,35.95,1.0
04-23-2021,509,21,183,326,4.13,35.95,1.0
04-24-2021,509,21,183,326,4.13,35.95,1.0
04-25-2021,509,21,183,326,4.13,35.95,1.0
04-26-2021,509,21,183,326,4.13,35.95,1.0
04-27-2021,509,21,183,326,4.13,35.95,1.0
04-28-2021,509,21,183,326,4.13,35.95,1.0
04-29-2021,509,21,183,326,4.13,35.95,1.0
04-30-2021,509,21,183,326,4.13,35.95,1.0
05-01-2021,509,21,183,326,4.13,35.95,1.0
05-02-2021,509,21,183,326,4.13,35.95,1.0
05-03-2021,509,21,183,326,4.13,35.95,1.0
05-04-2021,509,21,183,326,4.13,35.95,1.0
05-05-2021,509,21,183,326,4.13,35.95,1.0
05-06-2021,509,21,183,326,4.13,35.95,1.0
05-07-2021,509,21,183,326,4.13,35.95,1.0
05-08-2021,509,21,183,326,4.13,35.95,1.0
05-09-2021,509,21,183,326,4.13,35.95,1.0
05-10-2021,509,21,183,326,4.13,35.95,1.0
05-11-2021,509,21,183,326,4.13,35.95,1.0
05-12-2021,509,21,183,326,4.13,35.95,1.0
05-13-2021,509,21,183,326,4.13,35.95,1.0
05-14-2021,509,21,183,326,4.13,35.95,1.0
05-15-2021,509,21,183,326,4.13,35.95,1.0
05-16-2021,509,21,183,326,4.13,35.95,1.0
05-17-2021,509,21,183,326,4.13,35.95,1.0
05-18-2021,509,21,183,326,4.13,35.95,1.0
05-19-2021,509,21,183,326,4.13,35.95,1.0
05-20-2021,509,21,183,326,4.13,35.95,1.0
05-21-2021,509,21,183,326,4.13,35.95,1.0
05-22-2021,509,21,183,326,4.13,35.95,1.0
05-23-2021,509,21,183,326,4.13,35.95,1.0
05-24-2021,509,21,183,326,4.13,35.95,1.0
05-25-2021,509,21,183,326,4.13,35.95,1.0
05-26-2021,509,21,183,326,4.13,35.95,1.0
05-27-2021,509,21,183,326,4.13,35.95,1.0
05-28-2021,509,21,183,326,4.13,35.95,1.0
05-29-2021,509,21,183,326,4.13,35.95,1.0
05-30-2021,509,21,183,326,4.13,35.95,1.0
05-31-2021,509,21,183,326,4.13,35.95,1.0
06-01-2021,509,21,183,326,4.13,35.95,1.0
06-02-2021,509,21,183,326,4.13,35.95,1.0
06-03-2021,509,21,183,326,4.13,35.95,1.0
06-04-2021,509,21,183,326,4.13,35.95,1.0
06-05-2021,509,21,183,326,4.13,35.95,1.0
06-06-2021,509,21,183,326,4.13,35.95,1.0
06-07-2021,509,21,183,326,4.13,35.95,1.0
06-08-2021,509,21,183,326,4.13,35.95,1.0
06-09-2021,509,21,183,326,4.13,35.95,1.0
06-10-2021,509,21,183,326,4.13,35.95,1.0
06-11-2021,509,21,183,326,4.13,35.95,1.0
06-12-2021,509,21,183,326,4.13,35.95,1.0
06-13-2021,509,21,183,326,4.13,35.95,1.0
06-14-2021,509,21,183,326,4.13,35.95,1.0
06-15-2021,509,21,183,326,4.13,35.95,1.0
06-16-2021,509,21,183,326,4.13,35.95,1.0
06-17-2021,509,21,183,326,4.13,35.95,1.0
06-18-2021,509,21,183,326,4.13,35.95,1.0
06-19-2021,509,21,183,326,4.13,35.95,1.0
06-20-2021,509,21,183,326,4.13,35.95,1.0
06-21-2021,509,21,183,326,4.13,35.95,1.0
06-22-2021,509,21,183,326,4.13,35.95,1.0
06-23-2021,509,21,183,326,4.13,35.95,1.0
06-24-2021,509,21,183,326,4.13,35.95,1.0
06-25-2021,509,21,183,326,4.13,35.95,1.0
06-26-2021,509,21,183,326,4.13,35.95,1.0
06-27-2021,509,21,183,326,4.13,35.95,1.0
06-28-2021,509,21,183,326,4.13,35.95,1.0
06-29-2021,509,21,183,326,4.13,35.95,1.0
06-30-2021,509,21,183,326,4.13,35.95,1.0
07-01-2021,509,21,183,326,4.13,35.95,1.0
07-02-2021,509,21,183,326,4.13,35.95,1.0
07-03-2021,509,21,183,326,4.13,35.95,1.0
07-04-2021,509,21,183,326,4.13,35.95,1.0
07-05-2021,509,21,183,326,4.13,35.95,1.0
07-06-2021,509,21,183,326,4.13,35.95,1.0
07-07-2021,509,21,183,326,4.13,35.95,1.0
07-08-2021,509,21,183,326,4.13,35.95,1.0
07-09-2021,509,21,183,326,4.13,35.95,1.0
07-10-2021,509,21,183,326,4.13,35.95,1.0
07-11-2021,509,21,183,326,4.13,35.95,1.0
07-12-2021,509,21,183,326,4.13,35.95,1.0
07-13-2021,509,21,183,326,4.13,35.95,1.0
07-14-2021,509,21,183,326,4.13,35.95,1.0
07-15-2021,509,21,183,326,4.13,35.95,1.0
07-16-2021,509,21,183,326,4.13,35.95,1.0
07-17-2021,509,21,183,326,4.13,35.95,1.0
07-18-2021,509,21,183,326,4.13,35.95,1.0
07-19-2021,509,21,183,326,4.13,35.95,1.0
07-20-2021,509,21,183,326,4.13,35.95,1.0
07-21-2021,509,21,183,326,4.13,35.95,1.0
07-22-2021,509,21,183,326,4.13,35.95,1.0
07-23-2021,609,21,183,426,3.45,30.05,1.1964636542239686
07-24-2021,609,21,183,426,3.45,30.05,1.0
07-25-2021,609,21,183,426,3.45,30.05,1.0
07-26-2021,609,21,183,426,3.45,30.05,1.0
07-27-2021,609,21,183,426,3.45,30.05,1.0
07-28-2021,609,21,183,426,3.45,30.05,1.0
07-29-2021,1017,21,183,834,2.06,17.99,1.6699507389162562
07-30-2021,1017,21,183,834,2.06,17.99,1.0
07-31-2021,1017,21,183,834,2.06,17.99,1.0
08-01-2021,1017,21,183,834,2.06,17.99,1.0
08-02-2021,1017,21,183,834,2.06,17.99,1.0
08-03-2021,1017,21,183,834,2.06,17.99,1.0
08-04-2021,1017,21,183,834,2.06,17.99,1.0
08-05-2021,1017,21,0,1017,2.06,0,1.0
08-06-2021,1017,21,0,1017,2.06,0,1.0
08-07-2021,1017,21,0,1017,2.06,0,1.0
08-08-2021,1017,21,0,1017,2.06,0,1.0
08-09-2021,1017,21,0,1017,2.06,0,1.0
08-10-2021,1367,50,0,1367,3.66,0,1.3441494591937069
08-11-2021,1367,50,0,1367,3.66,0,1.0
08-12-2021,1367,50,0,1367,3.66,0,1.0
08-13-2021,1367,50,0,1367,3.66,0,1.0
08-14-2021,1367,50,0,1367,3.66,0,1.0
08-15-2021,1367,50,0,1367,3.66,0,1.0
08-16-2021,1367,50,0,1367,3.66,0,1.0
08-17-2021,1367,50,0,1367,3.66,0,1.0
08-18-2021,1367,50,0,1367,3.66,0,1.0
08-19-2021,1367,50,0,1367,3.66,0,1.0
08-20-2021,1367,50,0,1367,3.66,0,1.0
08-21-2021,1367,50,0,1367,3.66,0,1.0
08-22-2021,1367,50,0,1367,3.66,0,1.0
08-23-2021,1367,50,0,1367,3.66,0,1.0
08-24-2021,1367,50,0,1367,3.66,0,1.0
08-25-2021,1367,50,0,1367,3.66,0,1.0
08-26-2021,1367,50,0,1367,3.66,0,1.0
08-27-2021,1367,50,0,1367,3.66,0,1.0
08-28-2021,1367,50,0,1367,3.66,0,1.0
08-29-2021,1367,50,0,1367,3.66,0,1.0
08-30-2021,1367,50,0,1367,3.66,0,1.0
08-31-2021,1367,50,0,1367,3.66,0,1.0
09-01-2021,1367,50,0,1367,3.66,0,1.0
09-02-2021,1367,50,0,1367,3.66,0,1.0
09-03-2021,1367,50,0,1367,3.66,0,1.0
09-04-2021,1367,50,0,1367,3.66,0,1.0
09-05-2021,1367,50,0,1367,3.66,0,1.0
09-06-2021,1367,50,0,1367,3.66,0,1.0
09-07-2021,1367,50,0,1367,3.66,0,1.0
09-08-2021,1367,50,0,1367,3.66,0,1.0
09-09-2021,1367,50,0,1367,3.66,0,1.0
09-10-2021,1367,50,0,1367,3.66,0,1.0
09-11-2021,1367,50,0,1367,3.66,0,1.0
09-12-2021,1367,50,0,1367,3.66,0,1.0
09-13-2021,1367,50,0,1367,3.66,0,1.0
09-14-2021,1367,50,0,1367,3.66,0,1.0
09-15-2021,1367,50,0,1367,3.66,0,1.0
09-16-2021,1367,50,0,1367,3.66,0,1.0
09-17-2021,1367,50,0,1367,3.66,0,1.0
09-18-2021,1367,50,0,1367,3.66,0,1.0
09-19-2021,1367,50,0,1367,3.66,0,1.0
09-20-2021,1367,50,0,1367,3.66,0,1.0
09-21-2021,1367,50,0,1367,3.66,0,1.0
09-22-2021,1367,50,0,1367,3.66,0,1.0
09-23-2021,25674,50,0,25674,0.19,0,18.78127286027798
09-24-2021,25674,50,0,25674,0.19,0,1.0
09-25-2021,25674,50,0,25674,0.19,0,1.0
09-26-2021,25674,50,0,25674,0.19,0,1.0
09-27-2021,25674,50,0,25674,0.19,0,1.0
09-28-2021,25674,50,0,25674,0.19,0,1.0
09-29-2021,25846,50,0,25846,0.19,0,1.0066993845914154
09-30-2021,25846,50,0,25846,0.19,0,1.0
10-01-2021,25846,719,0,25846,2.78,0,1.0
10-02-2021,25846,719,0,25846,2.78,0,1.0
10-03-2021,25846,719,0,25846,2.78,0,1.0
10-04-2021,25846,719,0,25846,2.78,0,1.0
10-05-2021,25957,723,0,25957,2.79,0,1.0042946684206453
10-06-2021,25957,723,0,25957,2.79,0,1.0
10-07-2021,25957,723,0,25957,2.79,0,1.0
10-08-2021,25957,723,0,25957,2.79,0,1.0
10-09-2021,25957,723,0,25957,2.79,0,1.0
10-10-2021,25957,723,0,25957,2.79,0,1.0
10-11-2021,25957,723,0,25957,2.79,0,1.0
10-12-2021,26034,724,0,26034,2.78,0,1.0029664445043727
10-13-2021,26034,724,0,26034,2.78,0,1.0
10-14-2021,26034,724,0,26034,2.78,0,1.0
10-15-2021,26034,724,0,26034,2.78,0,1.0
10-16-2021,26034,724,0,26034,2.78,0,1.0
10-17-2021,26034,724,0,26034,2.78,0,1.0
10-18-2021,26034,724,0,26034,2.78,0,1.0
10-19-2021,26034,724,0,26034,2.78,0,1.0
10-20-2021,26034,724,0,26034,2.78,0,1.0
10-21-2021,26034,724,0,26034,2.78,0,1.0
10-22-2021,26034,724,0,26034,2.78,0,1.0
10-23-2021,26034,724,0,26034,2.78,0,1.0
10-24-2021,26034,724,0,26034,2.78,0,1.0
10-25-2021,26115,725,0,26115,2.78,0,1.003111315971422
10-26-2021,26115,725,0,26115,2.78,0,1.0
10-27-2021,26154,725,0,26154,2.77,0,1.0014933946008042
10-28-2021,26154,725,0,26154,2.77,0,1.0
10-29-2021,26154,725,0,26154,2.77,0,1.0
10-30-2021,26154,725,0,26154,2.77,0,1.0
10-31-2021,26154,725,0,26154,2.77,0,1.0
11-01-2021,26154,725,0,26154,2.77,0,1.0
11-02-2021,26154,725,0,26154,2.77,0,1.0
11-03-2021,26154,725,0,26154,2.77,0,1.0
11-04-2021,26196,725,0,26196,2.77,0,1.00160587290663
11-05-2021,26196,725,0,26196,2.77,0,1.0
11-06-2021,26196,725,0,26196,2.77,0,1.0
11-07-2021,26196,725,0,26196,2.77,0,1.0
11-08-2021,26196,725,0,26196,2.77,0,1.0
11-09-2021,26196,725,0,26196,2.77,0,1.0
11-10-2021,26196,725,0,26196,2.77,0,1.0
11-11-2021,26196,725,0,26196,2.77,0,1.0
11-12-2021,26196,725,0,26196,2.77,0,1.0
11-13-2021,26196,725,0,26196,2.77,0,1.0
11-14-2021,26208,725,0,26208,2.77,0,1.0004580852038478
11-15-2021,26208,725,0,26208,2.77,0,1.0
11-16-2021,26208,725,0,26208,2.77,0,1.0
11-17-2021,26227,727,0,26227,2.77,0,1.0007249694749696
11-18-2021,26227,727,0,26227,2.77,0,1.0
11-19-2021,26227,727,0,26227,2.77,0,1.0
11-20-2021,26227,727,0,26227,2.77,0,1.0
11-21-2021,26227,727,0,26227,2.77,0,1.0
11-22-2021,26227,727,0,26227,2.77,0,1.0
11-23-2021,26261,730,0,26261,2.78,0,1.0012963739657605
11-24-2021,26261,730,0,26261,2.78,0,1.0
11-25-2021,26261,730,0,26261,2.78,0,1.0
11-26-2021,26261,730,0,26261,2.78,0,1.0
11-27-2021,26261,730,0,26261,2.78,0,1.0
11-28-2021,26261,730,0,26261,2.78,0,1.0
11-29-2021,26261,730,0,26261,2.78,0,1.0
11-30-2021,26270,730,0,26270,2.78,0,1.0003427135295686
12-01-2021,26270,730,0,26270,2.78,0,1.0
12-02-2021,26270,730,0,26270,2.78,0,1.0
12-03-2021,26270,730,0,26270,2.78,0,1.0
12-04-2021,26270,730,0,26270,2.78,0,1.0
12-05-2021,26270,730,0,26270,2.78,0,1.0
12-06-2021,26270,730,0,26270,2.78,0,1.0
12-07-2021,26270,730,0,26270,2.78,0,1.0
12-08-2021,26309,734,0,26309,2.79,0,1.001484583174724
12-09-2021,26309,734,0,26309,2.79,0,1.0
12-10-2021,26309,734,0,26309,2.79,0,1.0
12-11-2021,26309,734,0,26309,2.79,0,1.0
12-12-2021,26309,734,0,26309,2.79,0,1.0
12-13-2021,26309,734,0,26309,2.79,0,1.0
12-14-2021,26309,734,0,26309,2.79,0,1.0
12-15-2021,26483,734,0,26483,2.77,0,1.0066137063362348
12-16-2021,26483,734,0,26483,2.77,0,1.0
12-17-2021,26483,734,0,26483,2.77,0,1.0
12-18-2021,26483,734,0,26483,2.77,0,1.0
12-19-2021,26483,734,0,26483,2.77,0,1.0
12-20-2021,26483,734,0,26483,2.77,0,1.0
12-21-2021,26483,734,0,26483,2.77,0,1.0
12-22-2021,26483,734,0,26483,2.77,0,1.0
12-23-2021,26483,734,0,26483,2.77,0,1.0
12-24-2021,26483,734,0,26483,2.77,0,1.0
12-25-2021,26483,734,0,26483,2.77,0,1.0
12-26-2021,26483,734,0,26483,2.77,0,1.0
12-27-2021,26483,734,0,26483,2.77,0,1.0
12-28-2021,26483,734,0,26483,2.77,0,1.0
12-29-2021,29306,737,0,29306,2.51,0,1.1065966846656345
12-30-2021,29306,737,0,29306,2.51,0,1.0
12-31-2021,29306,737,0,29306,2.51,0,1.0
01-01-2022,29306,737,0,29306,2.51,0,1.0
01-02-2022,29306,737,0,29306,2.51,0,1.0
01-03-2022,29306,737,0,29306,2.51,0,1.0
01-04-2022,29306,737,0,29306,2.51,0,1.0
01-05-2022,30564,740,0,30564,2.42,0,1.0429263632020747
01-06-2022,30564,740,0,30564,2.42,0,1.0
01-07-2022,30564,740,0,30564,2.42,0,1.0
01-08-2022,30564,740,0,30564,2.42,0,1.0
01-09-2022,30564,740,0,30564,2.42,0,1.0
01-10-2022,30564,740,0,30564,2.42,0,1.0
01-11-2022,30564,740,0,30564,2.42,0,1.0
01-12-2022,30564,740,0,30564,2.42,0,1.0
01-13-2022,30564,740,0,30564,2.42,0,1.0
01-14-2022,30564,740,0,30564,2.42,0,1.0
01-15-2022,30564,740,0,30564,2.42,0,1.0
01-16-2022,30564,740,0,30564,2.42,0,1.0
01-17-2022,31395,745,0,31395,2.37,0,1.027188849627012
01-18-2022,31395,745,0,31395,2.37,0,1.0
01-19-2022,32393,753,0,32393,2.32,0,1.0317885013537187
01-20-2022,32393,753,0,32393,2.32,0,1.0
01-21-2022,32393,753,0,32393,2.32,0,1.0
01-22-2022,32393,753,0,32393,2.32,0,1.0
01-23-2022,32393,753,0,32393,2.32,0,1.0
01-24-2022,32393,753,0,32393,2.32,0,1.0
01-25-2022,32920,778,0,32920,2.36,0,1.016268946994721
01-26-2022,32920,778,0,32920,2.36,0,1.0
01-27-2022,32920,778,0,32920,2.36,0,1.0
01-28-2022,32920,778,0,32920,2.36,0,1.0
01-29-2022,32920,778,0,32920,2.36,0,1.0
01-30-2022,32920,778,0,32920,2.36,0,1.0
01-31-2022,33230,789,0,33230,2.37,0,1.0094167679222357
02-01-2022,33230,789,0,33230,2.37,0,1.0
02-02-2022,33230,789,0,33230,2.37,0,1.0
02-03-2022,33230,789,0,33230,2.37,0,1.0
02-04-2022,33230,789,0,33230,2.37,0,1.0
02-05-2022,33230,789,0,33230,2.37,0,1.0
02-06-2022,33230,789,0,33230,2.37,0,1.0
02-07-2022,33230,789,0,33230,2.37,0,1.0
02-08-2022,33230,789,0,33230,2.37,0,1.0
02-09-2022,33436,792,0,33436,2.37,0,1.006199217574481
02-10-2022,33436,792,0,33436,2.37,0,1.0
02-11-2022,33436,792,0,33436,2.37,0,1.0
02-12-2022,33436,792,0,33436,2.37,0,1.0
02-13-2022,33436,792,0,33436,2.37,0,1.0
02-14-2022,33436,792,0,33436,2.37,0,1.0
02-15-2022,33549,796,0,33549,2.37,0,1.0033795908601508
02-16-2022,33549,796,0,33549,2.37,0,1.0
02-17-2022,33549,796,0,33549,2.37,0,1.0
02-18-2022,33549,796,0,33549,2.37,0,1.0
02-19-2022,33549,796,0,33549,2.37,0,1.0
02-20-2022,33549,796,0,33549,2.37,0,1.0
02-21-2022,33549,796,0,33549,2.37,0,1.0
02-22-2022,33620,798,0,33620,2.37,0,1.0021163074905362
02-23-2022,33620,798,0,33620,2.37,0,1.0
02-24-2022,33620,798,0,33620,2.37,0,1.0
02-25-2022,33620,798,0,33620,2.37,0,1.0
02-26-2022,33620,798,0,33620,2.37,0,1.0
02-27-2022,33620,798,0,33620,2.37,0,1.0
02-28-2022,33620,798,0,33620,2.37,0,1.0
03-01-2022,33620,798,0,33620,2.37,0,1.0
03-02-2022,33620,798,0,33620,2.37,0,1.0
03-03-2022,33620,798,0,33620,2.37,0,1.0
03-04-2022,33620,798,0,33620,2.37,0,1.0
03-05-2022,33620,798,0,33620,2.37,0,1.0
03-06-2022,33620,798,0,33620,2.37,0,1.0
03-07-2022,33620,798,0,33620,2.37,0,1.0
03-08-2022,33620,798,0,33620,2.37,0,1.0
03-09-2022,33726,800,0,33726,2.37,0,1.0031528851873885
03-10-2022,33726,800,0,33726,2.37,0,1.0
03-11-2022,33726,800,0,33726,2.37,0,1.0
03-12-2022,33726,800,0,33726,2.37,0,1.0
03-13-2022,33726,800,0,33726,2.37,0,1.0
03-14-2022,33726,800,0,33726,2.37,0,1.0
03-15-2022,33726,800,0,33726,2.37,0,1.0
03-16-2022,33773,800,0,33773,2.37,0,1.0013935835853645
03-17-2022,33773,800,0,33773,2.37,0,1.0
03-18-2022,33773,800,0,33773,2.37,0,1.0
03-19-2022,33773,800,0,33773,2.37,0,1.0
03-20-2022,33773,800,0,33773,2.37,0,1.0
03-21-2022,33773,800,0,33773,2.37,0,1.0
03-22-2022,33797,800,0,33797,2.37,0,1.000710626832085
03-23-2022,33797,800,0,33797,2.37,0,1.0
03-24-2022,33797,800,0,33797,2.37,0,1.0
03-25-2022,33797,800,0,33797,2.37,0,1.0
03-26-2022,33797,800,0,33797,2.37,0,1.0
03-27-2022,33797,800,0,33797,2.37,0,1.0
03-28-2022,33797,800,0,33797,2.37,0,1.0
03-29-2022,33797,800,0,33797,2.37,0,1.0
03-30-2022,33815,800,0,33815,2.37,0,1.0005325916501464
03-31-2022,33815,800,0,33815,2.37,0,1.0
04-01-2022,33815,800,0,33815,2.37,0,1.0
04-02-2022,33815,800,0,33815,2.37,0,1.0
04-03-2022,33815,800,0,33815,2.37,0,1.0
04-04-2022,33815,800,0,33815,2.37,0,1.0
04-05-2022,33815,800,0,33815,2.37,0,1.0
04-06-2022,33815,800,0,33815,2.37,0,1.0
04-07-2022,33815,800,0,33815,2.37,0,1.0
04-08-2022,33815,800,0,33815,2.37,0,1.0
04-09-2022,33815,800,0,33815,2.37,0,1.0
04-10-2022,33815,800,0,33815,2.37,0,1.0
04-11-2022,33815,800,0,33815,2.37,0,1.0
04-12-2022,33851,803,0,33851,2.37,0,1.0010646162945438
04-13-2022,33851,803,0,33851,2.37,0,1.0
04-14-2022,33851,803,0,33851,2.37,0,1.0
04-15-2022,33851,803,0,33851,2.37,0,1.0
04-16-2022,33851,803,0,33851,2.37,0,1.0
04-17-2022,33851,803,0,33851,2.37,0,1.0
04-18-2022,33851,803,0,33851,2.37,0,1.0
04-19-2022,33864,803,0,33864,2.37,0,1.0003840359221294
04-20-2022,33864,803,0,33864,2.37,0,1.0
04-21-2022,33864,803,0,33864,2.37,0,1.0
04-22-2022,33864,803,0,33864,2.37,0,1.0
04-23-2022,33864,803,0,33864,2.37,0,1.0
04-24-2022,33864,803,0,33864,2.37,0,1.0
04-25-2022,33864,803,0,33864,2.37,0,1.0
04-26-2022,33872,803,0,33872,2.37,0,1.0002362390739428
04-27-2022,33872,803,0,33872,2.37,0,1.0
04-28-2022,33872,803,0,33872,2.37,0,1.0
04-29-2022,33872,803,0,33872,2.37,0,1.0
04-30-2022,33872,803,0,33872,2.37,0,1.0
05-01-2022,33872,803,0,33872,2.37,0,1.0
05-02-2022,33872,803,0,33872,2.37,0,1.0
05-03-2022,33872,803,0,33872,2.37,0,1.0
05-04-2022,33872,803,0,33872,2.37,0,1.0
05-05-2022,33872,803,0,33872,2.37,0,1.0
05-06-2022,33872,803,0,33872,2.37,0,1.0
05-07-2022,33872,803,0,33872,2.37,0,1.0
05-08-2022,33872,803,0,33872,2.37,0,1.0
05-09-2022,33872,803,0,33872,2.37,0,1.0
05-10-2022,35354,840,0,35354,2.38,0,1.0437529522909779
05-11-2022,35354,840,0,35354,2.38,0,1.0
05-12-2022,35354,840,0,35354,2.38,0,1.0
05-13-2022,35354,840,0,35354,2.38,0,1.0
05-14-2022,35354,840,0,35354,2.38,0,1.0
05-15-2022,35354,840,0,35354,2.38,0,1.0
05-16-2022,35354,840,0,35354,2.38,0,1.0
05-17-2022,35354,840,0,35354,2.38,0,1.0
05-18-2022,35354,840,0,35354,2.38,0,1.0
05-19-2022,35354,840,0,35354,2.38,0,1.0
05-20-2022,35354,840,0,35354,2.38,0,1.0
05-21-2022,35354,840,0,35354,2.38,0,1.0
05-22-2022,35354,840,0,35354,2.38,0,1.0
05-23-2022,35354,840,0,35354,2.38,0,1.0
05-24-2022,35354,840,0,35354,2.38,0,1.0
05-25-2022,35354,840,0,35354,2.38,0,1.0
05-26-2022,35354,840,0,35354,2.38,0,1.0
05-27-2022,35354,840,0,35354,2.38,0,1.0
05-28-2022,35354,840,0,35354,2.38,0,1.0
05-29-2022,35354,840,0,35354,2.38,0,1.0
05-30-2022,35354,840,0,35354,2.38,0,1.0
05-31-2022,35354,840,0,35354,2.38,0,1.0
06-01-2022,35354,840,0,35354,2.38,0,1.0
06-02-2022,35354,840,0,35354,2.38,0,1.0
06-03-2022,35354,840,0,35354,2.38,0,1.0
06-04-2022,35354,840,0,35354,2.38,0,1.0
06-05-2022,35354,840,0,35354,2.38,0,1.0
06-06-2022,35354,840,0,35354,2.38,0,1.0
06-07-2022,35354,840,0,35354,2.38,0,1.0
06-08-2022,35354,840,0,35354,2.38,0,1.0
06-09-2022,35354,840,0,35354,2.38,0,1.0
06-10-2022,35354,840,0,35354,2.38,0,1.0
06-11-2022,35354,840,0,35354,2.38,0,1.0
06-12-2022,35354,840,0,35354,2.38,0,1.0
06-13-2022,35354,840,0,35354,2.38,0,1.0
06-14-2022,35354,840,0,35354,2.38,0,1.0
06-15-2022,35354,840,0,35354,2.38,0,1.0
06-16-2022,35354,840,0,35354,2.38,0,1.0
06-17-2022,35354,840,0,35354,2.38,0,1.0
06-18-2022,35354,840,0,35354,2.38,0,1.0
06-19-2022,35354,840,0,35354,2.38,0,1.0
06-20-2022,35354,840,0,35354,2.38,0,1.0
06-21-2022,35354,840,0,35354,2.38,0,1.0
06-22-2022,35366,841,0,35366,2.38,0,1.000339424110426
06-23-2022,35366,841,0,35366,2.38,0,1.0
06-24-2022,35366,841,0,35366,2.38,0,1.0
06-25-2022,35366,841,0,35366,2.38,0,1.0
06-26-2022,35366,841,0,35366,2.38,0,1.0
06-27-2022,35366,841,0,35366,2.38,0,1.0
06-28-2022,35366,841,0,35366,2.38,0,1.0
06-29-2022,35366,841,0,35366,2.38,0,1.0
06-30-2022,35768,841,0,35768,2.35,0,1.0113668495164847
07-01-2022,35768,841,0,35768,2.35,0,1.0
07-02-2022,35768,841,0,35768,2.35,0,1.0
07-03-2022,35768,841,0,35768,2.35,0,1.0
07-04-2022,35768,841,0,35768,2.35,0,1.0
07-05-2022,35768,841,0,35768,2.35,0,1.0
07-06-2022,35768,841,0,35768,2.35,0,1.0
07-07-2022,35768,841,0,35768,2.35,0,1.0
07-08-2022,35768,841,0,35768,2.35,0,1.0
07-09-2022,35768,841,0,35768,2.35,0,1.0
07-10-2022,35768,841,0,35768,2.35,0,1.0
07-11-2022,36174,841,0,36174,2.32,0,1.0113509282039812
07-12-2022,36174,841,0,36174,2.32,0,1.0
07-13-2022,36174,841,0,36174,2.32,0,1.0
07-14-2022,37510,841,0,37510,2.24,0,1.0369326035273954
07-15-2022,37510,841,0,37510,2.24,0,1.0
07-16-2022,37510,841,0,37510,2.24,0,1.0
07-17-2022,37510,841,0,37510,2.24,0,1.0
07-18-2022,37510,841,0,37510,2.24,0,1.0
07-19-2022,37510,841,0,37510,2.24,0,1.0
07-20-2022,37510,841,0,37510,2.24,0,1.0
07-21-2022,37510,841,0,37510,2.24,0,1.0
07-22-2022,37510,841,0,37510,2.24,0,1.0
07-23-2022,37510,841,0,37510,2.24,0,1.0
07-24-2022,37510,841,0,37510,2.24,0,1.0
07-25-2022,37510,841,0,37510,2.24,0,1.0
07-26-2022,37510,841,0,37510,2.24,0,1.0
07-27-2022,37510,841,0,37510,2.24,0,1.0
07-28-2022,37510,841,0,37510,2.24,0,1.0
07-29-2022,37510,841,0,37510,2.24,0,1.0
07-30-2022,37510,841,0,37510,2.24,0,1.0
07-31-2022,37510,841,0,37510,2.24,0,1.0
08-01-2022,37510,841,0,37510,2.24,0,1.0
08-02-2022,37510,841,0,37510,2.24,0,1.0
08-03-2022,37865,841,0,37865,2.22,0,1.009464142895228
08-04-2022,37865,841,0,37865,2.22,0,1.0
08-05-2022,37865,841,0,37865,2.22,0,1.0
08-06-2022,37865,841,0,37865,2.22,0,1.0
08-07-2022,37865,841,0,37865,2.22,0,1.0
08-08-2022,37865,841,0,37865,2.22,0,1.0
08-09-2022,37865,841,0,37865,2.22,0,1.0
08-10-2022,38205,841,0,38205,2.2,0,1.008979268453717
08-11-2022,38205,841,0,38205,2.2,0,1.0
08-12-2022,38205,841,0,38205,2.2,0,1.0
08-13-2022,38205,841,0,38205,2.2,0,1.0
08-14-2022,38205,841,0,38205,2.2,0,1.0
08-15-2022,38205,841,0,38205,2.2,0,1.0
08-16-2022,38454,841,0,38454,2.19,0,1.0065174715351395
08-17-2022,38454,841,0,38454,2.19,0,1.0
08-18-2022,38454,841,0,38454,2.19,0,1.0
08-19-2022,38454,841,0,38454,2.19,0,1.0
08-20-2022,38454,841,0,38454,2.19,0,1.0
08-21-2022,38454,841,0,38454,2.19,0,1.0
08-22-2022,38454,841,0,38454,2.19,0,1.0
08-23-2022,38712,841,0,38712,2.17,0,1.0067093150257451
08-24-2022,38712,841,0,38712,2.17,0,1.0
08-25-2022,38712,841,0,38712,2.17,0,1.0
08-26-2022,38712,841,0,38712,2.17,0,1.0
08-27-2022,38712,841,0,38712,2.17,0,1.0
08-28-2022,38712,841,0,38712,2.17,0,1.0
08-29-2022,38712,841,0,38712,2.17,0,1.0
08-30-2022,38712,841,0,38712,2.17,0,1.0
08-31-2022,38712,841,0,38712,2.17,0,1.0
09-01-2022,38712,841,0,38712,2.17,0,1.0
09-02-2022,38712,841,0,38712,2.17,0,1.0
09-03-2022,38712,841,0,38712,2.17,0,1.0
09-04-2022,38712,841,0,38712,2.17,0,1.0
09-05-2022,38951,845,0,38951,2.17,0,1.0061737962388924
09-06-2022,38951,845,0,38951,2.17,0,1.0
09-07-2022,39168,845,0,39168,2.16,0,1.0055711021539884
09-08-2022,39168,845,0,39168,2.16,0,1.0
09-09-2022,39168,845,0,39168,2.16,0,1.0
09-10-2022,39168,845,0,39168,2.16,0,1.0
09-11-2022,39168,845,0,39168,2.16,0,1.0
09-12-2022,39168,845,0,39168,2.16,0,1.0
09-13-2022,39168,845,0,39168,2.16,0,1.0
09-14-2022,39253,845,0,39253,2.15,0,1.0021701388888888
09-15-2022,39253,845,0,39253,2.15,0,1.0
09-16-2022,39253,845,0,39253,2.15,0,1.0
09-17-2022,39253,845,0,39253,2.15,0,1.0
09-18-2022,39253,845,0,39253,2.15,0,1.0
09-19-2022,39253,845,0,39253,2.15,0,1.0
09-20-2022,39253,845,0,39253,2.15,0,1.0
09-21-2022,39341,845,0,39341,2.15,0,1.0022418668636792
09-22-2022,39341,845,0,39341,2.15,0,1.0
09-23-2022,39341,845,0,39341,2.15,0,1.0
09-24-2022,39341,845,0,39341,2.15,0,1.0
09-25-2022,39341,845,0,39341,2.15,0,1.0
09-26-2022,39341,845,0,39341,2.15,0,1.0
09-27-2022,39341,845,0,39341,2.15,0,1.0
09-28-2022,39341,845,0,39341,2.15,0,1.0
09-29-2022,39440,845,0,39440,2.14,0,1.0025164586563635
09-30-2022,39440,845,0,39440,2.14,0,1.0
10-01-2022,39440,845,0,39440,2.14,0,1.0
10-02-2022,39440,845,0,39440,2.14,0,1.0
10-03-2022,39440,845,0,39440,2.14,0,1.0
10-04-2022,39440,845,0,39440,2.14,0,1.0
10-05-2022,39513,845,0,39513,2.14,0,1.0018509127789046
10-06-2022,39513,845,0,39513,2.14,0,1.0
10-07-2022,39513,845,0,39513,2.14,0,1.0
10-08-2022,39513,845,0,39513,2.14,0,1.0
10-09-2022,39513,845,0,39513,2.14,0,1.0
10-10-2022,39513,845,0,39513,2.14,0,1.0
10-11-2022,39513,845,0,39513,2.14,0,1.0
10-12-2022,39679,845,0,39679,2.13,0,1.0042011489889404
10-13-2022,39679,845,0,39679,2.13,0,1.0
10-14-2022,39679,845,0,39679,2.13,0,1.0
10-15-2022,39679,845,0,39679,2.13,0,1.0
10-16-2022,39679,845,0,39679,2.13,0,1.0
10-17-2022,39679,845,0,39679,2.13,0,1.0
10-18-2022,39679,845,0,39679,2.13,0,1.0
10-19-2022,39679,845,0,39679,2.13,0,1.0
10-20-2022,39679,845,0,39679,2.13,0,1.0
10-21-2022,39679,845,0,39679,2.13,0,1.0
10-22-2022,39679,845,0,39679,2.13,0,1.0
10-23-2022,39679,845,0,39679,2.13,0,1.0
10-24-2022,39804,845,0,39804,2.12,0,1.0031502810050656
10-25-2022,39804,845,0,39804,2.12,0,1.0
10-26-2022,39804,845,0,39804,2.12,0,1.0
10-27-2022,39804,845,0,39804,2.12,0,1.0
10-28-2022,39804,845,0,39804,2.12,0,1.0
10-29-2022,39804,845,0,39804,2.12,0,1.0
10-30-2022,39804,845,0,39804,2.12,0,1.0
10-31-2022,39920,845,0,39920,2.12,0,1.0029142799718622
11-01-2022,40054,845,0,40054,2.11,0,1.0033567134268537
11-02-2022,40054,845,0,40054,2.11,0,1.0
11-03-2022,40054,845,0,40054,2.11,0,1.0
11-04-2022,40054,845,0,40054,2.11,0,1.0
11-05-2022,40054,845,0,40054,2.11,0,1.0
11-06-2022,40054,845,0,40054,2.11,0,1.0
11-07-2022,40054,845,0,40054,2.11,0,1.0
11-08-2022,40054,845,0,40054,2.11,0,1.0
11-09-2022,40054,845,0,40054,2.11,0,1.0
11-10-2022,40152,845,0,40152,2.1,0,1.0024466969591053
11-11-2022,40152,845,0,40152,2.1,0,1.0
11-12-2022,40152,845,0,40152,2.1,0,1.0
11-13-2022,40152,845,0,40152,2.1,0,1.0
11-14-2022,40152,845,0,40152,2.1,0,1.0
11-15-2022,40311,845,0,40311,2.1,0,1.0039599521817095
11-16-2022,40311,845,0,40311,2.1,0,1.0
11-17-2022,40311,845,0,40311,2.1,0,1.0
11-18-2022,40311,845,0,40311,2.1,0,1.0
11-19-2022,40311,845,0,40311,2.1,0,1.0
11-20-2022,40311,845,0,40311,2.1,0,1.0
11-21-2022,40311,845,0,40311,2.1,0,1.0
11-22-2022,40471,845,0,40471,2.09,0,1.0039691399369899
11-23-2022,40471,845,0,40471,2.09,0,1.0
11-24-2022,40471,845,0,40471,2.09,0,1.0
11-25-2022,40471,845,0,40471,2.09,0,1.0
11-26-2022,40471,845,0,40471,2.09,0,1.0
11-27-2022,40471,845,0,40471,2.09,0,1.0
11-28-2022,40471,845,0,40471,2.09,0,1.0
11-29-2022,40656,845,0,40656,2.08,0,1.0045711744211905
11-30-2022,40656,845,0,40656,2.08,0,1.0
12-01-2022,40656,845,0,40656,2.08,0,1.0
12-02-2022,40656,845,0,40656,2.08,0,1.0
12-03-2022,40656,845,0,40656,2.08,0,1.0
12-04-2022,40656,845,0,40656,2.08,0,1.0
12-05-2022,40656,845,0,40656,2.08,0,1.0
12-06-2022,40806,845,0,40806,2.07,0,1.003689492325856
12-07-2022,40806,845,0,40806,2.07,0,1.0
12-08-2022,40806,845,0,40806,2.07,0,1.0
12-09-2022,40806,845,0,40806,2.07,0,1.0
12-10-2022,40806,845,0,40806,2.07,0,1.0
12-11-2022,40806,845,0,40806,2.07,0,1.0
12-12-2022,40806,845,0,40806,2.07,0,1.0
12-13-2022,40806,845,0,40806,2.07,0,1.0
12-14-2022,40806,845,0,40806,2.07,0,1.0
12-15-2022,40806,845,0,40806,2.07,0,1.0
12-16-2022,42111,845,0,42111,2.01,0,1.0319805910895457
12-17-2022,42111,845,0,42111,2.01,0,1.0
12-18-2022,42111,845,0,42111,2.01,0,1.0
12-19-2022,42111,845,0,42111,2.01,0,1.0
12-20-2022,42111,845,0,42111,2.01,0,1.0
12-21-2022,42111,845,0,42111,2.01,0,1.0
12-22-2022,42111,845,0,42111,2.01,0,1.0
12-23-2022,42111,845,0,42111,2.01,0,1.0
12-24-2022,42111,845,0,42111,2.01,0,1.0
12-25-2022,42111,845,0,42111,2.01,0,1.0
12-26-2022,42228,845,0,42228,2.0,0,1.0027783714468903
12-27-2022,42228,845,0,42228,2.0,0,1.0
12-28-2022,42228,845,0,42228,2.0,0,1.0
12-29-2022,42228,845,0,42228,2.0,0,1.0
12-30-2022,42351,845,0,42351,2.0,0,1.0029127593066212
12-31-2022,42351,845,0,42351,2.0,0,1.0
01-01-2023,42351,845,0,42351,2.0,0,1.0
01-02-2023,42351,845,0,42351,2.0,0,1.0
01-03-2023,42351,845,0,42351,2.0,0,1.0
01-04-2023,42351,845,0,42351,2.0,0,1.0
01-05-2023,42351,845,0,42351,2.0,0,1.0
01-06-2023,42351,845,0,42351,2.0,0,1.0
01-07-2023,42351,845,0,42351,2.0,0,1.0
01-08-2023,42351,845,0,42351,2.0,0,1.0
01-09-2023,42396,845,0,42396,1.99,0,1.0010625487001488
01-10-2023,42396,845,0,42396,1.99,0,1.0
01-11-2023,42467,846,0,42467,1.99,0,1.0016746862911596
01-12-2023,42467,846,0,42467,1.99,0,1.0
01-13-2023,42467,846,0,42467,1.99,0,1.0
01-14-2023,42467,846,0,42467,1.99,0,1.0
01-15-2023,42467,846,0,42467,1.99,0,1.0
01-16-2023,42467,846,0,42467,1.99,0,1.0
01-17-2023,42530,846,0,42530,1.99,0,1.0014835048390516
01-18-2023,42530,846,0,42530,1.99,0,1.0
01-19-2023,42530,846,0,42530,1.99,0,1.0
01-20-2023,42530,846,0,42530,1.99,0,1.0
01-21-2023,42530,846,0,42530,1.99,0,1.0
01-22-2023,42530,846,0,42530,1.99,0,1.0
01-23-2023,42530,846,0,42530,1.99,0,1.0
01-24-2023,42600,846,0,42600,1.99,0,1.0016458970138726
01-25-2023,42600,846,0,42600,1.99,0,1.0
01-26-2023,42600,846,0,42600,1.99,0,1.0
01-27-2023,42600,846,0,42600,1.99,0,1.0
01-28-2023,42600,846,0,42600,1.99,0,1.0
01-29-2023,42600,846,0,42600,1.99,0,1.0
01-30-2023,42600,846,0,42600,1.99,0,1.0
01-31-2023,42664,846,0,42664,1.98,0,1.0015023474178404
02-01-2023,42664,846,0,42664,1.98,0,1.0
02-02-2023,42664,846,0,42664,1.98,0,1.0
02-03-2023,42664,846,0,42664,1.98,0,1.0
02-04-2023,42664,846,0,42664,1.98,0,1.0
02-05-2023,42664,846,0,42664,1.98,0,1.0
02-06-2023,42664,846,0,42664,1.98,0,1.0
02-07-2023,42664,846,0,42664,1.98,0,1.0
02-08-2023,42717,846,0,42717,1.98,0,1.0012422651415713
02-09-2023,42717,846,0,42717,1.98,0,1.0
02-10-2023,42717,846,0,42717,1.98,0,1.0
02-11-2023,42717,846,0,42717,1.98,0,1.0
02-12-2023,42717,846,0,42717,1.98,0,1.0
02-13-2023,42717,846,0,42717,1.98,0,1.0
02-14-2023,42717,846,0,42717,1.98,0,1.0
02-15-2023,42775,846,0,42775,1.98,0,1.001357773251867
02-16-2023,42775,846,0,42775,1.98,0,1.0
02-17-2023,42775,846,0,42775,1.98,0,1.0
02-18-2023,42775,846,0,42775,1.98,0,1.0
02-19-2023,42775,846,0,42775,1.98,0,1.0
02-20-2023,42775,846,0,42775,1.98,0,1.0
02-21-2023,42775,846,0,42775,1.98,0,1.0
02-22-2023,42823,846,0,42823,1.98,0,1.0011221507890122
02-23-2023,42823,846,0,42823,1.98,0,1.0
02-24-2023,42823,846,0,42823,1.98,0,1.0
02-25-2023,42823,846,0,42823,1.98,0,1.0
02-26-2023,42823,846,0,42823,1.98,0,1.0
02-27-2023,42823,846,0,42823,1.98,0,1.0
02-28-2023,42823,846,0,42823,1.98,0,1.0
03-01-2023,42846,846,0,42846,1.97,0,1.0005370945519931
03-02-2023,42846,846,0,42846,1.97,0,1.0
03-03-2023,42846,846,0,42846,1.97,0,1.0
03-04-2023,42846,846,0,42846,1.97,0,1.0
03-05-2023,42846,846,0,42846,1.97,0,1.0
03-06-2023,42846,846,0,42846,1.97,0,1.0
03-07-2023,42846,846,0,42846,1.97,0,1.0
03-08-2023,42906,846,0,42906,1.97,0,1.0014003640946647
03-09-2023,42906,846,0,42906,1.97,0,1.0
