date,total_confirmed,total_deaths,total_recovered,total_infected,mortality_rate,recovery_rate,daily_growth_rate
02-24-2020,1,0,0,1,0,0,1
02-25-2020,23,0,0,23,0,0,23.0
02-26-2020,33,0,0,33,0,0,1.434782608695652
02-27-2020,33,0,0,33,0,0,1.0
02-28-2020,36,0,0,36,0,0,1.0909090909090908
02-29-2020,41,0,0,41,0,0,1.1388888888888888
03-01-2020,47,0,0,47,0,0,1.146341463414634
03-02-2020,49,0,0,49,0,0,1.0425531914893618
03-03-2020,49,0,0,49,0,0,1.0
03-04-2020,52,0,0,52,0,0,1.0612244897959184
03-05-2020,55,0,0,55,0,0,1.0576923076923077
03-06-2020,60,0,4,56,0,6.67,1.0909090909090908
03-07-2020,85,0,4,81,0,4.71,1.4166666666666667
03-08-2020,85,0,4,81,0,4.71,1.0
03-09-2020,95,0,14,81,0,14.74,1.1176470588235294
03-10-2020,110,0,22,88,0,20.0,1.1578947368421053
03-11-2020,195,0,35,160,0,17.95,1.7727272727272727
03-12-2020,195,0,35,160,0,17.95,1.0
03-13-2020,189,0,44,145,0,23.28,1.0307692307692307
03-14-2020,210,0,44,166,0,20.95,1.1111111111111112
03-15-2020,214,0,60,154,0,28.04,1.019047619047619
03-16-2020,214,1,77,137,0.47,35.98,1.0
03-17-2020,228,1,81,147,0.44,35.53,1.0654205607476634
03-18-2020,256,1,88,168,0.39,34.38,1.1228070175438596
03-19-2020,278,1,100,178,0.36,35.97,1.0859375
03-20-2020,285,1,100,185,0.35,35.09,1.025179856115108
03-21-2020,305,1,125,180,0.33,40.98,1.0701754385964912
03-22-2020,334,2,149,185,0.6,44.61,1.0950819672131147
03-23-2020,377,2,164,213,0.53,43.5,1.1287425149700598
03-24-2020,392,3,177,215,0.77,45.15,1.039787798408488
03-25-2020,419,4,177,242,0.95,42.24,1.068877551020408
03-26-2020,458,4,204,254,0.87,44.54,1.0930787589498807
03-27-2020,466,4,227,239,0.86,48.71,1.017467248908297
03-28-2020,476,4,265,211,0.84,55.67,1.0214592274678111
03-29-2020,499,4,272,227,0.8,54.51,1.0483193277310925
03-30-2020,515,4,279,236,0.78,54.17,1.032064128256513
03-31-2020,567,4,295,272,0.71,52.03,1.1009708737864077
04-01-2020,569,4,337,232,0.7,59.23,1.00352733686067
04-02-2020,643,4,381,262,0.62,59.25,1.1300527240773286
04-03-2020,672,4,382,290,0.6,56.85,1.0451010886469674
04-04-2020,688,4,423,265,0.58,61.48,1.0238095238095237
04-05-2020,700,4,431,269,0.57,61.57,1.0174418604651163
04-06-2020,756,4,458,298,0.53,60.58,1.08
04-07-2020,811,5,458,353,0.62,56.47,1.0727513227513228
04-08-2020,823,5,477,346,0.61,57.96,1.0147965474722564
04-09-2020,887,5,519,368,0.56,58.51,1.077764277035237
04-10-2020,925,6,539,386,0.65,58.27,1.0428410372040586
04-11-2020,1040,6,555,485,0.58,53.37,1.1243243243243244
04-12-2020,1136,6,558,578,0.53,49.12,1.0923076923076924
04-13-2020,1361,6,591,770,0.44,43.42,1.1980633802816902
04-14-2020,1528,7,645,883,0.46,42.21,1.1227038941954446
04-15-2020,1671,7,663,1008,0.42,39.68,1.093586387434555
04-16-2020,1700,7,703,997,0.41,41.35,1.0173548773189707
04-17-2020,1740,7,725,1015,0.4,41.67,1.0235294117647058
04-18-2020,1773,7,755,1018,0.39,42.58,1.0189655172413794
04-19-2020,1881,7,759,1122,0.37,40.35,1.0609137055837563
04-20-2020,1907,7,769,1138,0.37,40.33,1.0138224348750664
04-21-2020,1973,7,784,1189,0.35,39.74,1.0346093340325118
04-22-2020,2027,7,1026,1001,0.35,50.62,1.0273694880892044
04-23-2020,2217,8,1082,1135,0.36,48.8,1.093734583127775
04-24-2020,2518,8,1113,1405,0.32,44.2,1.1357690572846189
04-25-2020,2588,8,1160,1428,0.31,44.82,1.027799841143765
04-26-2020,2647,8,1189,1458,0.3,44.92,1.0227975270479135
04-27-2020,2723,8,1218,1505,0.29,44.73,1.028711749149981
04-28-2020,2811,8,1310,1501,0.28,46.6,1.0323172970987882
04-29-2020,2921,8,1455,1466,0.27,49.81,1.0391319815012452
04-30-2020,3040,8,1500,1540,0.26,49.34,1.0407394727832935
05-01-2020,3170,8,1555,1615,0.25,49.05,1.042763157894737
05-02-2020,3284,8,1568,1716,0.24,47.75,1.0359621451104102
05-03-2020,3383,8,1718,1665,0.24,50.78,1.0301461632155908
05-04-2020,3533,8,1744,1789,0.23,49.36,1.044339343777712
05-05-2020,3720,8,1762,1958,0.22,47.37,1.0529295216529861
05-06-2020,3934,8,1860,2074,0.2,47.28,1.0575268817204302
05-07-2020,4199,8,2000,2199,0.19,47.63,1.067361464158617
05-08-2020,4444,8,2028,2416,0.18,45.63,1.058347225529888
05-09-2020,4774,8,2055,2719,0.17,43.05,1.0742574257425743
05-10-2020,4941,8,2070,2871,0.16,41.89,1.0349811478843738
05-11-2020,5236,8,2152,3084,0.15,41.1,1.0597045132564258
05-12-2020,5531,9,2192,3339,0.16,39.63,1.056340718105424
05-13-2020,5816,10,2205,3611,0.17,37.91,1.0515277526667872
05-14-2020,6198,10,2353,3845,0.16,37.96,1.0656808803301239
05-15-2020,6583,12,2640,3943,0.18,40.1,1.0621168118747983
05-16-2020,6747,12,2762,3985,0.18,40.94,1.024912653805256
05-17-2020,6956,12,2910,4046,0.17,41.83,1.0309767303986956
05-18-2020,7184,12,2931,4253,0.17,40.8,1.0327774583093732
05-19-2020,7532,12,2952,4580,0.16,39.19,1.0484409799554566
05-20-2020,7888,12,3568,4320,0.15,45.23,1.0472650026553372
05-21-2020,8174,12,3873,4301,0.15,47.38,1.0362576064908722
05-22-2020,8414,12,4096,4318,0.14,48.68,1.0293613897724492
05-23-2020,8802,13,4465,4337,0.15,50.73,1.0461136201568815
05-24-2020,9138,14,4587,4551,0.15,50.2,1.038173142467621
05-25-2020,9171,14,4753,4418,0.15,51.83,1.0036112934996717
05-26-2020,9366,14,4938,4428,0.15,52.72,1.021262675825973
05-27-2020,9692,15,5152,4540,0.15,53.16,1.0348067478112322
05-28-2020,10052,15,5419,4633,0.15,53.91,1.0371440363186133
05-29-2020,10449,15,5700,4749,0.14,54.55,1.0394946279347395
05-30-2020,10793,17,5826,4967,0.16,53.98,1.0329218106995885
05-31-2020,11398,19,6673,4725,0.17,58.55,1.056054850365978
06-01-2020,11871,19,7070,4801,0.16,59.56,1.041498508510265
06-02-2020,12311,19,7407,4904,0.15,60.17,1.0370651166708786
06-03-2020,12815,20,7410,5405,0.16,57.82,1.040938997644383
06-04-2020,13296,21,7728,5568,0.16,58.12,1.0375341396800624
06-05-2020,13835,22,8585,5250,0.16,62.05,1.0405385078219014
06-06-2020,14383,24,9056,5327,0.17,62.96,1.0396096855800505
06-07-2020,14763,26,9468,5295,0.18,64.13,1.0264200792602378
06-08-2020,15417,27,10326,5091,0.18,66.98,1.044299939036781
06-09-2020,15731,29,10606,5125,0.18,67.42,1.0203671271972499
06-10-2020,16200,31,11109,5091,0.19,68.57,1.029813743563664
06-11-2020,16667,34,11487,5180,0.2,68.92,1.028827160493827
06-12-2020,17269,36,11903,5366,0.21,68.93,1.0361192776144477
06-13-2020,17713,37,12191,5522,0.21,68.83,1.0257108112803288
06-14-2020,18227,42,12818,5409,0.23,70.32,1.0290182351944899
06-15-2020,19013,46,13267,5746,0.24,69.78,1.043122839743238
06-16-2020,19553,47,13866,5687,0.24,70.91,1.0284016199442487
06-17-2020,19961,49,14185,5776,0.25,71.06,1.0208663632179205
06-18-2020,20430,55,14696,5734,0.27,71.93,1.0234958168428436
06-19-2020,20916,57,15287,5629,0.27,73.09,1.0237885462555065
06-20-2020,21331,60,15790,5541,0.28,74.02,1.0198412698412698
06-21-2020,21764,63,16419,5345,0.29,75.44,1.020299095213539
06-22-2020,22407,65,16862,5545,0.29,75.25,1.02954420143356
06-23-2020,23062,67,17450,5612,0.29,75.67,1.0292319364484313
06-24-2020,23570,69,17977,5593,0.29,76.27,1.0220275778336658
06-25-2020,24081,71,18501,5580,0.29,76.83,1.021680101824353
06-26-2020,24805,73,19137,5668,0.29,77.15,1.030065196628047
06-27-2020,25267,78,19781,5486,0.31,78.29,1.0186252771618625
06-28-2020,25705,83,20517,5188,0.32,79.82,1.0173348636561523
06-29-2020,26239,84,20928,5311,0.32,79.76,1.020774168449718
06-30-2020,26758,87,21331,5427,0.33,79.72,1.0197797172148328
07-01-2020,27414,92,21948,5466,0.34,80.06,1.0245160325883849
07-02-2020,27837,94,22583,5254,0.34,81.13,1.01543007222587
07-03-2020,28410,95,23318,5092,0.33,82.08,1.0205841146675287
07-04-2020,28857,96,23959,4898,0.33,83.03,1.0157338965153115
07-05-2020,29367,97,24649,4718,0.33,83.93,1.0176733548185881
07-06-2020,29821,98,25178,4643,0.33,84.43,1.0154595294037525
07-07-2020,30321,98,25570,4751,0.32,84.33,1.0167667080245464
07-08-2020,30931,98,26073,4858,0.32,84.29,1.0201180699844992
07-09-2020,31528,103,26520,5008,0.33,84.12,1.019301024861789
07-10-2020,32039,104,27213,4826,0.32,84.94,1.016207815275311
07-11-2020,32470,104,27828,4642,0.32,85.7,1.013452354942414
07-12-2020,32941,108,28425,4516,0.33,86.29,1.0145056975669848
07-13-2020,33476,109,29099,4377,0.33,86.92,1.0162411584347772
07-14-2020,34078,111,29753,4325,0.33,87.31,1.0179830326203847
07-15-2020,34560,117,30320,4240,0.34,87.73,1.014144022536534
07-16-2020,35084,121,30809,4275,0.34,87.81,1.0151620370370371
07-17-2020,35473,124,31188,4285,0.35,87.92,1.0110876752935811
07-18-2020,36004,124,31765,4239,0.34,88.23,1.0149691314520903
07-19-2020,36422,126,32372,4050,0.35,88.88,1.0116098211309854
07-20-2020,36936,128,32965,3971,0.35,89.25,1.0141123496787656
07-21-2020,37316,129,33455,3861,0.35,89.65,1.0102880658436213
07-22-2020,37637,130,33894,3743,0.35,90.05,1.008602208168078
07-23-2020,37996,134,34412,3584,0.35,90.57,1.0095384860642453
07-24-2020,38458,136,34826,3632,0.35,90.56,1.0121591746499632
07-25-2020,38747,137,35205,3542,0.35,90.86,1.0075146913516044
07-26-2020,39131,140,35689,3442,0.36,91.2,1.0099104446795881
07-27-2020,39482,141,36110,3372,0.36,91.46,1.0089698704352048
07-28-2020,39921,141,36531,3390,0.35,91.51,1.0111189909325768
07-29-2020,40311,144,36920,3391,0.36,91.59,1.0097692943563539
07-30-2020,40755,146,37357,3398,0.36,91.66,1.011014363325147
07-31-2020,40982,147,37840,3142,0.36,92.33,1.0055698687277634
08-01-2020,41190,147,38211,2979,0.36,92.77,1.0050753989556391
08-02-2020,41536,147,38666,2870,0.35,93.09,1.0084000971109492
08-03-2020,41835,150,39007,2828,0.36,93.24,1.0071985747303545
08-04-2020,42132,151,39335,2797,0.36,93.36,1.007099318752241
08-05-2020,42514,154,39576,2938,0.36,93.09,1.0090667426184372
08-06-2020,42889,156,39945,2944,0.36,93.14,1.0088206237945148
08-07-2020,43307,159,40276,3031,0.37,93.0,1.0097460887407028
08-08-2020,43629,161,40549,3080,0.37,92.94,1.0074352875978478
08-09-2020,44011,162,40967,3044,0.37,93.08,1.0087556441816223
08-10-2020,44397,163,41209,3188,0.37,92.82,1.0087705346390674
08-11-2020,44804,165,41504,3300,0.37,92.63,1.0091672860778882
08-12-2020,45264,166,41836,3428,0.37,92.43,1.0102669404517455
08-13-2020,45726,167,42180,3546,0.37,92.25,1.0102067868504772
08-14-2020,46052,168,42469,3583,0.36,92.22,1.0071294230853345
08-15-2020,46430,170,42806,3624,0.37,92.19,1.008208112568401
08-16-2020,46835,170,43128,3707,0.36,92.08,1.0087228085289683
08-17-2020,47185,173,43529,3656,0.37,92.25,1.0074730436639265
08-18-2020,47581,175,43921,3660,0.37,92.31,1.0083924976157677
08-19-2020,47950,178,44278,3672,0.37,92.34,1.0077551964019251
08-20-2020,48303,179,44628,3675,0.37,92.39,1.0073618352450469
08-21-2020,48661,181,45166,3495,0.37,92.82,1.0074115479369812
08-22-2020,49038,183,45589,3449,0.37,92.97,1.007747477446004
08-23-2020,49330,184,45981,3349,0.37,93.21,1.0059545658468942
08-24-2020,49719,185,46311,3408,0.37,93.15,1.0078856679505372
08-25-2020,50076,186,46673,3403,0.37,93.2,1.0071803535871597
08-26-2020,50393,186,47049,3344,0.37,93.36,1.006330377825705
08-27-2020,50756,188,47370,3386,0.37,93.33,1.007203381422023
08-28-2020,51113,189,47760,3353,0.37,93.44,1.0070336511939475
08-29-2020,51391,189,48275,3116,0.37,93.94,1.0054389294308688
08-30-2020,51574,189,48654,2920,0.37,94.34,1.0035609347940302
08-31-2020,51972,190,49047,2925,0.37,94.37,1.0077170667390545
09-01-2020,52440,190,49395,3045,0.36,94.19,1.0090048487647194
09-02-2020,52807,190,49645,3162,0.36,94.01,1.006998474446987
09-03-2020,53433,190,50013,3420,0.36,93.6,1.0118544889882024
09-04-2020,54095,195,50323,3772,0.36,93.03,1.0123893474070331
09-05-2020,54771,196,50645,4126,0.36,92.47,1.0124965338755891
09-06-2020,55415,199,50946,4469,0.36,91.94,1.0117580471417356
09-07-2020,56076,200,51240,4836,0.36,91.38,1.0119281782910765
09-08-2020,56778,202,51574,5204,0.36,90.83,1.0125187245880591
09-09-2020,57450,203,51819,5631,0.35,90.2,1.0118355701151855
09-10-2020,58207,207,52284,5923,0.36,89.82,1.0131766753698868
09-11-2020,58839,208,52776,6063,0.35,89.7,1.0108578006081743
09-12-2020,59586,211,53192,6394,0.35,89.27,1.0126956610411462
09-13-2020,60307,212,53681,6626,0.35,89.01,1.0121001577551774
09-14-2020,60965,213,54204,6761,0.35,88.91,1.0109108395376987
09-15-2020,61643,213,54831,6812,0.35,88.95,1.0111211350775036
09-16-2020,62484,216,55444,7040,0.35,88.73,1.0136430738283342
09-17-2020,63189,217,56087,7102,0.34,88.76,1.0112828884194354
09-18-2020,63879,220,56700,7179,0.34,88.76,1.0109196220861225
09-19-2020,64499,221,57299,7200,0.34,88.84,1.0097058501228886
09-20-2020,65039,221,57950,7089,0.34,89.1,1.0083722228251601
09-21-2020,65752,224,58626,7126,0.34,89.16,1.0109626531773244
09-22-2020,66402,227,59367,7035,0.34,89.41,1.0098856308553352
09-23-2020,67014,231,60117,6897,0.34,89.71,1.0092165898617511
09-24-2020,67701,231,60853,6848,0.34,89.88,1.010251589220163
09-25-2020,68190,236,61475,6715,0.35,90.15,1.0072229361456995
09-26-2020,68775,239,62252,6523,0.35,90.52,1.008578970523537
09-27-2020,69361,242,62887,6474,0.35,90.67,1.0085205379861868
09-28-2020,69848,245,63549,6299,0.35,90.98,1.0070212367180404
09-29-2020,70422,246,64267,6155,0.35,91.26,1.008217844462261
09-30-2020,70864,251,64838,6026,0.35,91.5,1.0062764477010024
10-01-2020,71374,254,65550,5824,0.36,91.84,1.0071968841724994
10-02-2020,71803,255,66184,5619,0.36,92.17,1.0060105920923585
10-03-2020,72310,258,66813,5497,0.36,92.4,1.0070609863097642
10-04-2020,72662,260,67475,5187,0.36,92.86,1.004867929746923
10-05-2020,73116,261,67933,5183,0.36,92.91,1.0062481076766399
10-06-2020,73476,262,68606,4870,0.36,93.37,1.0049236829148203
10-07-2020,73932,262,69411,4521,0.35,93.88,1.0062061081169362
10-08-2020,74422,264,69411,5011,0.35,93.27,1.006627711951523
10-09-2020,74860,271,70406,4454,0.36,94.05,1.0058853564806105
10-10-2020,75287,273,70808,4479,0.36,94.05,1.005703980764093
10-11-2020,75614,275,71249,4365,0.36,94.23,1.0043433793350778
10-12-2020,75948,280,71687,4261,0.37,94.39,1.0044171714232815
10-13-2020,76272,285,72164,4108,0.37,94.61,1.0042660767893823
10-14-2020,76621,287,72561,4060,0.37,94.7,1.0045757289700021
10-15-2020,76954,289,73013,3941,0.38,94.88,1.0043460670051292
10-16-2020,77325,292,73421,3904,0.38,94.95,1.0048210619331028
10-17-2020,77571,293,73841,3730,0.38,95.19,1.0031813773035887
10-18-2020,77902,300,74320,3582,0.39,95.4,1.0042670585657012
10-19-2020,78224,302,74683,3541,0.39,95.47,1.004133398372314
10-20-2020,78533,305,75089,3444,0.39,95.61,1.0039501943137656
10-21-2020,78907,308,75424,3483,0.39,95.59,1.0047623292119237
10-22-2020,79211,308,75840,3371,0.39,95.74,1.0038526366482061
10-23-2020,79574,311,76143,3431,0.39,95.69,1.00458269684766
10-24-2020,79975,312,76474,3501,0.39,95.62,1.005039334455978
10-25-2020,80255,312,76776,3479,0.39,95.67,1.0035010940919038
10-26-2020,80533,316,77132,3401,0.39,95.78,1.003463958631861
10-27-2020,80765,316,77421,3344,0.39,95.86,1.0028808066258552
10-28-2020,81022,317,77697,3325,0.39,95.9,1.0031820714418374
10-29-2020,81262,317,78102,3160,0.39,96.11,1.0029621584261066
10-30-2020,81466,319,78365,3101,0.39,96.19,1.0025103984642267
10-31-2020,81645,321,78719,2926,0.39,96.42,1.002197235656593
11-01-2020,81923,321,78997,2926,0.39,96.43,1.0034049849960194
11-02-2020,82133,322,79318,2815,0.39,96.57,1.0025633826886222
11-03-2020,82363,324,79680,2683,0.39,96.74,1.0028003360403248
11-04-2020,82624,327,79929,2695,0.4,96.74,1.00316889865595
11-05-2020,82786,328,80174,2612,0.4,96.84,1.0019606893880713
11-06-2020,83023,328,80526,2497,0.4,96.99,1.0028628028893773
11-07-2020,83264,329,80763,2501,0.4,97.0,1.0029028100646808
11-08-2020,83456,329,81000,2456,0.39,97.06,1.0023059185242122
11-09-2020,83632,329,81225,2407,0.39,97.12,1.0021088957055215
11-10-2020,83811,331,81415,2396,0.39,97.14,1.0021403290606465
11-11-2020,84042,332,81658,2384,0.4,97.16,1.0027562014532698
11-12-2020,84192,332,81846,2346,0.39,97.21,1.001784821874777
11-13-2020,84349,332,82038,2311,0.39,97.26,1.0018647852527556
11-14-2020,84523,333,82300,2223,0.39,97.37,1.0020628578880604
11-15-2020,84703,334,82469,2234,0.39,97.36,1.0021295978609372
11-16-2020,84882,337,82680,2202,0.4,97.41,1.0021132663542023
11-17-2020,85008,337,82900,2108,0.4,97.52,1.0014844136566057
11-18-2020,85182,337,83087,2095,0.4,97.54,1.002046866177301
11-19-2020,85317,337,83244,2073,0.39,97.57,1.0015848418680002
11-20-2020,85467,338,83416,2051,0.4,97.6,1.001758149020711
11-21-2020,85591,338,83617,1974,0.39,97.69,1.0014508523757708
11-22-2020,85705,338,83829,1876,0.39,97.81,1.0013319157388043
11-23-2020,85886,339,84017,1869,0.39,97.82,1.002111895455341
11-24-2020,86016,340,84166,1850,0.4,97.85,1.0015136343525137
11-25-2020,86185,340,84335,1850,0.39,97.85,1.0019647507440477
11-26-2020,86347,341,84510,1837,0.39,97.87,1.0018796774380692
11-27-2020,86515,341,84653,1862,0.39,97.85,1.0019456379492049
11-28-2020,86645,341,84785,1860,0.39,97.85,1.0015026296018033
11-29-2020,86787,341,84977,1810,0.39,97.91,1.0016388712562756
11-30-2020,86956,341,85141,1815,0.39,97.91,1.0019472962540472
12-01-2020,87137,341,85357,1780,0.39,97.96,1.002081512489075
12-02-2020,87270,341,85463,1807,0.39,97.93,1.0015263320977312
12-03-2020,87432,341,85598,1834,0.39,97.9,1.0018563080096252
12-04-2020,87600,341,85710,1890,0.39,97.84,1.0019214932747735
12-05-2020,87732,341,85876,1856,0.39,97.88,1.0015068493150685
12-06-2020,87930,341,86030,1900,0.39,97.84,1.0022568732047599
12-07-2020,88111,341,86215,1896,0.39,97.85,1.0020584555896737
12-08-2020,88294,343,86348,1946,0.39,97.8,1.0020769256959972
12-09-2020,88495,347,86518,1977,0.39,97.77,1.002276485378395
12-10-2020,88632,347,86684,1948,0.39,97.8,1.0015481100627155
12-11-2020,88820,347,86867,1953,0.39,97.8,1.0021211300658903
12-12-2020,88965,348,87025,1940,0.39,97.82,1.0016325151992795
12-13-2020,89143,348,87182,1961,0.39,97.8,1.00200078682628
12-14-2020,89268,348,87332,1936,0.39,97.83,1.001402241342562
12-15-2020,89444,348,87490,1954,0.39,97.82,1.0019715911636868
12-16-2020,89600,349,87690,1910,0.39,97.87,1.0017441080452574
12-17-2020,89743,349,87846,1897,0.39,97.89,1.001595982142857
12-18-2020,89883,349,88003,1880,0.39,97.91,1.0015600102514959
12-19-2020,90062,349,88178,1884,0.39,97.91,1.001991477810042
12-20-2020,90282,349,88331,1951,0.39,97.84,1.0024427616530833
12-21-2020,90450,350,88542,1908,0.39,97.89,1.0018608360470527
12-22-2020,90634,350,88666,1968,0.39,97.83,1.0020342730790492
12-23-2020,90817,350,88826,1991,0.39,97.81,1.0020191098263345
12-24-2020,91070,350,88963,2107,0.38,97.69,1.0027858220377242
12-25-2020,91304,351,89152,2152,0.38,97.64,1.0025694520698365
12-26-2020,91518,351,89326,2192,0.38,97.6,1.0023438184526416
12-27-2020,91733,351,89456,2277,0.38,97.52,1.002349264625538
12-28-2020,91935,351,89643,2292,0.38,97.51,1.0022020428853302
12-29-2020,92169,351,89804,2365,0.38,97.43,1.0025452765540872
12-30-2020,92425,352,90026,2399,0.38,97.4,1.0027775065369051
12-31-2020,92675,352,90217,2458,0.38,97.35,1.0027048958615092
01-01-2021,92913,352,90369,2544,0.38,97.26,1.0025681143782035
01-02-2021,93184,352,90558,2626,0.38,97.18,1.0029167070270038
01-03-2021,93478,352,90686,2792,0.38,97.01,1.0031550480769231
01-04-2021,93766,352,90995,2771,0.38,97.04,1.003080938830527
01-05-2021,93995,352,91213,2782,0.37,97.04,1.0024422498560246
01-06-2021,94284,353,91431,2853,0.37,96.97,1.003074631629342
01-07-2021,94633,353,91630,3003,0.37,96.83,1.0037015824530142
01-08-2021,95030,354,91875,3155,0.37,96.68,1.0041951539103695
01-09-2021,95317,355,92113,3204,0.37,96.64,1.0030200989161318
01-10-2021,95558,356,92362,3196,0.37,96.66,1.0025284052162784
01-11-2021,95879,356,92645,3234,0.37,96.63,1.0033592163921388
01-12-2021,96195,356,92920,3275,0.37,96.6,1.0032958207741007
01-13-2021,96470,356,93160,3310,0.37,96.57,1.002858776443682
01-14-2021,96812,356,93329,3483,0.37,96.4,1.0035451435679485
01-15-2021,97020,357,93726,3294,0.37,96.6,1.0021484939883485
01-16-2021,97268,358,94039,3229,0.37,96.68,1.0025561739847455
01-17-2021,97607,360,94297,3310,0.37,96.61,1.0034852161039602
01-18-2021,97940,360,94646,3294,0.37,96.64,1.0034116405585665
01-19-2021,98260,362,94937,3323,0.37,96.62,1.0032673065141924
01-20-2021,98573,366,95240,3333,0.37,96.62,1.0031854264197029
01-21-2021,98878,366,95594,3284,0.37,96.68,1.0030941535714648
01-22-2021,99210,366,95902,3308,0.37,96.67,1.0033576730920932
01-23-2021,99456,367,96112,3344,0.37,96.64,1.002479588751134
01-24-2021,99817,367,96532,3285,0.37,96.71,1.0036297458172458
01-25-2021,100230,369,96761,3469,0.37,96.54,1.0041375717563141
01-26-2021,100689,370,97006,3683,0.37,96.34,1.0045794672253816
01-27-2021,101116,371,97337,3779,0.37,96.26,1.0042407810187806
01-28-2021,101503,372,97664,3839,0.37,96.22,1.0038272874718146
01-29-2021,101971,372,97948,4023,0.36,96.05,1.004610701161542
01-30-2021,102626,372,98160,4466,0.36,95.65,1.0064233948867816
01-31-2021,103057,375,98599,4458,0.36,95.67,1.0041997154717128
02-01-2021,103582,376,99000,4582,0.36,95.58,1.0050942682204993
02-02-2021,104239,376,99285,4954,0.36,95.25,1.0063428008727384
02-03-2021,104792,376,99527,5265,0.36,94.98,1.0053051161273612
02-04-2021,105496,377,99939,5557,0.36,94.73,1.0067180700816856
02-05-2021,106198,377,100363,5835,0.35,94.51,1.006654280731023
02-06-2021,106713,379,100772,5941,0.36,94.43,1.0048494321926966
02-07-2021,107329,380,101168,6161,0.35,94.26,1.0057724925735383
02-08-2021,108048,383,101629,6419,0.35,94.06,1.0066990282216364
02-09-2021,108807,387,102289,6518,0.36,94.01,1.007024655708574
02-10-2021,109604,391,102725,6879,0.36,93.72,1.0073248963761523
02-11-2021,110416,393,103251,7165,0.36,93.51,1.0074084887412869
02-12-2021,111312,395,103878,7434,0.35,93.32,1.0081147659759455
02-13-2021,112102,398,104487,7615,0.36,93.21,1.007097168319678
02-14-2021,112742,403,105166,7576,0.36,93.28,1.0057090863677722
02-15-2021,113590,406,105784,7806,0.36,93.13,1.0075215979847794
02-16-2021,114361,410,106412,7949,0.36,93.05,1.006787569328286
02-17-2021,115057,410,107016,8041,0.36,93.01,1.0060859908535253
02-18-2021,115705,414,107649,8056,0.36,93.04,1.0056319911000635
02-19-2021,116482,418,108353,8129,0.36,93.02,1.006715353701223
02-20-2021,117234,420,109085,8149,0.36,93.05,1.0064559331055443
02-21-2021,117809,423,110007,7802,0.36,93.38,1.0049047204735828
02-22-2021,118530,429,110827,7703,0.36,93.5,1.0061200757157773
02-23-2021,119205,433,111691,7514,0.36,93.7,1.0056947608200455
02-24-2021,119858,437,112323,7535,0.36,93.71,1.0054779581393398
02-25-2021,120495,439,113132,7363,0.36,93.89,1.0053146223030587
02-26-2021,121127,442,113799,7328,0.36,93.95,1.0052450309141459
02-27-2021,121778,444,114472,7306,0.36,94.0,1.0053745242596615
02-28-2021,122394,449,115089,7305,0.37,94.03,1.0050583849299546
03-01-2021,123039,452,115895,7144,0.37,94.19,1.0052698661699102
03-02-2021,123531,453,116487,7044,0.37,94.3,1.003998732109331
03-03-2021,124269,458,117026,7243,0.37,94.17,1.0059742089030284
03-04-2021,124857,462,117656,7201,0.37,94.23,1.0047316708109022
03-05-2021,125514,468,118301,7213,0.37,94.25,1.0052620197505946
03-06-2021,126126,469,119047,7079,0.37,94.39,1.0048759500932167
03-07-2021,126602,472,119771,6831,0.37,94.6,1.0037740037740037
03-08-2021,127255,473,120489,6766,0.37,94.68,1.005157896399741
03-09-2021,127800,474,121106,6694,0.37,94.76,1.0042827393815568
03-10-2021,128428,476,121776,6652,0.37,94.82,1.0049139280125197
03-11-2021,129081,478,122416,6665,0.37,94.84,1.005084560999159
03-12-2021,129825,480,123170,6655,0.37,94.87,1.005763822715969
03-13-2021,130404,481,123671,6733,0.37,94.84,1.0044598497978048
03-14-2021,131001,484,124367,6634,0.37,94.94,1.0045780804269808
03-15-2021,131683,485,124823,6860,0.37,94.79,1.0052060671292586
03-16-2021,132369,487,125503,6866,0.37,94.81,1.0052094803429448
03-17-2021,133137,489,126080,7057,0.37,94.7,1.005801962695193
03-18-2021,133779,491,126703,7076,0.37,94.71,1.0048221005430495
03-19-2021,134510,493,127329,7181,0.37,94.66,1.0054642357918657
03-20-2021,135326,498,127806,7520,0.37,94.44,1.0060664634599659
03-21-2021,135982,500,128434,7548,0.37,94.45,1.0048475533156969
03-22-2021,136741,502,129242,7499,0.37,94.52,1.00558162109691
03-23-2021,137550,503,129845,7705,0.37,94.4,1.0059162943082178
03-24-2021,138283,507,130397,7886,0.37,94.3,1.0053289712831697
03-25-2021,139124,508,131115,8009,0.37,94.24,1.006081730943066
03-26-2021,139953,512,131594,8359,0.37,94.03,1.0059587130904803
03-27-2021,140818,513,132455,8363,0.36,94.06,1.0061806463598493
03-28-2021,141845,513,133098,8747,0.36,93.83,1.0072931017341533
03-29-2021,142669,515,133753,8916,0.36,93.75,1.0058091578836053
03-30-2021,143574,517,134442,9132,0.36,93.64,1.006343354197478
03-31-2021,144445,521,135315,9130,0.36,93.68,1.0060665580118964
04-01-2021,145380,523,136064,9316,0.36,93.59,1.0064730520267229
04-02-2021,146454,527,136827,9627,0.36,93.43,1.0073875361122575
04-03-2021,147770,531,137555,10215,0.36,93.09,1.008985756619826
04-04-2021,148817,536,138407,10410,0.36,93.0,1.0070853353184002
04-05-2021,149791,541,139205,10586,0.36,92.93,1.0065449511816527
04-06-2021,150811,545,140125,10686,0.36,92.91,1.006809487886455
04-07-2021,151931,547,141119,10812,0.36,92.88,1.0074265139810756
04-08-2021,153074,548,141911,11163,0.36,92.71,1.0075231519571384
04-09-2021,154280,550,142741,11539,0.36,92.52,1.0078785424043273
04-10-2021,155402,554,143889,11513,0.36,92.59,1.007272491573762
04-11-2021,156462,557,144917,11545,0.36,92.62,1.0068210190345042
04-12-2021,157729,562,145953,11776,0.36,92.53,1.0080978128874742
04-13-2021,158789,566,147162,11627,0.36,92.68,1.0067203875000792
04-14-2021,159964,569,148093,11871,0.36,92.58,1.0073997569101134
04-15-2021,160934,574,149159,11775,0.36,92.68,1.006063864369483
04-16-2021,162089,581,150179,11910,0.36,92.65,1.0071768551083053
04-17-2021,163113,588,151286,11827,0.36,92.75,1.006317516919717
04-18-2021,164110,594,152361,11749,0.36,92.84,1.0061123270370846
04-19-2021,165118,600,153671,11447,0.36,93.07,1.0061422216805802
04-20-2021,166157,605,154711,11446,0.36,93.11,1.0062924696277813
04-21-2021,167165,607,155768,11397,0.36,93.18,1.0060665515145315
04-22-2021,168201,614,156981,11220,0.37,93.33,1.0061974695659976
04-23-2021,169254,617,158133,11121,0.36,93.43,1.0062603670608379
04-24-2021,170335,620,159198,11137,0.36,93.46,1.0063868505323361
04-25-2021,171370,624,160089,11281,0.36,93.42,1.0060762614847212
04-26-2021,172576,625,161491,11085,0.36,93.58,1.0070374044465191
04-27-2021,173548,626,162537,11011,0.36,93.66,1.005632301131096
04-28-2021,174659,632,163937,10722,0.36,93.86,1.0064016871413095
04-29-2021,175752,639,164904,10848,0.36,93.83,1.0062579082669658
04-30-2021,176934,646,165928,11006,0.37,93.78,1.006725385770859
05-01-2021,177997,648,166851,11146,0.36,93.74,1.006007889947664
05-02-2021,179297,651,167852,11445,0.36,93.62,1.0073034938791103
05-03-2021,180462,657,168865,11597,0.36,93.57,1.0064975989559224
05-04-2021,181880,662,169852,12028,0.36,93.39,1.0078576099123362
05-05-2021,183330,664,170886,12444,0.36,93.21,1.0079722894215966
05-06-2021,184697,670,172006,12691,0.36,93.13,1.0074564992090764
05-07-2021,186403,674,173036,13367,0.36,92.83,1.0092367499201396
05-08-2021,187905,678,174357,13548,0.36,92.79,1.0080578102283761
05-09-2021,189356,685,175332,14024,0.36,92.59,1.0077219871743701
05-10-2021,191018,691,176338,14680,0.36,92.31,1.0087771182323242
05-11-2021,192750,697,177212,15538,0.36,91.94,1.009067208325917
05-12-2021,194289,705,178458,15831,0.36,91.85,1.0079844357976653
05-13-2021,196105,715,179958,16147,0.36,91.77,1.0093469007509432
05-14-2021,197474,732,181237,16237,0.37,91.78,1.006980954080722
05-15-2021,199093,737,182535,16558,0.37,91.68,1.0081985476569066
05-16-2021,200977,746,183859,17118,0.37,91.48,1.009462914316425
05-17-2021,202556,752,185619,16937,0.37,91.64,1.0078566204093005
05-18-2021,204524,765,186961,17563,0.37,91.41,1.0097158316712416
05-19-2021,206878,773,188496,18382,0.37,91.11,1.0115096516790205
05-20-2021,209293,780,189962,19331,0.37,90.76,1.0116735467280233
05-21-2021,212151,794,191522,20629,0.37,90.28,1.0136554973171583
05-22-2021,214870,809,193337,21533,0.38,89.98,1.0128163430763937
05-23-2021,218047,820,194885,23162,0.38,89.38,1.0147856843672918
05-24-2021,220847,848,196685,24162,0.38,89.06,1.0128412681669547
05-25-2021,223613,866,198220,25393,0.39,88.64,1.0125245079172458
05-26-2021,226416,882,199713,26703,0.39,88.21,1.0125350493933716
05-27-2021,229468,902,201683,27785,0.39,87.89,1.0134796127482157
05-28-2021,232425,923,203429,28996,0.4,87.52,1.0128863283769414
05-29-2021,235698,939,205962,29736,0.4,87.38,1.014081961923201
05-30-2021,238156,953,208445,29711,0.4,87.52,1.0104285993092856
05-31-2021,240531,980,211024,29507,0.41,87.73,1.0099724550294764
06-01-2021,242790,1009,213827,28963,0.42,88.07,1.0093917208176908
06-02-2021,244726,1031,216832,27894,0.42,88.6,1.007973969273858
06-03-2021,246658,1050,219108,27550,0.43,88.83,1.0078945432851434
06-04-2021,248150,1069,221508,26642,0.43,89.26,1.0060488611762035
06-05-2021,249582,1091,225159,24423,0.44,90.21,1.0057707032037075
06-06-2021,251078,1119,228370,22708,0.45,90.96,1.005994022004792
06-07-2021,252600,1143,231113,21487,0.45,91.49,1.0060618612542715
06-08-2021,253879,1161,233480,20399,0.46,91.97,1.0050633412509897
06-09-2021,254920,1171,236301,18619,0.46,92.7,1.0041003785267786
06-10-2021,255954,1188,238540,17414,0.46,93.2,1.0040561744861134
06-11-2021,256921,1196,240529,16392,0.47,93.62,1.0037780226134383
06-12-2021,257852,1206,242678,15174,0.47,94.12,1.0036236819878483
06-13-2021,258731,1221,244579,14152,0.47,94.53,1.0034089322557125
06-14-2021,259523,1236,246074,13449,0.48,94.82,1.003061094341227
06-15-2021,260334,1246,247493,12841,0.48,95.07,1.003124963876034
06-16-2021,260954,1259,249129,11825,0.48,95.47,1.002381556001137
06-17-2021,261501,1271,250586,10915,0.49,95.83,1.0020961548778713
06-18-2021,261988,1286,251785,10203,0.49,96.11,1.0018623255742807
06-19-2021,262427,1297,252848,9579,0.49,96.35,1.0016756492663785
06-20-2021,262892,1306,253910,8982,0.5,96.58,1.001771921334314
06-21-2021,263295,1311,254913,8382,0.5,96.82,1.00153294889156
06-22-2021,263689,1326,256063,7626,0.5,97.11,1.0014964203649899
06-23-2021,264107,1330,256933,7174,0.5,97.28,1.0015852007478507
06-24-2021,264405,1334,257757,6648,0.5,97.49,1.0011283305629914
06-25-2021,264693,1335,258545,6148,0.5,97.68,1.001089238100641
06-26-2021,264995,1341,259234,5761,0.51,97.83,1.0011409444148505
06-27-2021,265247,1345,259787,5460,0.51,97.94,1.0009509613388932
06-28-2021,265477,1348,260363,5114,0.51,98.07,1.0008671163104579
06-29-2021,265643,1351,260363,5280,0.51,98.01,1.000625289573108
06-30-2021,265827,1352,261287,4540,0.51,98.29,1.0006926589445233
07-01-2021,265975,1353,261740,4235,0.51,98.41,1.000556753076249
07-02-2021,266140,1356,262162,3978,0.51,98.51,1.0006203590563023
07-03-2021,266286,1358,262552,3734,0.51,98.6,1.0005485834523182
07-04-2021,266426,1360,262814,3612,0.51,98.64,1.0005257505088514
07-05-2021,266557,1363,263373,3184,0.51,98.81,1.0004916937536126
07-06-2021,266685,1366,263660,3025,0.51,98.87,1.000480197481214
07-07-2021,266797,1367,263893,2904,0.51,98.91,1.000419971126985
07-08-2021,266919,1371,264125,2794,0.51,98.95,1.0004572765061077
07-09-2021,267038,1374,264340,2698,0.51,98.99,1.0004458281351272
07-10-2021,267112,1376,264488,2624,0.52,99.02,1.0002771141185898
07-11-2021,267212,1377,264687,2525,0.52,99.06,1.0003743747940939
07-12-2021,267324,1378,264831,2493,0.52,99.07,1.000419142852866
07-13-2021,267400,1378,265013,2387,0.52,99.11,1.0002842992024659
07-14-2021,267505,1378,265129,2376,0.52,99.11,1.000392670157068
07-15-2021,267619,1379,265263,2356,0.52,99.12,1.0004261602586868
07-16-2021,267727,1379,265386,2341,0.52,99.13,1.0004035587906688
07-17-2021,267796,1380,265521,2275,0.52,99.15,1.0002577252200937
07-18-2021,267882,1380,265638,2244,0.52,99.16,1.0003211399722176
07-19-2021,267949,1380,265759,2190,0.52,99.18,1.0002501101231138
07-20-2021,268027,1380,265832,2195,0.51,99.18,1.0002911001720476
07-21-2021,268092,1381,265930,2162,0.52,99.19,1.000242512881165
07-22-2021,268225,1381,266036,2189,0.51,99.18,1.0004960983542963
07-23-2021,268338,1381,266123,2215,0.51,99.17,1.0004212880976793
07-24-2021,268413,1382,266213,2200,0.51,99.18,1.000279498244751
07-25-2021,268541,1383,266321,2220,0.52,99.17,1.0004768770514096
07-26-2021,268626,1383,266417,2209,0.51,99.18,1.0003165252233366
07-27-2021,268731,1383,266497,2234,0.51,99.17,1.0003908780237207
07-28-2021,268846,1383,266571,2275,0.51,99.15,1.0004279372309113
07-29-2021,268974,1384,266635,2339,0.51,99.13,1.000476108999204
07-30-2021,269080,1384,266705,2375,0.51,99.12,1.000394090135106
07-31-2021,269186,1384,266796,2390,0.51,99.11,1.0003939348892523
08-01-2021,269303,1384,266921,2382,0.51,99.12,1.0004346437036102
08-02-2021,269401,1384,267026,2375,0.51,99.12,1.0003639023701927
08-03-2021,269495,1384,267096,2399,0.51,99.11,1.000348922238596
08-04-2021,269617,1384,267220,2397,0.51,99.11,1.0004526985658362
08-05-2021,269737,1384,0,269737,0.51,0,1.0004450757926986
08-06-2021,269848,1384,0,269848,0.51,0,1.000411511954237
08-07-2021,269949,1384,0,269949,0.51,0,1.0003742847825443
08-08-2021,270060,1384,0,270060,0.51,0,1.0004111887801028
08-09-2021,270161,1384,0,270161,0.51,0,1.0003739909649707
08-10-2021,270290,1384,0,270290,0.51,0,1.0004774930504403
08-11-2021,270451,1384,0,270451,0.51,0,1.0005956565170742
08-12-2021,270590,1384,0,270590,0.51,0,1.0005139563174106
08-13-2021,270692,1384,0,270692,0.51,0,1.0003769540633431
08-14-2021,270816,1384,0,270816,0.51,0,1.0004580852038478
08-15-2021,270919,1384,0,270919,0.51,0,1.0003803320335578
08-16-2021,271025,1384,0,271025,0.51,0,1.000391260856566
08-17-2021,271130,1384,0,271130,0.51,0,1.0003874181348584
08-18-2021,271257,1385,0,271257,0.51,0,1.0004684099878287
08-19-2021,271353,1385,0,271353,0.51,0,1.0003539079175836
08-20-2021,271432,1385,0,271432,0.51,0,1.0002911336893272
08-21-2021,271534,1386,0,271534,0.51,0,1.0003757847269297
08-22-2021,271631,1386,0,271631,0.51,0,1.0003572296655299
08-23-2021,271715,1387,0,271715,0.51,0,1.0003092430539962
08-24-2021,271803,1387,0,271803,0.51,0,1.000323868759546
08-25-2021,271933,1388,0,271933,0.51,0,1.0004782875832865
08-26-2021,272042,1388,0,272042,0.51,0,1.0004008340289703
08-27-2021,272148,1388,0,272148,0.51,0,1.0003896457164703
08-28-2021,272246,1388,0,272246,0.51,0,1.0003600981818717
08-29-2021,272341,1388,0,272341,0.51,0,1.0003489491122
08-30-2021,272453,1388,0,272453,0.51,0,1.0004112491325214
08-31-2021,272540,1388,0,272540,0.51,0,1.000319321130617
09-01-2021,272635,1388,0,272635,0.51,0,1.0003485726865782
09-02-2021,272709,1388,0,272709,0.51,0,1.0002714251655143
09-03-2021,272807,1388,0,272807,0.51,0,1.0003593574102798
09-04-2021,272916,1388,0,272916,0.51,0,1.0003995498649227
09-05-2021,273008,1388,0,273008,0.51,0,1.0003371000600918
09-06-2021,273113,1388,0,273113,0.51,0,1.000384604114165
09-07-2021,273252,1388,0,273252,0.51,0,1.0005089468461772
09-08-2021,273366,1388,0,273366,0.51,0,1.000417197312371
09-09-2021,273454,1388,0,273454,0.51,0,1.000321912747013
09-10-2021,273542,1388,0,273542,0.51,0,1.0003218091525448
09-11-2021,273622,1388,0,273622,0.51,0,1.0002924596588458
09-12-2021,273743,1388,0,273743,0.51,0,1.0004422159036919
09-13-2021,273835,1388,0,273835,0.51,0,1.0003360816532294
09-14-2021,273916,1388,0,273916,0.51,0,1.000295798564829
09-15-2021,273977,1388,0,273977,0.51,0,1.0002226960089955
09-16-2021,274041,1388,0,274041,0.51,0,1.0002335962507802
09-17-2021,274107,1388,0,274107,0.51,0,1.0002408398743254
09-18-2021,274179,1388,0,274179,0.51,0,1.000262671146669
09-19-2021,274264,1388,0,274264,0.51,0,1.000310016449108
09-20-2021,274383,1388,0,274383,0.51,0,1.000433888516174
09-21-2021,274452,1388,0,274452,0.51,0,1.0002514733055619
09-22-2021,274524,1388,0,274524,0.51,0,1.0002623409557956
09-23-2021,274614,1389,0,274614,0.51,0,1.000327840188836
09-24-2021,274676,1389,0,274676,0.51,0,1.0002257714464666
09-25-2021,274745,1389,0,274745,0.51,0,1.000251205056139
09-26-2021,274814,1389,0,274814,0.51,0,1.0002511419680067
09-27-2021,274877,1389,0,274877,0.51,0,1.0002292459627238
09-28-2021,274925,1389,0,274925,0.51,0,1.0001746235589009
09-29-2021,274981,1389,0,274981,0.51,0,1.0002036919159771
09-30-2021,275057,1389,0,275057,0.5,0,1.000276382731898
10-01-2021,275130,1389,0,275130,0.5,0,1.000265399535369
10-02-2021,275175,1389,0,275175,0.5,0,1.0001635590448152
10-03-2021,275237,1389,0,275237,0.5,0,1.0002253111656219
10-04-2021,275279,1389,0,275279,0.5,0,1.0001525957629243
10-05-2021,275349,1390,0,275349,0.5,0,1.0002542874683502
10-06-2021,275394,1390,0,275394,0.5,0,1.0001634289574322
10-07-2021,275458,1390,0,275458,0.5,0,1.0002323943150542
10-08-2021,275538,1390,0,275538,0.5,0,1.0002904254006055
10-09-2021,275597,1390,0,275597,0.5,0,1.000214126545159
10-10-2021,275654,1390,0,275654,0.5,0,1.0002068237317532
10-11-2021,275734,1390,0,275734,0.5,0,1.0002902188976035
10-12-2021,275803,1390,0,275803,0.5,0,1.0002502411744651
10-13-2021,275862,1390,0,275862,0.5,0,1.0002139208057925
10-14-2021,275912,1391,0,275912,0.5,0,1.0001812500453124
10-15-2021,275975,1391,0,275975,0.5,0,1.0002283336716054
10-16-2021,276030,1391,0,276030,0.5,0,1.0001992934142585
10-17-2021,276118,1391,0,276118,0.5,0,1.000318805926892
10-18-2021,276188,1391,0,276188,0.5,0,1.0002535148016427
10-19-2021,276262,1392,0,276262,0.5,0,1.0002679334366447
10-20-2021,276336,1392,0,276336,0.5,0,1.0002678616675476
10-21-2021,276395,1392,0,276395,0.5,0,1.0002135081929246
10-22-2021,276461,1393,0,276461,0.5,0,1.0002387886900994
10-23-2021,276526,1393,0,276526,0.5,0,1.000235114536951
10-24-2021,276571,1393,0,276571,0.5,0,1.0001627333415302
10-25-2021,276608,1393,0,276608,0.5,0,1.0001337811990412
10-26-2021,276635,1393,0,276635,0.5,0,1.0000976110596946
10-27-2021,276685,1393,0,276685,0.5,0,1.0001807435790844
10-28-2021,276718,1393,0,276718,0.5,0,1.0001192692050527
10-29-2021,276749,1393,0,276749,0.5,0,1.000112027406963
10-30-2021,276794,1393,0,276794,0.5,0,1.0001626022135581
10-31-2021,276829,1393,0,276829,0.5,0,1.0001264478276264
11-01-2021,276874,1393,0,276874,0.5,0,1.0001625552236217
11-02-2021,276917,1393,0,276917,0.5,0,1.0001553053013283
11-03-2021,276956,1393,0,276956,0.5,0,1.0001408364239104
11-04-2021,276983,1393,0,276983,0.5,0,1.0000974884097114
11-05-2021,277011,1393,0,277011,0.5,0,1.0001010892365236
11-06-2021,277041,1393,0,277041,0.5,0,1.0001082989484171
11-07-2021,277081,1393,0,277081,0.5,0,1.0001443829613668
11-08-2021,277098,1393,0,277098,0.5,0,1.000061353900123
11-09-2021,277113,1393,0,277113,0.5,0,1.000054132472988
11-10-2021,277138,1393,0,277138,0.5,0,1.0000902159047032
11-11-2021,277165,1393,0,277165,0.5,0,1.00009742438785
11-12-2021,277184,1393,0,277184,0.5,0,1.0000685512240002
11-13-2021,277201,1393,0,277201,0.5,0,1.0000613311013622
11-14-2021,277223,1393,0,277223,0.5,0,1.0000793647930564
11-15-2021,277246,1393,0,277246,0.5,0,1.0000829656990942
11-16-2021,277262,1393,0,277262,0.5,0,1.0000577104809447
11-17-2021,277282,1393,0,277282,0.5,0,1.0000721339382965
11-18-2021,277304,1393,0,277304,0.5,0,1.0000793416089035
11-19-2021,277322,1393,0,277322,0.5,0,1.0000649107117099
11-20-2021,277348,1394,0,277348,0.5,0,1.0000937538312864
11-21-2021,277389,1394,0,277389,0.5,0,1.0001478287205965
11-22-2021,277421,1394,0,277421,0.5,0,1.0001153614598992
11-23-2021,277444,1394,0,277444,0.5,0,1.0000829064850894
11-24-2021,277481,1394,0,277481,0.5,0,1.0001333602456712
11-25-2021,277510,1394,0,277510,0.5,0,1.0001045116602578
11-26-2021,277536,1394,0,277536,0.5,0,1.000093690317466
11-27-2021,277552,1394,0,277552,0.5,0,1.0000576501787155
11-28-2021,277585,1394,0,277585,0.5,0,1.0001188966391883
11-29-2021,277628,1394,0,277628,0.5,0,1.000154907505809
11-30-2021,277690,1394,0,277690,0.5,0,1.0002233204143673
12-01-2021,277721,1394,0,277721,0.5,0,1.0001116352767474
12-02-2021,277752,1394,0,277752,0.5,0,1.0001116228157034
12-03-2021,277772,1394,0,277772,0.5,0,1.0000720066822202
12-04-2021,277803,1394,0,277803,0.5,0,1.0001116023213283
12-05-2021,277831,1394,0,277831,0.5,0,1.000100790848191
12-06-2021,277856,1394,0,277856,0.5,0,1.0000899827593033
12-07-2021,277894,1394,0,277894,0.5,0,1.000136761487965
12-08-2021,277935,1394,0,277935,0.5,0,1.0001475382699878
12-09-2021,277964,1394,0,277964,0.5,0,1.0001043409430261
12-10-2021,277997,1394,0,277997,0.5,0,1.0001187204098372
12-11-2021,278037,1394,0,278037,0.5,0,1.0001438864448178
12-12-2021,278065,1394,0,278065,0.5,0,1.000100706021141
12-13-2021,278065,1394,0,278065,0.5,0,1.0
12-14-2021,278149,1394,0,278149,0.5,0,1.0003020876413788
12-15-2021,278202,1394,0,278202,0.5,0,1.0001905453551874
12-16-2021,278257,1394,0,278257,0.5,0,1.0001976980754992
12-17-2021,278309,1394,0,278309,0.5,0,1.0001868775987666
12-18-2021,278410,1394,0,278410,0.5,0,1.0003629059786066
12-19-2021,278499,1394,0,278499,0.5,0,1.0003196724255594
12-20-2021,278600,1394,0,278600,0.5,0,1.0003626583937464
12-21-2021,278714,1394,0,278714,0.5,0,1.0004091888011486
12-22-2021,278875,1394,0,278875,0.5,0,1.0005776530780657
12-23-2021,279056,1394,0,279056,0.5,0,1.000649036306589
12-24-2021,279277,1394,0,279277,0.5,0,1.000791955736483
12-25-2021,279518,1394,0,279518,0.5,0,1.0008629425265954
12-26-2021,279805,1394,0,279805,0.5,0,1.0010267675069227
12-27-2021,280109,1394,0,280109,0.5,0,1.0010864709351155
12-28-2021,280482,1394,0,280482,0.5,0,1.001331624474758
12-29-2021,280876,1394,0,280876,0.5,0,1.0014047247238682
12-30-2021,281406,1394,0,281406,0.5,0,1.001886953673507
12-31-2021,282062,1394,0,282062,0.49,0,1.00233115143245
01-01-2022,282677,1394,0,282677,0.49,0,1.0021803716913302
01-02-2022,283344,1395,0,283344,0.49,0,1.0023595835529597
01-03-2022,284224,1395,0,284224,0.49,0,1.0031057654300073
01-04-2022,285448,1395,0,285448,0.49,0,1.0043064625084441
01-05-2022,286529,1395,0,286529,0.49,0,1.0037870295115048
01-06-2022,287939,1395,0,287939,0.48,0,1.0049209678601467
01-07-2022,289454,1397,0,289454,0.48,0,1.0052615310881818
01-08-2022,290878,1397,0,290878,0.48,0,1.0049196072605664
01-09-2022,292572,1397,0,292572,0.48,0,1.0058237474130047
01-10-2022,294466,1397,0,294466,0.47,0,1.0064736201687106
01-11-2022,296253,1397,0,296253,0.47,0,1.0060686123355498
01-12-2022,298542,1397,0,298542,0.47,0,1.0077265040354022
01-13-2022,300631,1397,0,300631,0.46,0,1.0069973404077148
01-14-2022,302872,1397,0,302872,0.46,0,1.0074543210779994
01-15-2022,305414,1398,0,305414,0.46,0,1.0083929844951003
01-16-2022,308008,1398,0,308008,0.45,0,1.00849338930108
01-17-2022,310906,1398,0,310906,0.45,0,1.009408846523467
01-18-2022,313925,1398,0,313925,0.45,0,1.0097103304535775
01-19-2022,317380,1398,0,317380,0.44,0,1.0110058134904834
01-20-2022,320688,1398,0,320688,0.44,0,1.0104228369777555
01-21-2022,324304,1398,0,324304,0.43,0,1.0112757571221873
01-22-2022,327466,1399,0,327466,0.43,0,1.0097501110069564
01-23-2022,330621,1399,0,330621,0.42,0,1.009634588018298
01-24-2022,334164,1399,0,334164,0.42,0,1.0107161977006904
01-25-2022,338524,1399,0,338524,0.41,0,1.013047485665721
01-26-2022,343400,1400,0,343400,0.41,0,1.0144037054979853
01-27-2022,348655,1402,0,348655,0.4,0,1.0153028538147932
01-28-2022,355314,1403,0,355314,0.39,0,1.019099109434828
01-29-2022,362022,1404,0,362022,0.39,0,1.0188790759722386
01-30-2022,368767,1407,0,368767,0.38,0,1.0186314643861423
01-31-2022,374575,1408,0,374575,0.38,0,1.0157497823829138
02-01-2022,382748,1408,0,382748,0.37,0,1.02181939531469
02-02-2022,390602,1409,0,390602,0.36,0,1.0205200288440437
02-03-2022,398665,1410,0,398665,0.35,0,1.020642495430131
02-04-2022,405938,1410,0,405938,0.35,0,1.0182433873051309
02-05-2022,413372,1411,0,413372,0.34,0,1.018313141415684
02-06-2022,421081,1411,0,421081,0.34,0,1.0186490618619548
02-07-2022,428123,1414,0,428123,0.33,0,1.0167236232458838
02-08-2022,435244,1416,0,435244,0.33,0,1.0166330704026647
02-09-2022,442062,1418,0,442062,0.32,0,1.0156647765391367
02-10-2022,448166,1419,0,448166,0.32,0,1.013808017879845
02-11-2022,453916,1421,0,453916,0.31,0,1.0128300674303718
02-12-2022,458539,1425,0,458539,0.31,0,1.0101847037777916
02-13-2022,463805,1427,0,463805,0.31,0,1.0114843012262862
02-14-2022,468623,1427,0,468623,0.3,0,1.0103879863304621
02-15-2022,473462,1429,0,473462,0.3,0,1.0103259976569652
02-16-2022,477750,1432,0,477750,0.3,0,1.0090566930397793
02-17-2022,481512,1433,0,481512,0.3,0,1.0078744113029827
02-18-2022,485163,1435,0,485163,0.3,0,1.007582365548522
02-19-2022,488423,1437,0,488423,0.29,0,1.0067193912149113
02-20-2022,492327,1437,0,492327,0.29,0,1.0079930715793481
02-21-2022,495212,1438,0,495212,0.29,0,1.0058599264310102
02-22-2022,498637,1442,0,498637,0.29,0,1.006916229816725
02-23-2022,501643,1444,0,501643,0.29,0,1.0060284335097476
02-24-2022,504375,1447,0,504375,0.29,0,1.0054461041019211
02-25-2022,506974,1448,0,506974,0.29,0,1.0051529120198266
02-26-2022,509390,1450,0,509390,0.28,0,1.0047655303822287
02-27-2022,512306,1453,0,512306,0.28,0,1.0057244940026306
02-28-2022,514883,1454,0,514883,0.28,0,1.005030196796446
03-01-2022,517635,1455,0,517635,0.28,0,1.0053449035994586
03-02-2022,519584,1455,0,519584,0.28,0,1.0037652013484406
03-03-2022,521613,1456,0,521613,0.28,0,1.0039050471146147
03-04-2022,523654,1458,0,523654,0.28,0,1.0039128626012006
03-05-2022,525171,1458,0,525171,0.28,0,1.0028969510401906
03-06-2022,527135,1458,0,527135,0.28,0,1.0037397342960674
03-07-2022,528834,1459,0,528834,0.28,0,1.0032230832708888
03-08-2022,530730,1461,0,530730,0.28,0,1.0035852460318362
03-09-2022,532265,1462,0,532265,0.27,0,1.002892242759972
03-10-2022,533748,1462,0,533748,0.27,0,1.0027862061191324
03-11-2022,535065,1462,0,535065,0.27,0,1.0024674565525304
03-12-2022,536241,1462,0,536241,0.27,0,1.0021978638109388
03-13-2022,537395,1463,0,537395,0.27,0,1.0021520174697571
03-14-2022,538794,1463,0,538794,0.27,0,1.0026032992491556
03-15-2022,539988,1464,0,539988,0.27,0,1.0022160603124757
03-16-2022,541184,1464,0,541184,0.27,0,1.0022148640340156
03-17-2022,542305,1464,0,542305,0.27,0,1.0020713842242195
03-18-2022,543089,1465,0,543089,0.27,0,1.0014456809360046
03-19-2022,543835,1465,0,543835,0.27,0,1.0013736238443423
03-20-2022,544851,1465,0,544851,0.27,0,1.0018682137045243
03-21-2022,545761,1465,0,545761,0.27,0,1.0016701813890403
03-22-2022,546896,1466,0,546896,0.27,0,1.0020796649082657
03-23-2022,547951,1466,0,547951,0.27,0,1.0019290687809017
03-24-2022,548866,1466,0,548866,0.27,0,1.0016698573412586
03-25-2022,549718,1468,0,549718,0.27,0,1.0015522914518298
03-26-2022,550362,1468,0,550362,0.27,0,1.0011715097559113
03-27-2022,551342,1468,0,551342,0.27,0,1.0017806461928693
03-28-2022,552155,1469,0,552155,0.27,0,1.0014745838336279
03-29-2022,552890,1470,0,552890,0.27,0,1.0013311479566427
03-30-2022,553750,1470,0,553750,0.27,0,1.0015554631120114
03-31-2022,554469,1471,0,554469,0.27,0,1.0012984198645598
04-01-2022,555003,1471,0,555003,0.27,0,1.0009630835989027
04-02-2022,555560,1471,0,555560,0.26,0,1.0010035981787486
04-03-2022,556241,1471,0,556241,0.26,0,1.0012257901936785
04-04-2022,556763,1471,0,556763,0.26,0,1.0009384421500753
04-05-2022,557387,1472,0,557387,0.26,0,1.0011207641312372
04-06-2022,558007,1472,0,558007,0.26,0,1.0011123330827594
04-07-2022,558609,1472,0,558609,0.26,0,1.0010788395127659
04-08-2022,559034,1472,0,559034,0.26,0,1.000760818389965
04-09-2022,559431,1472,0,559431,0.26,0,1.000710153586365
04-10-2022,560023,1473,0,560023,0.26,0,1.0010582180823016
04-11-2022,560552,1473,0,560552,0.26,0,1.0009446040609047
04-12-2022,561065,1473,0,561065,0.26,0,1.000915169333086
04-13-2022,561525,1473,0,561525,0.26,0,1.0008198693556005
04-14-2022,561940,1473,0,561940,0.26,0,1.0007390588130538
04-15-2022,562399,1473,0,562399,0.26,0,1.000816813182902
04-16-2022,562759,1473,0,562759,0.26,0,1.000640114936193
04-17-2022,563183,1474,0,563183,0.26,0,1.000753430864722
04-18-2022,563584,1474,0,563584,0.26,0,1.000712024333121
04-19-2022,564176,1474,0,564176,0.26,0,1.0010504201680672
04-20-2022,564617,1474,0,564617,0.26,0,1.000781670967925
04-21-2022,565076,1475,0,565076,0.26,0,1.00081294045344
04-22-2022,565464,1475,0,565464,0.26,0,1.0006866333024231
04-23-2022,565830,1475,0,565830,0.26,0,1.0006472560587412
04-24-2022,566272,1475,0,566272,0.26,0,1.000781153349946
04-25-2022,566679,1475,0,566679,0.26,0,1.0007187358725136
04-26-2022,567173,1475,0,567173,0.26,0,1.0008717457325929
04-27-2022,567614,1475,0,567614,0.26,0,1.0007775405387773
04-28-2022,567988,1475,0,567988,0.26,0,1.0006588984767817
04-29-2022,568367,1475,0,568367,0.26,0,1.00066726761833
04-30-2022,568706,1475,0,568706,0.26,0,1.000596445606448
05-01-2022,569091,1476,0,569091,0.26,0,1.0006769754495293
05-02-2022,569370,1476,0,569370,0.26,0,1.0004902555127388
05-03-2022,569727,1476,0,569727,0.26,0,1.000627008799199
05-04-2022,570103,1476,0,570103,0.26,0,1.0006599652114083
05-05-2022,570761,1477,0,570761,0.26,0,1.0011541774030306
05-06-2022,571441,1477,0,571441,0.26,0,1.0011913918435211
05-07-2022,572082,1477,0,572082,0.26,0,1.001121725602468
05-08-2022,572810,1477,0,572810,0.26,0,1.0012725448449697
05-09-2022,573757,1477,0,573757,0.26,0,1.0016532532602433
05-10-2022,574401,1477,0,574401,0.26,0,1.001122426393055
05-11-2022,575129,1479,0,575129,0.26,0,1.001267407264263
05-12-2022,575762,1479,0,575762,0.26,0,1.0011006226429202
05-13-2022,576395,1479,0,576395,0.26,0,1.0010994126045136
05-14-2022,576997,1479,0,576997,0.26,0,1.001044422661543
05-15-2022,577652,1479,0,577652,0.26,0,1.0011351878779267
05-16-2022,578255,1479,0,578255,0.26,0,1.0010438810910376
05-17-2022,578848,1479,0,578848,0.26,0,1.0010254991310061
05-18-2022,579410,1480,0,579410,0.26,0,1.000970893913428
05-19-2022,579932,1480,0,579932,0.26,0,1.0009009164494918
05-20-2022,580346,1480,0,580346,0.26,0,1.0007138767993489
05-21-2022,580797,1480,0,580797,0.25,0,1.000777122613062
05-22-2022,582694,1485,0,582694,0.25,0,1.003266201443878
05-23-2022,581866,1483,0,581866,0.25,0,1.001420985972054
05-24-2022,582287,1484,0,582287,0.25,0,1.000723534284526
05-25-2022,582694,1485,0,582694,0.25,0,1.0006989680346634
05-26-2022,583130,1485,0,583130,0.25,0,1.000748248651951
05-27-2022,583530,1486,0,583530,0.25,0,1.0006859533894672
05-28-2022,583984,1487,0,583984,0.25,0,1.0007780234092507
05-29-2022,584566,1487,0,584566,0.25,0,1.000996602646648
05-30-2022,585082,1488,0,585082,0.25,0,1.0008827061443875
05-31-2022,585665,1488,0,585665,0.25,0,1.000996441524436
06-01-2022,586267,1488,0,586267,0.25,0,1.001027891371347
06-02-2022,586861,1488,0,586861,0.25,0,1.0010131902358481
06-03-2022,587456,1488,0,587456,0.25,0,1.0010138687014472
06-04-2022,588070,1488,0,588070,0.25,0,1.0010451846606385
06-05-2022,588801,1488,0,588801,0.25,0,1.0012430492968525
06-06-2022,589809,1488,0,589809,0.25,0,1.0017119536142092
06-07-2022,590806,1489,0,590806,0.25,0,1.0016903777324524
06-08-2022,591690,1489,0,591690,0.25,0,1.0014962610400029
06-09-2022,591690,1489,0,591690,0.25,0,1.0
06-10-2022,593654,1489,0,593654,0.25,0,1.003319305717521
06-11-2022,594621,1489,0,594621,0.25,0,1.0016288949455407
06-12-2022,595787,1489,0,595787,0.25,0,1.00196091291764
06-13-2022,597184,1489,0,597184,0.25,0,1.0023447977213333
06-14-2022,598552,1490,0,598552,0.25,0,1.0022907512592434
06-15-2022,599924,1490,0,599924,0.25,0,1.0022921985057271
06-16-2022,601322,1491,0,601322,0.25,0,1.0023302951707216
06-17-2022,602465,1491,0,602465,0.25,0,1.0019008118778292
06-18-2022,603848,1491,0,603848,0.25,0,1.0022955690372055
06-19-2022,605756,1491,0,605756,0.25,0,1.0031597355625919
06-20-2022,607475,1491,0,607475,0.25,0,1.0028377762663514
06-21-2022,609553,1491,0,609553,0.24,0,1.00342071690193
06-22-2022,611632,1492,0,611632,0.24,0,1.0034106960346352
06-23-2022,613386,1492,0,613386,0.24,0,1.0028677374630497
06-24-2022,615125,1492,0,615125,0.24,0,1.0028350826396428
06-25-2022,616588,1492,0,616588,0.24,0,1.0023783783783784
06-26-2022,618498,1492,0,618498,0.24,0,1.0030976924623898
06-27-2022,620427,1492,0,620427,0.24,0,1.0031188459784834
06-28-2022,622261,1492,0,622261,0.24,0,1.002956028670577
06-29-2022,624269,1492,0,624269,0.24,0,1.0032269417495232
06-30-2022,625856,1492,0,625856,0.24,0,1.002542173325922
07-01-2022,627327,1493,0,627327,0.24,0,1.0023503809182943
07-02-2022,628743,1494,0,628743,0.24,0,1.0022571960078237
07-03-2022,630059,1494,0,630059,0.24,0,1.0020930650520166
07-04-2022,631562,1495,0,631562,0.24,0,1.0023854908826
07-05-2022,633348,1498,0,633348,0.24,0,1.0028279092155639
07-06-2022,634927,1498,0,634927,0.24,0,1.0024931001597859
07-07-2022,636294,1498,0,636294,0.24,0,1.0021530034161408
07-08-2022,637542,1498,0,637542,0.23,0,1.0019613574856905
07-09-2022,638522,1498,0,638522,0.23,0,1.0015371536306628
07-10-2022,639455,1498,0,639455,0.23,0,1.0014611869285632
07-11-2022,640656,1500,0,640656,0.23,0,1.0018781618722192
07-12-2022,641978,1503,0,641978,0.23,0,1.00206350990235
07-13-2022,643672,1503,0,643672,0.23,0,1.0026387197069058
07-14-2022,645399,1503,0,645399,0.23,0,1.0026830435377023
07-15-2022,646695,1505,0,646695,0.23,0,1.002008060130245
07-16-2022,647935,1505,0,647935,0.23,0,1.0019174417615724
07-17-2022,649401,1506,0,649401,0.23,0,1.0022625726346006
07-18-2022,650625,1506,0,650625,0.23,0,1.001884813851534
07-19-2022,651514,1506,0,651514,0.23,0,1.0013663784822286
07-20-2022,652527,1506,0,652527,0.23,0,1.0015548399573915
07-21-2022,653447,1506,0,653447,0.23,0,1.0014099033449957
07-22-2022,654221,1506,0,654221,0.23,0,1.001184487800847
07-23-2022,654873,1506,0,654873,0.23,0,1.0009966051227337
07-24-2022,655649,1506,0,655649,0.23,0,1.001184962580531
07-25-2022,656410,1506,0,656410,0.23,0,1.001160682011259
07-26-2022,657047,1507,0,657047,0.23,0,1.0009704300665743
07-27-2022,657669,1509,0,657669,0.23,0,1.000946659827988
07-28-2022,658238,1509,0,658238,0.23,0,1.000865176859484
07-29-2022,658727,1509,0,658727,0.23,0,1.0007428923884674
07-30-2022,659224,1509,0,659224,0.23,0,1.0007544855456054
07-31-2022,659647,1509,0,659647,0.23,0,1.0006416635316675
08-01-2022,660152,1509,0,660152,0.23,0,1.0007655609742787
08-02-2022,660640,1510,0,660640,0.23,0,1.0007392236939372
08-03-2022,661116,1511,0,661116,0.23,0,1.0007205134415114
08-04-2022,661570,1511,0,661570,0.23,0,1.0006867176108278
08-05-2022,661974,1511,0,661974,0.23,0,1.00061066856115
08-06-2022,662406,1511,0,662406,0.23,0,1.0006525936063955
08-07-2022,662814,1511,0,662814,0.23,0,1.000615936449851
08-08-2022,663257,1512,0,663257,0.23,0,1.000668362466695
08-09-2022,663763,1512,0,663763,0.23,0,1.000762901861571
08-10-2022,664388,1512,0,664388,0.23,0,1.0009416011437817
08-11-2022,665092,1512,0,665092,0.23,0,1.001059621787269
08-12-2022,665792,1512,0,665792,0.23,0,1.0010524859718655
08-13-2022,666373,1512,0,666373,0.23,0,1.0008726449101222
08-14-2022,666939,1513,0,666939,0.23,0,1.0008493741493127
08-15-2022,667573,1513,0,667573,0.23,0,1.0009506116751308
08-16-2022,668047,1513,0,668047,0.23,0,1.0007100347078148
08-17-2022,668499,1513,0,668499,0.23,0,1.0006765991015603
08-18-2022,668846,1513,0,668846,0.23,0,1.0005190733269609
08-19-2022,669147,1513,0,669147,0.23,0,1.0004500288556708
08-20-2022,669392,1513,0,669392,0.23,0,1.0003661377843733
08-21-2022,669650,1513,0,669650,0.23,0,1.0003854243851136
08-22-2022,669937,1513,0,669937,0.23,0,1.0004285820951244
08-23-2022,670176,1513,0,670176,0.23,0,1.0003567499630561
08-24-2022,670420,1513,0,670420,0.23,0,1.0003640834646421
08-25-2022,670577,1513,0,670577,0.23,0,1.0002341815578295
08-26-2022,670717,1513,0,670717,0.23,0,1.0002087754277287
08-27-2022,670854,1513,0,670854,0.23,0,1.0002042590242979
08-28-2022,671055,1514,0,671055,0.23,0,1.000299618098722
08-29-2022,671252,1514,0,671252,0.23,0,1.00029356759133
08-30-2022,671484,1515,0,671484,0.23,0,1.000345622806338
08-31-2022,671697,1515,0,671697,0.23,0,1.0003172078560323
09-01-2022,671920,1515,0,671920,0.23,0,1.000331994932239
09-02-2022,672074,1515,0,672074,0.23,0,1.000229193951661
09-03-2022,672245,1515,0,672245,0.23,0,1.0002544362674348
09-04-2022,672447,1515,0,672447,0.23,0,1.0003004856860223
09-05-2022,672636,1515,0,672636,0.23,0,1.0002810630428867
09-06-2022,672859,1515,0,672859,0.23,0,1.0003315314672423
09-07-2022,673066,1516,0,673066,0.23,0,1.0003076424629826
09-08-2022,673314,1518,0,673314,0.23,0,1.0003684631224872
09-09-2022,673498,1518,0,673498,0.23,0,1.0002732751732475
09-10-2022,673693,1518,0,673693,0.23,0,1.0002895331537733
09-11-2022,673996,1518,0,673996,0.23,0,1.0004497597570408
09-12-2022,674303,1518,0,674303,0.23,0,1.0004554923174618
09-13-2022,674621,1518,0,674621,0.23,0,1.000471598079795
09-14-2022,674909,1518,0,674909,0.22,0,1.000426906366686
09-15-2022,675205,1518,0,675205,0.22,0,1.0004385776452827
09-16-2022,675460,1519,0,675460,0.22,0,1.0003776630801016
09-17-2022,675741,1520,0,675741,0.22,0,1.000416012791283
09-18-2022,676094,1520,0,676094,0.22,0,1.0005223894953836
09-19-2022,676451,1520,0,676451,0.22,0,1.0005280330841568
09-20-2022,676846,1520,0,676846,0.22,0,1.0005839299520587
09-21-2022,677242,1520,0,677242,0.22,0,1.0005850666178127
09-22-2022,677667,1520,0,677667,0.22,0,1.000627545249704
09-23-2022,677961,1520,0,677961,0.22,0,1.0004338413999796
09-24-2022,678280,1520,0,678280,0.22,0,1.0004705285407274
09-25-2022,678703,1520,0,678703,0.22,0,1.0006236362564134
09-26-2022,679151,1520,0,679151,0.22,0,1.0006600825397853
09-27-2022,679560,1520,0,679560,0.22,0,1.000602222480715
09-28-2022,679912,1520,0,679912,0.22,0,1.000517982223792
09-29-2022,680271,1520,0,680271,0.22,0,1.0005280095071127
09-30-2022,680559,1520,0,680559,0.22,0,1.0004233606900779
10-01-2022,680805,1520,0,680805,0.22,0,1.0003614675582866
10-02-2022,681210,1520,0,681210,0.22,0,1.0005948839976204
10-03-2022,681675,1520,0,681675,0.22,0,1.0006826088871272
10-04-2022,682114,1520,0,682114,0.22,0,1.0006440019070673
10-05-2022,682470,1520,0,682470,0.22,0,1.0005219068953284
10-06-2022,682816,1520,0,682816,0.22,0,1.0005069819918824
10-07-2022,683047,1520,0,683047,0.22,0,1.0003383049020527
10-08-2022,683242,1520,0,683242,0.22,0,1.0002854854790373
10-09-2022,683482,1520,0,683482,0.22,0,1.0003512664619563
10-10-2022,683773,1521,0,683773,0.22,0,1.0004257610295517
10-11-2022,684229,1521,0,684229,0.22,0,1.00066688798768
10-12-2022,684545,1521,0,684545,0.22,0,1.0004618336843367
10-13-2022,684832,1521,0,684832,0.22,0,1.0004192565864918
10-14-2022,685067,1521,0,685067,0.22,0,1.0003431498528106
10-15-2022,685269,1523,0,685269,0.22,0,1.0002948616704643
10-16-2022,685602,1523,0,685602,0.22,0,1.0004859405576496
10-17-2022,685969,1523,0,685969,0.22,0,1.0005352959880514
10-18-2022,686317,1523,0,686317,0.22,0,1.0005073115548953
10-19-2022,686629,1523,0,686629,0.22,0,1.000454600425168
10-20-2022,686932,1523,0,686932,0.22,0,1.0004412863424061
10-21-2022,687146,1524,0,687146,0.22,0,1.0003115301077836
10-22-2022,687353,1524,0,687353,0.22,0,1.0003012460234069
10-23-2022,687591,1524,0,687591,0.22,0,1.0003462558539788
10-24-2022,688044,1524,0,688044,0.22,0,1.0006588218868484
10-25-2022,688359,1524,0,688359,0.22,0,1.0004578195580516
10-26-2022,688646,1524,0,688646,0.22,0,1.0004169336058655
10-27-2022,689013,1524,0,689013,0.22,0,1.0005329298362293
10-28-2022,689256,1527,0,689256,0.22,0,1.000352678396489
10-29-2022,689480,1527,0,689480,0.22,0,1.000324988103114
10-30-2022,689820,1527,0,689820,0.22,0,1.0004931252538145
10-31-2022,690187,1528,0,690187,0.22,0,1.0005320228465397
11-01-2022,690401,1529,0,690401,0.22,0,1.0003100608965396
11-02-2022,690760,1529,0,690760,0.22,0,1.0005199876593458
11-03-2022,691074,1529,0,691074,0.22,0,1.000454571776015
11-04-2022,691300,1529,0,691300,0.22,0,1.0003270272069271
11-05-2022,691509,1529,0,691509,0.22,0,1.0003023289454651
11-06-2022,691760,1529,0,691760,0.22,0,1.0003629743069142
11-07-2022,692129,1529,0,692129,0.22,0,1.000533421996068
11-08-2022,692378,1529,0,692378,0.22,0,1.0003597595245972
11-09-2022,692639,1530,0,692639,0.22,0,1.0003769617174434
11-10-2022,692885,1531,0,692885,0.22,0,1.0003551633679304
11-11-2022,693082,1531,0,693082,0.22,0,1.0002843184655463
11-12-2022,693261,1531,0,693261,0.22,0,1.0002582666986013
11-13-2022,693492,1532,0,693492,0.22,0,1.0003332078394718
11-14-2022,693725,1532,0,693725,0.22,0,1.0003359808043928
11-15-2022,694021,1532,0,694021,0.22,0,1.0004266820425962
11-16-2022,694223,1532,0,694223,0.22,0,1.0002910574752062
11-17-2022,694464,1532,0,694464,0.22,0,1.000347150699415
11-18-2022,694602,1532,0,694602,0.22,0,1.0001987144042024
11-19-2022,694740,1533,0,694740,0.22,0,1.000198674924633
11-20-2022,694955,1534,0,694955,0.22,0,1.0003094682902955
11-21-2022,695133,1534,0,695133,0.22,0,1.00025613169198
11-22-2022,695279,1535,0,695279,0.22,0,1.0002100317493199
11-23-2022,695448,1535,0,695448,0.22,0,1.0002430678907317
11-24-2022,695584,1535,0,695584,0.22,0,1.0001955573960957
11-25-2022,695676,1535,0,695676,0.22,0,1.0001322629617702
11-26-2022,695766,1536,0,695766,0.22,0,1.000129370569058
11-27-2022,695914,1536,0,695914,0.22,0,1.0002127151944764
11-28-2022,696061,1536,0,696061,0.22,0,1.0002112329971806
11-29-2022,696198,1536,0,696198,0.22,0,1.0001968218302706
11-30-2022,696332,1536,0,696332,0.22,0,1.0001924739801034
12-01-2022,696451,1536,0,696451,0.22,0,1.00017089549238
12-02-2022,696524,1536,0,696524,0.22,0,1.0001048171371711
12-03-2022,696622,1536,0,696622,0.22,0,1.0001406986693926
12-04-2022,696723,1536,0,696723,0.22,0,1.000144985372268
12-05-2022,696851,1536,0,696851,0.22,0,1.0001837172018149
12-06-2022,696851,1536,0,696851,0.22,0,1.0
12-07-2022,696851,1536,0,696851,0.22,0,1.0
12-08-2022,696958,1536,0,696958,0.22,0,1.0001535478890036
12-09-2022,697223,1536,0,697223,0.22,0,1.000380223772451
12-10-2022,697267,1536,0,697267,0.22,0,1.0000631074993223
12-11-2022,697387,1536,0,697387,0.22,0,1.0001721005009558
12-12-2022,697461,1536,0,697461,0.22,0,1.0001061103806064
12-13-2022,697520,1537,0,697520,0.22,0,1.0000845925435258
12-14-2022,697618,1538,0,697618,0.22,0,1.0001404977635049
12-15-2022,697697,1538,0,697697,0.22,0,1.000113242490876
12-16-2022,697713,1539,0,697713,0.22,0,1.0000229325910819
12-17-2022,697758,1539,0,697758,0.22,0,1.0000644964333472
12-18-2022,697810,1539,0,697810,0.22,0,1.0000745244053095
12-19-2022,697844,1539,0,697844,0.22,0,1.0000487238646623
12-20-2022,697938,1539,0,697938,0.22,0,1.0001347005921095
12-21-2022,698028,1539,0,698028,0.22,0,1.0001289512822056
12-22-2022,698136,1539,0,698136,0.22,0,1.0001547215870996
12-23-2022,698183,1539,0,698183,0.22,0,1.0000673221263479
12-24-2022,698241,1539,0,698241,0.22,0,1.0000830727760486
12-25-2022,698313,1539,0,698313,0.22,0,1.000103116259286
12-26-2022,698440,1539,0,698440,0.22,0,1.0001818668705866
12-27-2022,698535,1539,0,698535,0.22,0,1.0001360174102285
12-28-2022,698599,1539,0,698599,0.22,0,1.000091620319669
12-29-2022,698668,1539,0,698668,0.22,0,1.000098769107886
12-30-2022,698668,1539,0,698668,0.22,0,1.0
12-31-2022,698737,1539,0,698737,0.22,0,1.0000987593535127
01-01-2023,698774,1539,0,698774,0.22,0,1.0000529526846296
01-02-2023,698849,1539,0,698849,0.22,0,1.0001073308394417
01-03-2023,698889,1539,0,698889,0.22,0,1.0000572369710767
01-04-2023,698952,1539,0,698952,0.22,0,1.0000901430699296
01-05-2023,699054,1539,0,699054,0.22,0,1.0001459327679154
01-06-2023,699094,1539,0,699094,0.22,0,1.0000572201861373
01-07-2023,699137,1539,0,699137,0.22,0,1.000061508180588
01-08-2023,699199,1539,0,699199,0.22,0,1.000088680759279
01-09-2023,699264,1539,0,699264,0.22,0,1.0000929635196847
01-10-2023,699313,1539,0,699313,0.22,0,1.0000700736774666
01-11-2023,699368,1539,0,699368,0.22,0,1.000078648616571
01-12-2023,699433,1539,0,699433,0.22,0,1.0000929410553527
01-13-2023,699473,1539,0,699473,0.22,0,1.000057189180379
01-14-2023,699518,1540,0,699518,0.22,0,1.000064334148709
01-15-2023,699581,1540,0,699581,0.22,0,1.0000900620141298
01-16-2023,699625,1540,0,699625,0.22,0,1.0000628947898813
01-17-2023,699700,1540,0,699700,0.22,0,1.0001072002858675
01-18-2023,699761,1540,0,699761,0.22,0,1.0000871802200944
01-19-2023,699761,1540,0,699761,0.22,0,1.0
01-20-2023,699794,1541,0,699794,0.22,0,1.0000471589585587
01-21-2023,699893,1541,0,699893,0.22,0,1.0001414702040887
01-22-2023,699975,1541,0,699975,0.22,0,1.0001171607660029
01-23-2023,700033,1541,0,700033,0.22,0,1.0000828601021465
01-24-2023,700107,1541,0,700107,0.22,0,1.0001057093022758
01-25-2023,700171,1541,0,700171,0.22,0,1.0000914145980544
01-26-2023,700247,1541,0,700247,0.22,0,1.0001085449126
01-27-2023,700284,1542,0,700284,0.22,0,1.0000528384984155
01-28-2023,700346,1542,0,700346,0.22,0,1.0000885355084508
01-29-2023,700452,1543,0,700452,0.22,0,1.0001513537594275
01-30-2023,700452,1543,0,700452,0.22,0,1.0
01-31-2023,700452,1543,0,700452,0.22,0,1.0
02-01-2023,700835,1544,0,700835,0.22,0,1.000546789787166
02-02-2023,700835,1544,0,700835,0.22,0,1.0
02-03-2023,700835,1544,0,700835,0.22,0,1.0
02-04-2023,700835,1544,0,700835,0.22,0,1.0
02-05-2023,700835,1544,0,700835,0.22,0,1.0
02-06-2023,700835,1544,0,700835,0.22,0,1.0
02-07-2023,700835,1544,0,700835,0.22,0,1.0
02-08-2023,700835,1544,0,700835,0.22,0,1.0
02-09-2023,700835,1544,0,700835,0.22,0,1.0
02-10-2023,700835,1544,0,700835,0.22,0,1.0
02-11-2023,700835,1544,0,700835,0.22,0,1.0
02-12-2023,700835,1544,0,700835,0.22,0,1.0
02-13-2023,700835,1544,0,700835,0.22,0,1.0
02-14-2023,700835,1544,0,700835,0.22,0,1.0
02-15-2023,700835,1544,0,700835,0.22,0,1.0
02-16-2023,700835,1544,0,700835,0.22,0,1.0
02-17-2023,700835,1544,0,700835,0.22,0,1.0
02-18-2023,700835,1544,0,700835,0.22,0,1.0
02-19-2023,704491,1548,0,704491,0.22,0,1.0052166344431999
02-20-2023,704738,1548,0,704738,0.22,0,1.000350607743747
02-21-2023,705135,1548,0,705135,0.22,0,1.0005633299183527
02-22-2023,705444,1548,0,705444,0.22,0,1.000438213959029
02-23-2023,705830,1548,0,705830,0.22,0,1.0005471731278457
02-24-2023,706013,1548,0,706013,0.22,0,1.0002592692291346
02-25-2023,706250,1548,0,706250,0.22,0,1.00033568786977
02-26-2023,706250,1548,0,706250,0.22,0,1.0
02-27-2023,707105,1548,0,707105,0.22,0,1.0012106194690265
02-28-2023,707480,1548,0,707480,0.22,0,1.0005303314217833
03-01-2023,707828,1549,0,707828,0.22,0,1.0004918866964436
03-02-2023,708061,1550,0,708061,0.22,0,1.000329176014512
03-03-2023,708532,1552,0,708532,0.22,0,1.0006651969251237
03-04-2023,708768,1552,0,708768,0.22,0,1.0003330830505892
03-05-2023,709230,1552,0,709230,0.22,0,1.0006518352973046
03-06-2023,709230,1552,0,709230,0.22,0,1.0
03-07-2023,709858,1553,0,709858,0.22,0,1.0008854673378171
03-08-2023,710306,1553,0,710306,0.22,0,1.0006311121379206
03-09-2023,710693,1553,0,710693,0.22,0,1.0005448356060627
