date,total_confirmed,total_deaths,total_recovered,total_infected,mortality_rate,recovery_rate,daily_growth_rate
02-25-2020,2,0,0,2,0,0,1
02-26-2020,1,0,0,1,0,0,1.5
02-27-2020,1,0,0,1,0,0,1.0
02-28-2020,1,0,0,1,0,0,1.0
02-29-2020,3,0,0,3,0,0,3.0
03-01-2020,7,0,0,7,0,0,2.333333333333333
03-02-2020,8,0,0,8,0,0,1.1428571428571428
03-03-2020,12,0,0,12,0,0,1.5
03-04-2020,17,0,0,17,0,0,1.4166666666666667
03-05-2020,23,0,0,23,0,0,1.3529411764705883
03-06-2020,37,0,0,37,0,0,1.608695652173913
03-07-2020,46,0,0,46,0,0,1.2432432432432432
03-08-2020,75,0,0,75,0,0,1.6304347826086958
03-09-2020,98,0,2,96,0,2.04,1.3066666666666666
03-10-2020,126,0,4,122,0,3.17,1.2857142857142856
03-11-2020,148,0,4,144,0,2.7,1.1746031746031746
03-12-2020,203,0,4,199,0,1.97,1.3716216216216215
03-13-2020,312,0,6,306,0,1.92,1.5369458128078817
03-14-2020,409,1,6,403,0.24,1.47,1.310897435897436
03-15-2020,591,1,6,585,0.17,1.02,1.4449877750611246
03-16-2020,801,2,6,795,0.25,0.75,1.3553299492385786
03-17-2020,999,3,1,998,0.3,0.1,1.247191011235955
03-18-2020,1225,5,9,1216,0.41,0.73,1.2262262262262262
03-19-2020,1571,7,9,1562,0.45,0.57,1.2824489795918368
03-20-2020,1943,12,9,1934,0.62,0.46,1.236791852323361
03-21-2020,2398,15,9,2389,0.63,0.38,1.2341739577972208
03-22-2020,2907,20,9,2898,0.69,0.31,1.2122602168473728
03-23-2020,3455,26,9,3446,0.75,0.26,1.1885104919160647
03-24-2020,4073,34,9,4064,0.83,0.22,1.1788712011577425
03-25-2020,4760,46,9,4751,0.97,0.19,1.1686717407316474
03-26-2020,5483,56,112,5371,1.02,2.04,1.151890756302521
03-27-2020,6237,65,225,6012,1.04,3.61,1.137515958416925
03-28-2020,7293,81,225,7068,1.11,3.09,1.1693121693121693
03-29-2020,8100,101,479,7621,1.25,5.91,1.1106540518305223
03-30-2020,8717,120,636,8081,1.38,7.3,1.076172839506173
03-31-2020,9264,134,1095,8169,1.45,11.82,1.0627509464265228
04-01-2020,9937,155,1436,8501,1.56,14.45,1.072646804835924
04-02-2020,10486,174,1749,8737,1.66,16.68,1.0552480627956125
04-03-2020,11035,185,2022,9013,1.68,18.32,1.0523555216479115
04-04-2020,11473,205,2507,8966,1.79,21.85,1.0396918894426823
04-05-2020,11884,223,2998,8886,1.88,25.23,1.035823237165519
04-06-2020,12137,243,3463,8674,2.0,28.53,1.02128912823965
04-07-2020,12320,265,4046,8274,2.15,32.84,1.0150778610859357
04-08-2020,12626,296,4512,8114,2.34,35.74,1.0248376623376623
04-09-2020,12915,325,5240,7675,2.52,40.57,1.0228892760969428
04-10-2020,13205,342,6064,7141,2.59,45.92,1.0224545102593883
04-11-2020,13481,364,6604,6877,2.7,48.99,1.0209011737978038
04-12-2020,13838,387,6987,6851,2.8,50.49,1.0264817150063053
04-13-2020,14041,404,7343,6698,2.88,52.3,1.0146697499638677
04-14-2020,14152,416,7633,6519,2.94,53.94,1.0079054198418915
04-15-2020,14239,437,8098,6141,3.07,56.87,1.0061475409836065
04-16-2020,14389,450,8986,5403,3.13,62.45,1.0105344476437952
04-17-2020,14518,466,9704,4814,3.21,66.84,1.0089651817360483
04-18-2020,14629,489,10214,4415,3.34,69.82,1.007645681223309
04-19-2020,14729,502,10501,4228,3.41,71.29,1.0068357372342607
04-20-2020,14789,520,10631,4158,3.52,71.88,1.004073596306606
04-21-2020,14836,537,10971,3865,3.62,73.95,1.0031780377307458
04-22-2020,14904,546,11328,3576,3.66,76.01,1.004583445672688
04-23-2020,14974,564,11694,3280,3.77,78.1,1.0046967257112185
04-24-2020,15047,576,11872,3175,3.83,78.9,1.00487511686924
04-25-2020,15107,584,12103,3004,3.87,80.12,1.0039875058151126
04-26-2020,15186,592,12282,2904,3.9,80.88,1.0052293638710532
04-27-2020,15248,606,12362,2886,3.97,81.07,1.0040827077571448
04-28-2020,15283,615,12580,2703,4.02,82.31,1.0022953830010493
04-29-2020,15353,621,12779,2574,4.04,83.23,1.004580252568213
04-30-2020,15402,635,12907,2495,4.12,83.8,1.003191558653032
05-01-2020,15463,642,13110,2353,4.15,84.78,1.0039605246071939
05-02-2020,15517,649,13180,2337,4.18,84.94,1.0034922072042942
05-03-2020,15554,653,13228,2326,4.2,85.05,1.0023844815363794
05-04-2020,15582,657,13316,2266,4.22,85.46,1.0018001800180019
05-05-2020,15594,666,13462,2132,4.27,86.33,1.0007701193685021
05-06-2020,15624,670,13639,1985,4.29,87.3,1.0019238168526357
05-07-2020,15678,673,13698,1980,4.29,87.37,1.0034562211981566
05-08-2020,15724,680,13836,1888,4.32,87.99,1.0029340477101671
05-09-2020,15763,683,13928,1835,4.33,88.36,1.00248028491478
05-10-2020,15812,688,13991,1821,4.35,88.48,1.003108545327666
05-11-2020,15842,695,14061,1781,4.39,88.76,1.0018972931950418
05-12-2020,15857,698,14148,1709,4.4,89.22,1.0009468501451837
05-13-2020,15923,701,14304,1619,4.4,89.83,1.0041621996594563
05-14-2020,15961,702,14405,1556,4.4,90.25,1.0023864849588646
05-15-2020,16013,705,14471,1542,4.4,90.37,1.0032579412317524
05-16-2020,16067,709,14524,1543,4.41,90.4,1.0033722600387185
05-17-2020,16148,709,14563,1585,4.39,90.18,1.005041389182797
05-18-2020,16163,710,14614,1549,4.39,90.42,1.000928907604657
05-19-2020,16189,712,14678,1511,4.4,90.67,1.001608612262575
05-20-2020,16247,716,14882,1365,4.41,91.6,1.0035826795972573
05-21-2020,16308,717,14951,1357,4.4,91.68,1.003754539299563
05-22-2020,16338,721,15005,1333,4.41,91.84,1.0018395879323032
05-23-2020,16369,724,15037,1332,4.42,91.86,1.001897417064512
05-24-2020,16397,728,15063,1334,4.44,91.86,1.0017105504306922
05-25-2020,16421,729,15138,1283,4.44,92.19,1.0014636823809233
05-26-2020,16452,730,15182,1270,4.44,92.28,1.0018878265635467
05-27-2020,16477,732,15228,1249,4.44,92.42,1.0015195720885
05-28-2020,16499,736,15286,1213,4.46,92.65,1.0013351945135645
05-29-2020,16549,737,15347,1202,4.45,92.74,1.0030304866961635
05-30-2020,16568,739,15520,1048,4.46,93.67,1.0011481056257177
05-31-2020,16610,741,15593,1017,4.46,93.88,1.0025350072428778
06-01-2020,16642,741,15596,1046,4.45,93.71,1.0019265502709211
06-02-2020,16647,745,15629,1018,4.48,93.88,1.000300444658094
06-03-2020,16666,746,15672,994,4.48,94.04,1.0011413467892112
06-04-2020,16682,749,15717,965,4.49,94.22,1.000960038401536
06-05-2020,16735,752,15742,993,4.49,94.07,1.003177077089078
06-06-2020,16752,756,15789,963,4.51,94.25,1.0010158350761875
06-07-2020,16819,758,15793,1026,4.51,93.9,1.0039995224450813
06-08-2020,16850,759,15839,1011,4.5,94.0,1.0018431535763126
06-09-2020,16875,760,15875,1000,4.5,94.07,1.0014836795252227
06-10-2020,16899,763,15910,989,4.52,94.15,1.0014222222222222
06-11-2020,16914,765,15949,965,4.52,94.29,1.0008876264867743
06-12-2020,16948,767,15985,963,4.53,94.32,1.0020101690906942
06-13-2020,16970,768,16012,958,4.53,94.35,1.0012980882700024
06-14-2020,17007,770,16059,948,4.53,94.43,1.0021803182086033
06-15-2020,17029,771,16066,963,4.53,94.34,1.001293584994414
06-16-2020,17047,776,16089,958,4.55,94.38,1.001057020377004
06-17-2020,17100,782,16099,1001,4.57,94.15,1.0031090514460022
06-18-2020,17119,785,16101,1018,4.59,94.05,1.001111111111111
06-19-2020,17150,786,16141,1009,4.58,94.12,1.0018108534377008
06-20-2020,17182,786,16175,1007,4.57,94.14,1.001865889212828
06-21-2020,17234,788,16197,1037,4.57,93.98,1.0030264230008148
06-22-2020,17266,791,16241,1025,4.58,94.06,1.0018567947081352
06-23-2020,17295,793,16261,1034,4.59,94.02,1.0016796015290166
06-24-2020,17326,796,16282,1044,4.59,93.97,1.0017924255565192
06-25-2020,17369,798,16320,1049,4.59,93.96,1.0024818192312133
06-26-2020,17404,802,16348,1056,4.61,93.93,1.0020150843456734
06-27-2020,17448,804,16371,1077,4.61,93.83,1.0025281544472535
06-28-2020,17522,805,16401,1121,4.59,93.6,1.0042411737734984
06-29-2020,17567,808,16420,1147,4.6,93.47,1.0025681999771716
06-30-2020,17629,810,16478,1151,4.59,93.47,1.0035293447942164
07-01-2020,17678,811,16491,1187,4.59,93.29,1.0027795110329571
07-02-2020,17779,811,16514,1265,4.56,92.88,1.0057133159859712
07-03-2020,17874,812,16558,1316,4.54,92.64,1.0053433826424434
07-04-2020,17954,815,16607,1347,4.54,92.5,1.004475774868524
07-05-2020,18088,816,16615,1473,4.51,91.86,1.007463517879024
07-06-2020,18194,819,16647,1547,4.5,91.5,1.005860238832375
07-07-2020,18270,819,16686,1584,4.48,91.33,1.0041772012751458
07-08-2020,18338,820,16721,1617,4.47,91.18,1.0037219485495348
07-09-2020,18429,820,16758,1671,4.45,90.93,1.0049623732140909
07-10-2020,18547,820,16808,1739,4.42,90.62,1.0064029518693365
07-11-2020,18619,821,16864,1755,4.41,90.57,1.0038820294387232
07-12-2020,18724,821,16952,1772,4.38,90.54,1.0056394006122777
07-13-2020,18814,824,17000,1814,4.38,90.36,1.0048066652424696
07-14-2020,18866,826,17073,1793,4.38,90.5,1.0027638992239822
07-15-2020,18965,828,17175,1790,4.37,90.56,1.0052475352485954
07-16-2020,19087,829,17244,1843,4.34,90.34,1.0064329027155285
07-17-2020,19217,830,17335,1882,4.32,90.21,1.006810918426154
07-18-2020,19358,831,17501,1857,4.29,90.41,1.007337253473487
07-19-2020,19482,831,17599,1883,4.27,90.33,1.0064056204153322
07-20-2020,19563,831,17659,1904,4.25,90.27,1.0041576840160147
07-21-2020,19650,836,17716,1934,4.25,90.16,1.0044471706793436
07-22-2020,19740,839,17849,1891,4.25,90.42,1.0045801526717557
07-23-2020,19877,839,17943,1934,4.22,90.27,1.0069402228976696
07-24-2020,20039,840,18042,1997,4.19,90.03,1.008150123258037
07-25-2020,20156,842,18124,2032,4.18,89.92,1.0058386147013325
07-26-2020,20309,842,18209,2100,4.15,89.66,1.0075907918237745
07-27-2020,20421,844,18246,2175,4.13,89.35,1.0055147963956867
07-28-2020,20522,844,18379,2143,4.11,89.56,1.0049458890357965
07-29-2020,20618,847,18528,2090,4.11,89.86,1.0046779066367801
07-30-2020,20771,847,18628,2143,4.08,89.68,1.0074207003589097
07-31-2020,20873,848,18758,2115,4.06,89.87,1.0049106927928362
08-01-2020,21063,852,18911,2152,4.05,89.78,1.0091026685191395
08-02-2020,21186,856,18984,2202,4.04,89.61,1.0058396239851872
08-03-2020,21248,859,19063,2185,4.04,89.72,1.002926460870386
08-04-2020,21318,861,19336,1982,4.04,90.7,1.0032944277108433
08-05-2020,21411,863,19464,1947,4.03,90.91,1.004362510554461
08-06-2020,21494,863,19596,1898,4.02,91.17,1.0038765120732334
08-07-2020,21653,864,19690,1963,3.99,90.93,1.0073974132315995
08-08-2020,21772,866,19812,1960,3.98,91.0,1.0054957742576087
08-09-2020,21862,870,19923,1939,3.98,91.13,1.0041337497703473
08-10-2020,21966,872,20010,1956,3.97,91.1,1.0047571127984631
08-11-2020,22038,873,20123,1915,3.96,91.31,1.0032777929527452
08-12-2020,22196,873,20268,1928,3.93,91.31,1.0071694346129414
08-13-2020,22383,875,20346,2037,3.91,90.9,1.0084249414308883
08-14-2020,22573,877,20499,2074,3.89,90.81,1.0084885850868963
08-15-2020,22824,880,20627,2197,3.86,90.37,1.0111194790236122
08-16-2020,23173,881,20681,2492,3.8,89.25,1.0152909218366633
08-17-2020,23329,882,20765,2564,3.78,89.01,1.0067319725542658
08-18-2020,23498,883,20870,2628,3.76,88.82,1.007244202494749
08-19-2020,23757,884,20958,2799,3.72,88.22,1.0110222146565666
08-20-2020,24009,886,21093,2916,3.69,87.85,1.0106073999242329
08-21-2020,24356,888,21260,3096,3.65,87.29,1.0144529134907743
08-22-2020,24687,890,21406,3281,3.61,86.71,1.013590080472984
08-23-2020,24989,893,21558,3431,3.57,86.27,1.0122331591525904
08-24-2020,25218,895,21657,3561,3.55,85.88,1.0091640321741566
08-25-2020,25411,897,21888,3523,3.53,86.14,1.0076532635419144
08-26-2020,25654,902,22145,3509,3.52,86.32,1.0095627877690765
08-27-2020,25955,902,22317,3638,3.48,85.98,1.0117330630700865
08-28-2020,26274,902,22594,3680,3.43,85.99,1.012290502793296
08-29-2020,26500,902,22866,3634,3.4,86.29,1.008601659435183
08-30-2020,26894,903,23070,3824,3.36,85.78,1.0148679245283019
08-31-2020,27131,903,23226,3905,3.33,85.61,1.008812374507325
09-01-2020,27354,903,23565,3789,3.3,86.15,1.008219380044967
09-02-2020,27575,906,23820,3755,3.29,86.38,1.0080792571470352
09-03-2020,27861,908,24171,3690,3.26,86.76,1.0103717135086128
09-04-2020,28290,910,24513,3777,3.22,86.65,1.0153978679875095
09-05-2020,28656,911,24828,3828,3.18,86.64,1.0129374337221633
09-06-2020,29036,916,25043,3993,3.15,86.25,1.0132607481853713
09-07-2020,29253,917,25300,3953,3.13,86.49,1.007473481195757
09-08-2020,29620,919,25629,3991,3.1,86.53,1.0125457218063105
09-09-2020,30016,919,25764,4252,3.06,85.83,1.013369345037137
09-10-2020,30568,920,26043,4525,3.01,85.2,1.0183901918976546
09-11-2020,31259,921,26257,5002,2.95,84.0,1.022605338916514
09-12-2020,31857,925,26579,5278,2.9,83.43,1.0191304904187595
09-13-2020,32787,929,26760,6027,2.83,81.62,1.0291929560222244
09-14-2020,33202,933,27010,6192,2.81,81.35,1.012657455698905
09-15-2020,33616,934,27354,6262,2.78,81.37,1.0124691283657612
09-16-2020,34436,935,27655,6781,2.72,80.31,1.0243931461208948
09-17-2020,35159,936,28044,7115,2.66,79.76,1.0209954698571262
09-18-2020,36013,941,28451,7562,2.61,79.0,1.0242896555647203
09-19-2020,36819,946,28961,7858,2.57,78.66,1.0223808069308304
09-20-2020,37693,950,29229,8464,2.52,77.54,1.023737744099514
09-21-2020,38360,953,29516,8844,2.48,76.94,1.0176955933462446
09-22-2020,38831,958,30312,8519,2.47,78.06,1.0122784150156412
09-23-2020,39413,962,30949,8464,2.44,78.52,1.014988025031547
09-24-2020,40132,965,31661,8471,2.4,78.89,1.0182427117956003
09-25-2020,40936,970,32301,8635,2.37,78.91,1.020033888169042
09-26-2020,41593,976,33154,8439,2.35,79.71,1.0160494430330271
09-27-2020,42356,981,33589,8767,2.32,79.3,1.018344432957469
09-28-2020,42947,986,34052,8895,2.3,79.29,1.0139531589385211
09-29-2020,43492,992,34916,8576,2.28,80.28,1.0126900598411996
09-30-2020,44231,994,35644,8587,2.25,80.59,1.0169916306447162
10-01-2020,44990,1000,36476,8514,2.22,81.08,1.0171599104700324
10-02-2020,45844,1003,37186,8658,2.19,81.11,1.0189819959991109
10-03-2020,46634,1011,38045,8589,2.17,81.58,1.0172323531978011
10-04-2020,47648,1017,38629,9019,2.13,81.07,1.0217437920830295
10-05-2020,48366,1022,39058,9308,2.11,80.76,1.015068838146407
10-06-2020,49103,1032,39790,9313,2.1,81.03,1.0152379770913451
10-07-2020,50030,1042,40499,9531,2.08,80.95,1.0188786835834878
10-08-2020,51108,1053,41289,9819,2.06,80.79,1.021547071756946
10-09-2020,52382,1061,42039,10343,2.03,80.25,1.0249276042889568
10-10-2020,53492,1072,42829,10663,2.0,80.07,1.0211904852812035
10-11-2020,54752,1081,43448,11304,1.97,79.35,1.0235549241008002
10-12-2020,55766,1089,44065,11701,1.95,79.02,1.0185198714202222
10-13-2020,56596,1103,44949,11647,1.95,79.42,1.014883620844242
10-14-2020,57739,1113,45846,11893,1.93,79.4,1.0201957735529013
10-15-2020,59060,1120,46798,12262,1.9,79.24,1.022878816744315
10-16-2020,60495,1128,47618,12877,1.86,78.71,1.0242973247544869
10-17-2020,62017,1135,48771,13246,1.83,78.64,1.0251591040581867
10-18-2020,63812,1145,49561,14251,1.79,77.67,1.0289436767337987
10-19-2020,65297,1161,50359,14938,1.78,77.12,1.0232714849871498
10-20-2020,66496,1170,51407,15089,1.76,77.31,1.018362252477143
10-21-2020,68142,1185,52617,15525,1.74,77.22,1.0247533686236767
10-22-2020,70120,1198,53970,16150,1.71,76.97,1.0290276187960437
10-23-2020,72774,1218,55195,17579,1.67,75.84,1.0378494010268111
10-24-2020,76005,1237,56791,19214,1.63,74.72,1.044397724462033
10-25-2020,79352,1257,57858,21494,1.58,72.91,1.0440365765410171
10-26-2020,82322,1273,59036,23286,1.55,71.71,1.0374281681621131
10-27-2020,84796,1296,60308,24488,1.53,71.12,1.0300527198075848
10-28-2020,87578,1322,61684,25894,1.51,70.43,1.0328081513278928
10-29-2020,91951,1353,63366,28585,1.47,68.91,1.0499326314827926
10-30-2020,96420,1388,64987,31433,1.44,67.4,1.0486019727898555
10-31-2020,101467,1431,67226,34241,1.41,66.25,1.0523439120514415
11-01-2020,107182,1472,69336,37846,1.37,64.69,1.0563237308681641
11-02-2020,111972,1524,71691,40281,1.36,64.03,1.0446903397958613
11-03-2020,116451,1557,74292,42159,1.34,63.8,1.0400010716964956
11-04-2020,121643,1598,77036,44607,1.31,63.33,1.044585276210595
11-05-2020,128005,1654,80604,47401,1.29,62.97,1.0523005844972584
11-06-2020,135116,1719,83707,51409,1.27,61.95,1.055552517479786
11-07-2020,142069,1780,88273,53796,1.25,62.13,1.0514594866633116
11-08-2020,150159,1826,91719,58440,1.22,61.08,1.0569441609358832
11-09-2020,155484,1901,94627,60857,1.22,60.86,1.0354624098455636
11-10-2020,161228,1956,98663,62565,1.21,61.19,1.0369427079313627
11-11-2020,167475,2036,103759,63716,1.22,61.95,1.0387463715979854
11-12-2020,174910,2108,107875,67035,1.21,61.67,1.044394685773996
11-13-2020,184087,2199,112728,71359,1.19,61.24,1.0524669830198388
11-14-2020,192344,2298,119415,72929,1.19,62.08,1.0448537919570637
11-15-2020,199362,2397,125674,73688,1.2,63.04,1.036486711308905
11-16-2020,204460,2493,129671,74789,1.22,63.42,1.0255715733188873
11-17-2020,209072,2578,136487,72585,1.23,65.28,1.022556979360266
11-18-2020,215147,2682,142738,72409,1.25,66.34,1.0290569755873575
11-19-2020,222669,2787,149541,73128,1.25,67.16,1.034962142163265
11-20-2020,229103,2882,156483,72620,1.26,68.3,1.028894906789899
11-21-2020,235710,2999,162751,72959,1.27,69.05,1.028838557330109
11-22-2020,242175,3126,169260,72915,1.29,69.89,1.0274277714140256
11-23-2020,247329,3244,175527,71802,1.31,70.97,1.0212821306906164
11-24-2020,249765,3348,182620,67145,1.34,73.12,1.0098492291643923
11-25-2020,254373,3470,189059,65314,1.36,74.32,1.0184493423818388
11-26-2020,260116,3575,196342,63774,1.37,75.48,1.0225770816871287
11-27-2020,265507,3698,203251,62256,1.39,76.55,1.020725368681665
11-28-2020,270525,3818,210697,59828,1.41,77.88,1.0188996900270049
11-29-2020,274763,3948,216998,57765,1.44,78.98,1.0156658349505592
11-30-2020,278500,4084,221692,56808,1.47,79.6,1.01360081233645
12-01-2020,280891,4205,227497,53394,1.5,80.99,1.0085852782764813
12-02-2020,284266,4340,233657,50609,1.53,82.2,1.0120153369100469
12-03-2020,288203,4484,238127,50076,1.56,82.62,1.013849704150338
12-04-2020,291771,4622,243775,47996,1.58,83.55,1.0123801625937274
12-05-2020,295427,4767,249441,45986,1.61,84.43,1.0125303748487684
12-06-2020,299018,4906,252765,46253,1.64,84.53,1.0121552870929198
12-07-2020,301883,5029,256811,45072,1.67,85.07,1.0095813629948698
12-08-2020,303950,5135,262314,41636,1.69,86.3,1.006847023515733
12-09-2020,306462,5267,265815,40647,1.72,86.74,1.0082645171903273
12-10-2020,309094,5384,269665,39429,1.74,87.24,1.008588340479407
12-11-2020,311574,5517,273503,38071,1.77,87.78,1.0080234491772728
12-12-2020,314664,5639,277883,36781,1.79,88.31,1.0099173872017562
12-13-2020,317499,5778,281106,36393,1.82,88.54,1.0090096102509343
12-14-2020,320135,5883,284174,35961,1.84,88.77,1.008302388353979
12-15-2020,322641,5987,287750,34891,1.86,89.19,1.0078279475846128
12-16-2020,325384,6105,291042,34342,1.88,89.45,1.0085017093301842
12-17-2020,328142,6202,294315,33827,1.89,89.69,1.008476138961965
12-18-2020,330531,6307,297424,33107,1.91,89.98,1.0072803847114968
12-19-2020,332481,6415,300611,31870,1.93,90.41,1.005899597919711
12-20-2020,334632,6511,303213,31419,1.95,90.61,1.0064695426204806
12-21-2020,336137,6607,305658,30479,1.97,90.93,1.0044974778263884
12-22-2020,337490,6698,309595,27895,1.98,91.73,1.0040251445095303
12-23-2020,339597,6787,312921,26676,2.0,92.14,1.0062431479451244
12-24-2020,342155,6901,315952,26203,2.02,92.34,1.0075324575894369
12-25-2020,345010,7000,318154,26856,2.03,92.22,1.0083441715012202
12-26-2020,346816,7086,320753,26063,2.04,92.49,1.0052346308802644
12-27-2020,348103,7156,323002,25101,2.06,92.79,1.0037109014578336
12-28-2020,349266,7250,326768,22498,2.08,93.56,1.0033409651741008
12-29-2020,350963,7314,328974,21989,2.08,93.73,1.0048587609443804
12-30-2020,353088,7403,330990,22098,2.1,93.74,1.006054769306166
12-31-2020,356063,7486,332952,23111,2.1,93.51,1.0084256615914446
01-01-2021,358774,7564,334901,23873,2.11,93.35,1.007613821149628
01-02-2021,360777,7637,336922,23855,2.12,93.39,1.0055829017710314
01-03-2021,362368,7706,338831,23537,2.13,93.5,1.0044099263533983
01-04-2021,364003,7775,340273,23730,2.14,93.48,1.0045119878134934
01-05-2021,365898,7832,343039,22859,2.14,93.75,1.005206001049442
01-06-2021,368190,7907,344974,23216,2.15,93.69,1.0062640407982553
01-07-2021,371151,7968,346901,24250,2.15,93.47,1.0080420435101443
01-08-2021,373237,8037,349215,24022,2.15,93.56,1.0056203539799164
01-09-2021,375239,8109,351382,23857,2.16,93.64,1.0053638840736583
01-10-2021,377537,8161,353749,23788,2.16,93.7,1.0061240969089034
01-11-2021,379083,8209,355530,23553,2.17,93.79,1.0040949628778106
01-12-2021,380470,8269,357562,22908,2.17,93.98,1.00365882933289
01-13-2021,382176,8338,359692,22484,2.18,94.12,1.0044839277735433
01-14-2021,384337,8410,362931,21406,2.19,94.43,1.0056544628652768
01-15-2021,385993,8474,365214,20779,2.2,94.62,1.0043087186505593
01-16-2021,387529,8535,367785,19744,2.2,94.91,1.0039793467757188
01-17-2021,389086,8598,369218,19868,2.21,94.89,1.0040177638318681
01-18-2021,390406,8668,370865,19541,2.22,94.99,1.0033925661678909
01-19-2021,391416,8720,373090,18326,2.23,95.32,1.0025870504039385
01-20-2021,393047,8785,374824,18223,2.24,95.36,1.0041669221493246
01-21-2021,394704,8842,376360,18344,2.24,95.35,1.0042157808099286
01-22-2021,396446,8887,378408,18038,2.24,95.45,1.0044134338643642
01-23-2021,398234,8951,380248,17986,2.25,95.48,1.0045100719896278
01-24-2021,399687,9003,381654,18033,2.25,95.49,1.003648608607
01-25-2021,400949,9074,383200,17749,2.26,95.57,1.003157470720839
01-26-2021,401896,9126,384926,16970,2.27,95.78,1.0023618964007892
01-27-2021,403321,9178,386351,16970,2.28,95.79,1.0035456934132214
01-28-2021,404906,9236,387787,17119,2.28,95.77,1.0039298722357626
01-29-2021,406378,9287,389476,16902,2.29,95.84,1.0036354116757964
01-30-2021,407799,9337,391076,16723,2.29,95.9,1.0034967444103766
01-31-2021,409286,9393,392497,16789,2.29,95.9,1.003646404233458
02-01-2021,410385,9438,393747,16638,2.3,95.95,1.0026851639196064
02-02-2021,411519,9496,395316,16203,2.31,96.06,1.0027632588910413
02-03-2021,412737,9547,396709,16028,2.31,96.12,1.002959766134735
02-04-2021,414380,9606,397910,16470,2.32,96.03,1.0039807431851275
02-05-2021,415900,9642,399329,16571,2.32,96.02,1.0036681307012887
02-06-2021,417170,9680,400851,16319,2.32,96.09,1.0030536186583314
02-07-2021,418535,9716,402053,16482,2.32,96.06,1.0032720473667809
02-08-2021,419681,9755,403302,16379,2.32,96.1,1.002738122259787
02-09-2021,420680,9795,404676,16004,2.33,96.2,1.0023803793833888
02-10-2021,421912,9832,405921,15991,2.33,96.21,1.0029285918037463
02-11-2021,423382,9872,407155,16227,2.33,96.17,1.003484138872561
02-12-2021,425050,9915,408426,16624,2.33,96.09,1.0039397045693959
02-13-2021,426613,9952,409877,16736,2.33,96.08,1.0036772144453594
02-14-2021,427881,9986,411199,16682,2.33,96.1,1.002972248853176
02-15-2021,429052,10021,412457,16595,2.34,96.13,1.002736742225058
02-16-2021,430220,10052,413908,16312,2.34,96.21,1.0027222807491867
02-17-2021,431720,10086,415221,16499,2.34,96.18,1.0034865882571709
02-18-2021,433377,10114,416431,16946,2.33,96.09,1.003838135828778
02-19-2021,435277,10152,417654,17623,2.33,95.95,1.0043841735948147
02-20-2021,436985,10182,419283,17702,2.33,95.95,1.0039239380899978
02-21-2021,439078,10205,420509,18569,2.32,95.77,1.004789638088264
02-22-2021,440734,10239,421811,18923,2.32,95.71,1.0037715394531268
02-23-2021,441959,10271,423014,18945,2.32,95.71,1.0027794542740065
02-24-2021,443849,10307,424348,19501,2.32,95.61,1.0042764147805565
02-25-2021,445816,10343,425786,20030,2.32,95.51,1.0044316873531314
02-26-2021,448261,10379,427257,21004,2.32,95.31,1.0054843253719024
02-27-2021,450150,10407,428904,21246,2.31,95.28,1.0042140627893126
02-28-2021,452646,10432,430415,22231,2.3,95.09,1.0055448183938687
03-01-2021,454870,10464,432016,22854,2.3,94.98,1.0049133318310557
03-02-2021,456271,10496,433873,22398,2.3,95.09,1.003080000879372
03-03-2021,458463,10519,435669,22794,2.29,95.03,1.0048041624385509
03-04-2021,460915,10549,437202,23713,2.29,94.86,1.005348305097685
03-05-2021,463314,10576,439101,24213,2.28,94.77,1.0052048642374407
03-06-2021,465664,10600,441309,24355,2.28,94.77,1.0050721540898828
03-07-2021,468427,10630,443152,25275,2.27,94.6,1.0059334627542607
03-08-2021,470672,10664,445032,25640,2.27,94.55,1.004792635778894
03-09-2021,472620,10687,447041,25579,2.26,94.59,1.0041387633001326
03-10-2021,475142,10711,449053,26089,2.25,94.51,1.0053362109093986
03-11-2021,477553,10743,450862,26691,2.25,94.41,1.0050742725332638
03-12-2021,480424,10773,453078,27346,2.24,94.31,1.0060118981558068
03-13-2021,483479,10808,455271,28208,2.24,94.17,1.0063589662464822
03-14-2021,486513,10840,457266,29247,2.23,93.99,1.0062753501186195
03-15-2021,489038,10873,459288,29750,2.22,93.92,1.0051899949230545
03-16-2021,490946,10903,461659,29287,2.22,94.03,1.0039015373038496
03-17-2021,493705,10938,463714,29991,2.22,93.93,1.0056197626622887
03-18-2021,496577,10971,465984,30593,2.21,93.84,1.0058172390395075
03-19-2021,500098,11011,468275,31823,2.2,93.64,1.0070905418495018
03-20-2021,503319,11041,470684,32635,2.19,93.52,1.0064407376154274
03-21-2021,506969,11084,473357,33612,2.19,93.37,1.0072518621391204
03-22-2021,509659,11114,475227,34432,2.18,93.24,1.005306044353797
03-23-2021,512098,11150,477940,34158,2.18,93.33,1.0047855526930751
03-24-2021,515121,11189,480597,34524,2.17,93.3,1.0059031669719467
03-25-2021,518660,11211,483460,35200,2.16,93.21,1.0068702304895354
03-26-2021,522107,11239,486088,36019,2.15,93.1,1.0066459723132688
03-27-2021,525323,11276,488964,36359,2.15,93.08,1.0061596569285607
03-28-2021,528627,11304,491619,37008,2.14,93.0,1.0062894638155953
03-29-2021,531273,11333,494377,36896,2.13,93.06,1.0050054197004694
03-30-2021,534505,11367,497816,36689,2.13,93.14,1.0060835013260603
03-31-2021,537302,11404,501116,36186,2.12,93.27,1.0052328790189053
04-01-2021,540438,11437,503729,36709,2.12,93.21,1.0058365686336548
04-02-2021,543831,11475,506675,37156,2.11,93.17,1.0062782409823143
04-03-2021,546926,11511,509550,37376,2.1,93.17,1.0056911062444032
04-04-2021,550234,11553,512642,37592,2.1,93.17,1.0060483502338524
04-05-2021,553053,11591,516084,36969,2.1,93.32,1.0051232748248926
04-06-2021,555386,11638,519202,36184,2.1,93.48,1.004218402214616
04-07-2021,557395,11670,522774,34621,2.09,93.79,1.003617304001181
04-08-2021,560245,11695,525682,34563,2.09,93.83,1.0051130706231668
04-09-2021,563116,11745,529191,33925,2.09,93.98,1.0051245437264054
04-10-2021,565625,11781,532539,33086,2.08,94.15,1.004455565105591
04-11-2021,569084,11817,535798,33286,2.08,94.15,1.0061153591160221
04-12-2021,571051,11851,538609,32442,2.08,94.32,1.0034564317394268
04-13-2021,573108,11890,541786,31322,2.07,94.53,1.0036021301074685
04-14-2021,575350,11925,544989,30361,2.07,94.72,1.0039120026242871
04-15-2021,578529,11958,547604,30925,2.07,94.65,1.0055253324063613
04-16-2021,581266,11998,550470,30796,2.06,94.7,1.004730964221327
04-17-2021,583622,12031,552619,31003,2.06,94.69,1.0040532217607774
04-18-2021,585988,12065,555218,30770,2.06,94.75,1.004053993852185
04-19-2021,588021,12104,557467,30554,2.06,94.8,1.003469354321249
04-20-2021,590036,12132,560492,29544,2.06,94.99,1.0034267483644292
04-21-2021,592128,12162,563256,28872,2.05,95.12,1.0035455463734415
04-22-2021,594659,12208,565513,29146,2.05,95.1,1.004274413640294
04-23-2021,597277,12233,568213,29064,2.05,95.13,1.0044025231266995
04-24-2021,599761,12267,570684,29077,2.05,95.15,1.0041588743581287
04-25-2021,601733,12285,573155,28578,2.04,95.25,1.0032879763772569
04-26-2021,603631,12313,575217,28414,2.04,95.29,1.0031542228862302
04-27-2021,605223,12332,577977,27246,2.04,95.5,1.0026373728320779
04-28-2021,607140,12361,580330,26810,2.04,95.58,1.003167427543236
04-29-2021,609412,12385,582575,26837,2.03,95.6,1.003742135257107
04-30-2021,611569,12416,584777,26792,2.03,95.62,1.0035394773978852
05-01-2021,613688,12443,587115,26573,2.03,95.67,1.0034648584215353
05-02-2021,615355,12461,589534,25821,2.03,95.8,1.002716364015591
05-03-2021,616895,12492,591525,25370,2.02,95.89,1.0025026204386087
05-04-2021,618004,12523,593684,24320,2.03,96.06,1.0017977127387967
05-05-2021,619452,12547,595877,23575,2.03,96.19,1.0023430269059748
05-06-2021,621178,12574,597922,23256,2.02,96.26,1.0027863337272298
05-07-2021,622573,12594,599854,22719,2.02,96.35,1.0022457331070964
05-08-2021,623958,12617,601958,22000,2.02,96.47,1.0022246387170661
05-09-2021,625114,12640,603901,21213,2.02,96.61,1.001852688802772
05-10-2021,626174,12656,605441,20733,2.02,96.69,1.0016956907060153
05-11-2021,626919,12681,607712,19207,2.02,96.94,1.0011897651451513
05-12-2021,627847,12697,609666,18181,2.02,97.1,1.0014802550249713
05-13-2021,629005,12710,611254,17751,2.02,97.18,1.0018443983964247
05-14-2021,630002,12736,612523,17479,2.02,97.23,1.0015850430441728
05-15-2021,630854,12747,614803,16051,2.02,97.46,1.0013523766591217
05-16-2021,631491,12759,616148,15343,2.02,97.57,1.0010097423492599
05-17-2021,632174,12774,617307,14867,2.02,97.65,1.0010815672749096
05-18-2021,632695,12786,618798,13897,2.02,97.8,1.0008241401892517
05-19-2021,633334,12798,618798,14536,2.02,97.7,1.0010099653071385
05-20-2021,634179,12813,619756,14423,2.02,97.73,1.001334209121885
05-21-2021,634789,12816,620837,13952,2.02,97.8,1.0009618735404358
05-22-2021,635450,12824,621998,13452,2.02,97.88,1.0010412908856328
05-23-2021,636019,12838,622889,13130,2.02,97.94,1.000895428436541
05-24-2021,636528,12847,623668,12860,2.02,97.98,1.0008002905573576
05-25-2021,636877,12859,624549,12328,2.02,98.06,1.0005482869567404
05-26-2021,637284,12866,625453,11831,2.02,98.14,1.0006390558930531
05-27-2021,637769,12876,626259,11510,2.02,98.2,1.0007610421727204
05-28-2021,638376,12889,626815,11561,2.02,98.19,1.0009517552593494
05-29-2021,638913,12900,627672,11241,2.02,98.24,1.0008411970374826
05-30-2021,639337,12913,628312,11025,2.02,98.28,1.0006636271292022
05-31-2021,639722,12922,628856,10866,2.02,98.3,1.0006021863273986
06-01-2021,640050,12931,629713,10337,2.02,98.38,1.0005127227139288
06-02-2021,640410,12938,630274,10136,2.02,98.42,1.0005624560581206
06-03-2021,640899,12949,630731,10168,2.02,98.41,1.0007635733358318
06-04-2021,641204,12959,631138,10066,2.02,98.43,1.0004758940176222
06-05-2021,641555,12964,630458,11097,2.02,98.27,1.0005474076892846
06-06-2021,641839,12969,630942,10897,2.02,98.3,1.000442674439448
06-07-2021,642165,12974,631294,10871,2.02,98.31,1.0005079155364507
06-08-2021,642476,12980,631869,10607,2.02,98.35,1.00048429920659
06-09-2021,642783,12985,632188,10595,2.02,98.35,1.0004778388609068
06-10-2021,643139,12989,632660,10479,2.02,98.37,1.000553841654182
06-11-2021,643426,12995,633105,10321,2.02,98.4,1.000446248789142
06-12-2021,643653,12999,633538,10115,2.02,98.43,1.000352798923264
06-13-2021,643851,13007,633939,9912,2.02,98.46,1.0003076191674707
06-14-2021,644058,13012,634123,9935,2.02,98.46,1.0003215029564294
06-15-2021,644161,13016,634439,9722,2.02,98.49,1.000159923485152
06-16-2021,644308,13020,634900,9408,2.02,98.54,1.0002282038186106
06-17-2021,644488,13024,635192,9296,2.02,98.56,1.0002793694940928
06-18-2021,644659,13027,635544,9115,2.02,98.59,1.0002653268951478
06-19-2021,644790,13030,635886,8904,2.02,98.62,1.00020320820775
06-20-2021,644939,13037,636125,8814,2.02,98.63,1.0002310829882597
06-21-2021,645047,13043,636365,8682,2.02,98.65,1.0001674576975497
06-22-2021,645162,13049,636523,8639,2.02,98.66,1.0001782815825824
06-23-2021,645264,13054,636740,8524,2.02,98.68,1.0001580998260902
06-24-2021,645380,13055,636923,8457,2.02,98.69,1.0001797713803962
06-25-2021,645479,13061,637051,8428,2.02,98.69,1.0001533979980786
06-26-2021,645587,13064,637238,8349,2.02,98.71,1.0001673176044457
06-27-2021,645704,13064,637424,8280,2.02,98.72,1.0001812304151105
06-28-2021,645770,13067,637545,8225,2.02,98.73,1.0001022140175684
06-29-2021,645843,13068,637613,8230,2.02,98.73,1.0001130433436054
06-30-2021,645936,13070,637751,8185,2.02,98.73,1.0001439978446773
07-01-2021,646042,13075,637909,8133,2.02,98.74,1.0001641029451833
07-02-2021,646122,13078,638032,8090,2.02,98.75,1.0001238309583587
07-03-2021,646230,13079,638167,8063,2.02,98.75,1.000167151095304
07-04-2021,646334,13085,638319,8015,2.02,98.76,1.0001609334138
07-05-2021,646402,13089,638378,8024,2.02,98.76,1.0001052087620332
07-06-2021,646475,13091,638456,8019,2.02,98.76,1.000112932818896
07-07-2021,646578,13091,638566,8012,2.02,98.76,1.0001593255733014
07-08-2021,646705,13094,638618,8087,2.02,98.75,1.0001964186842114
07-09-2021,646853,13096,638719,8134,2.02,98.74,1.0002288524133878
07-10-2021,647052,13098,638814,8238,2.02,98.73,1.0003076433130866
07-11-2021,647230,13100,638889,8341,2.02,98.71,1.0002750938100802
07-12-2021,647384,13102,638965,8419,2.02,98.7,1.0002379370548338
07-13-2021,647568,13102,639035,8533,2.02,98.68,1.0002842208024914
07-14-2021,647813,13103,639154,8659,2.02,98.66,1.0003783386455167
07-15-2021,648086,13106,639239,8847,2.02,98.63,1.0004214179091806
07-16-2021,648388,13110,639352,9036,2.02,98.61,1.0004659875386908
07-17-2021,648740,13110,639422,9318,2.02,98.56,1.000542884815882
07-18-2021,649171,13113,639573,9598,2.02,98.52,1.0006643647686284
07-19-2021,649507,13114,639700,9807,2.02,98.49,1.0005175831945665
07-20-2021,649772,13115,639831,9941,2.02,98.47,1.000408001761336
07-21-2021,650108,13118,640018,10090,2.02,98.45,1.000517104461257
07-22-2021,650471,13119,640202,10269,2.02,98.42,1.000558368763344
07-23-2021,650890,13120,640430,10460,2.02,98.39,1.000644148624612
07-24-2021,651311,13121,640685,10626,2.01,98.37,1.0006468066800842
07-25-2021,651653,13126,640951,10702,2.01,98.36,1.0005250947703939
07-26-2021,651978,13127,641222,10756,2.01,98.35,1.000498731686956
07-27-2021,652294,13130,641541,10753,2.01,98.35,1.000484678930884
07-28-2021,652659,13132,641880,10779,2.01,98.35,1.0005595636323499
07-29-2021,653206,13133,642229,10977,2.01,98.32,1.0008381099471546
07-30-2021,653712,13133,642597,11115,2.01,98.3,1.0007746407718239
07-31-2021,654243,13135,643027,11216,2.01,98.29,1.0008122843086864
08-01-2021,654787,13138,643387,11400,2.01,98.26,1.0008314953312454
08-02-2021,655207,13142,643694,11513,2.01,98.24,1.0006414299611934
08-03-2021,655553,13145,644038,11515,2.01,98.24,1.0005280773862306
08-04-2021,655955,13147,644388,11567,2.0,98.24,1.0006132227295124
08-05-2021,656550,13150,0,656550,2.0,0,1.0009070744182147
08-06-2021,657047,13153,0,657047,2.0,0,1.0007569872820044
08-07-2021,657648,13158,0,657648,2.0,0,1.0009146986440849
08-08-2021,658219,13161,0,658219,2.0,0,1.0008682456268398
08-09-2021,658782,13162,0,658782,2.0,0,1.0008553384207992
08-10-2021,659218,13164,0,659218,2.0,0,1.0006618274330508
08-11-2021,659836,13166,0,659836,2.0,0,1.0009374744014878
08-12-2021,660710,13169,0,660710,1.99,0,1.001324571560206
08-13-2021,661569,13169,0,661569,1.99,0,1.0013001165412965
08-14-2021,662537,13171,0,662537,1.99,0,1.0014631882690996
08-15-2021,663488,13174,0,663488,1.99,0,1.0014353915328502
08-16-2021,664321,13179,0,664321,1.98,0,1.0012554861580014
08-17-2021,665118,13180,0,665118,1.98,0,1.0011997212191095
08-18-2021,665993,13180,0,665993,1.98,0,1.001315556036673
08-19-2021,667207,13180,0,667207,1.98,0,1.0018228419818227
08-20-2021,668498,13182,0,668498,1.97,0,1.0019349317378266
08-21-2021,669811,13185,0,669811,1.97,0,1.001964104604651
08-22-2021,671097,13187,0,671097,1.96,0,1.001919944581382
08-23-2021,672203,13190,0,672203,1.96,0,1.001648047897696
08-24-2021,673186,13192,0,673186,1.96,0,1.0014623558657132
08-25-2021,674341,13198,0,674341,1.96,0,1.0017157219550021
08-26-2021,675959,13200,0,675959,1.95,0,1.0023993795423978
08-27-2021,677412,13206,0,677412,1.95,0,1.002149538655451
08-28-2021,678816,13209,0,678816,1.95,0,1.0020725939310198
08-29-2021,680191,13215,0,680191,1.94,0,1.0020255857257343
08-30-2021,681537,13224,0,681537,1.94,0,1.0019788559389935
08-31-2021,682620,13227,0,682620,1.94,0,1.0015890553264166
09-01-2021,683900,13230,0,683900,1.93,0,1.0018751281825906
09-02-2021,685752,13234,0,685752,1.93,0,1.0027079982453575
09-03-2021,687309,13238,0,687309,1.93,0,1.0022705001224932
09-04-2021,689001,13246,0,689001,1.92,0,1.0024617748348996
09-05-2021,690933,13252,0,690933,1.92,0,1.0028040597909147
09-06-2021,692509,13261,0,692509,1.91,0,1.002280973697884
09-07-2021,693900,13270,0,693900,1.91,0,1.0020086381548832
09-08-2021,695701,13274,0,695701,1.91,0,1.0025954748522843
09-09-2021,698001,13282,0,698001,1.9,0,1.0033060179588644
09-10-2021,700170,13290,0,700170,1.9,0,1.0031074454048061
09-11-2021,702509,13300,0,702509,1.89,0,1.003340617278661
09-12-2021,704755,13311,0,704755,1.89,0,1.0031971120654681
09-13-2021,706592,13318,0,706592,1.88,0,1.0026065795914891
09-14-2021,707982,13321,0,707982,1.88,0,1.001967188986006
09-15-2021,709830,13330,0,709830,1.88,0,1.0026102358534539
09-16-2021,712430,13345,0,712430,1.87,0,1.0036628488511334
09-17-2021,714748,13357,0,714748,1.87,0,1.0032536529904692
09-18-2021,716960,13368,0,716960,1.86,0,1.003094797047351
09-19-2021,718988,13379,0,718988,1.86,0,1.002828609685338
09-20-2021,720417,13386,0,720417,1.86,0,1.0019875157860771
09-21-2021,721756,13405,0,721756,1.86,0,1.0018586457565548
09-22-2021,723134,13417,0,723134,1.86,0,1.001909232483
09-23-2021,725243,13426,0,725243,1.85,0,1.0029164719125363
09-24-2021,727082,13437,0,727082,1.85,0,1.002535701826836
09-25-2021,728899,13447,0,728899,1.84,0,1.0024990303707146
09-26-2021,730728,13456,0,730728,1.84,0,1.0025092639721005
09-27-2021,732114,13470,0,732114,1.84,0,1.0018967385949356
09-28-2021,733499,13481,0,733499,1.84,0,1.0018917818809638
09-29-2021,735088,13489,0,735088,1.84,0,1.002166328788451
09-30-2021,737702,13506,0,737702,1.83,0,1.0035560368282437
10-01-2021,739627,13514,0,739627,1.83,0,1.0026094547662878
10-02-2021,741366,13523,0,741366,1.82,0,1.0023511851243938
10-03-2021,743174,13532,0,743174,1.82,0,1.0024387414583351
10-04-2021,744732,13547,0,744732,1.82,0,1.0020964134913224
10-05-2021,746104,13558,0,746104,1.82,0,1.0018422734621313
10-06-2021,747562,13566,0,747562,1.81,0,1.0019541511639127
10-07-2021,750242,13582,0,750242,1.81,0,1.00358498693085
10-08-2021,752280,13590,0,752280,1.81,0,1.002716456823265
10-09-2021,754134,13601,0,754134,1.8,0,1.0024645078959962
10-10-2021,756011,13609,0,756011,1.8,0,1.002488947587564
10-11-2021,757595,13621,0,757595,1.8,0,1.0020952076094132
10-12-2021,758894,13631,0,758894,1.8,0,1.001714636448234
10-13-2021,760490,13643,0,760490,1.79,0,1.0021030605064738
10-14-2021,763211,13662,0,763211,1.79,0,1.0035779563176372
10-15-2021,765326,13673,0,765326,1.79,0,1.0027711864739894
10-16-2021,767720,13684,0,767720,1.78,0,1.0031280787533678
10-17-2021,770102,13696,0,770102,1.78,0,1.003102693690408
10-18-2021,772251,13717,0,772251,1.78,0,1.0027905394350358
10-19-2021,774247,13737,0,774247,1.77,0,1.0025846518813184
10-20-2021,776974,13748,0,776974,1.77,0,1.0035221318261485
10-21-2021,780956,13761,0,780956,1.76,0,1.005125010618116
10-22-2021,784574,13775,0,784574,1.76,0,1.0046327834090525
10-23-2021,788060,13791,0,788060,1.75,0,1.0044431755321996
10-24-2021,791769,13809,0,791769,1.74,0,1.0047064944293582
10-25-2021,795302,13826,0,795302,1.74,0,1.0044621600492063
10-26-2021,798099,13849,0,798099,1.74,0,1.0035169030129436
10-27-2021,801545,13861,0,801545,1.73,0,1.0043177600773838
10-28-2021,806032,13886,0,806032,1.72,0,1.0055979389803442
10-29-2021,810342,13915,0,810342,1.72,0,1.0053471822458662
10-30-2021,816280,13932,0,816280,1.71,0,1.007327770250092
10-31-2021,822260,13946,0,822260,1.7,0,1.007325917577302
11-01-2021,827894,13973,0,827894,1.69,0,1.0068518473475543
11-02-2021,832692,13991,0,832692,1.68,0,1.0057954279171004
11-03-2021,837980,14014,0,837980,1.67,0,1.006350487335053
11-04-2021,844561,14038,0,844561,1.66,0,1.0078534093892455
11-05-2021,853532,14074,0,853532,1.65,0,1.010622086504113
11-06-2021,863318,14103,0,863318,1.63,0,1.0114652994849636
11-07-2021,873026,14138,0,873026,1.62,0,1.0112449873627098
11-08-2021,881145,14170,0,881145,1.61,0,1.0092998375764295
11-09-2021,889169,14199,0,889169,1.6,0,1.009106333236868
11-10-2021,896928,14234,0,896928,1.59,0,1.0087261251798028
11-11-2021,908903,14273,0,908903,1.57,0,1.0133511274037603
11-12-2021,922128,14304,0,922128,1.55,0,1.0145505075899188
11-13-2021,932719,14367,0,932719,1.54,0,1.0114853903145766
11-14-2021,945373,14426,0,945373,1.53,0,1.013566786995869
11-15-2021,956813,14486,0,956813,1.51,0,1.0121010437150204
11-16-2021,968012,14534,0,968012,1.5,0,1.011704481439947
11-17-2021,978997,14581,0,978997,1.49,0,1.011347999818184
11-18-2021,995468,14633,0,995468,1.47,0,1.0168243620766968
11-19-2021,1010492,14692,0,1010492,1.45,0,1.0150923987511402
11-20-2021,1025373,14746,0,1025373,1.44,0,1.0147264896703785
11-21-2021,1039442,14812,0,1039442,1.42,0,1.0137208606038972
11-22-2021,1053541,14860,0,1053541,1.41,0,1.0135640083814201
11-23-2021,1065176,14929,0,1065176,1.4,0,1.0110437087877928
11-24-2021,1077153,14995,0,1077153,1.39,0,1.0112441512013037
11-25-2021,1091668,15060,0,1091668,1.38,0,1.0134753373012004
11-26-2021,1106126,15121,0,1106126,1.37,0,1.013243953289828
11-27-2021,1118256,15195,0,1118256,1.36,0,1.0109662009572147
11-28-2021,1130304,15275,0,1130304,1.35,0,1.0107739193887626
11-29-2021,1139925,15334,0,1139925,1.35,0,1.0085118693731951
11-30-2021,1147912,15405,0,1147912,1.34,0,1.0070066013114898
12-01-2021,1156022,15485,0,1156022,1.34,0,1.0070650014983726
12-02-2021,1166983,15536,0,1166983,1.33,0,1.0094816534633424
12-03-2021,1175757,15611,0,1175757,1.33,0,1.007518532832098
12-04-2021,1183006,15688,0,1183006,1.33,0,1.0061653896170721
12-05-2021,1189268,15758,0,1189268,1.33,0,1.005293295215747
12-06-2021,1194582,15828,0,1194582,1.32,0,1.0044682947830095
12-07-2021,1198852,15887,0,1198852,1.33,0,1.0035744720747508
12-08-2021,1203266,15952,0,1203266,1.33,0,1.0036818556418974
12-09-2021,1209334,16022,0,1209334,1.32,0,1.0050429414609903
12-10-2021,1213648,16085,0,1213648,1.33,0,1.0035672527192654
12-11-2021,1216765,16144,0,1216765,1.33,0,1.0025682899819388
12-12-2021,1221586,16201,0,1221586,1.33,0,1.0039621455252248
12-13-2021,1224847,16252,0,1224847,1.33,0,1.0026694804950287
12-14-2021,1228109,16293,0,1228109,1.33,0,1.0026631897698244
12-15-2021,1231043,16342,0,1231043,1.33,0,1.0023890387579604
12-16-2021,1235171,16394,0,1235171,1.33,0,1.0033532541105388
12-17-2021,1238100,16430,0,1238100,1.33,0,1.0023713315808094
12-18-2021,1240798,16471,0,1240798,1.33,0,1.0021791454648252
12-19-2021,1243144,16506,0,1243144,1.33,0,1.0018907187148915
12-20-2021,1245128,16536,0,1245128,1.33,0,1.0015959534856782
12-21-2021,1247014,16573,0,1247014,1.33,0,1.001514703709177
12-22-2021,1248965,16606,0,1248965,1.33,0,1.001564537366862
12-23-2021,1251779,16637,0,1251779,1.33,0,1.0022530655382658
12-24-2021,1253941,16660,0,1253941,1.33,0,1.001727141931603
12-25-2021,1256207,16684,0,1256207,1.33,0,1.0018071025670268
12-26-2021,1258323,16703,0,1258323,1.33,0,1.0016844357657615
12-27-2021,1259951,16724,0,1259951,1.33,0,1.0012937854589004
12-28-2021,1261687,16748,0,1261687,1.33,0,1.0013778313601085
12-29-2021,1264288,16774,0,1264288,1.33,0,1.0020615255606184
12-30-2021,1267630,16799,0,1267630,1.33,0,1.0026433850515073
12-31-2021,1270811,16815,0,1270811,1.32,0,1.0025094073191705
01-01-2022,1274628,16845,0,1274628,1.32,0,1.0030035937680741
01-02-2022,1278327,16859,0,1278327,1.32,0,1.0029020231785273
01-03-2022,1281328,16867,0,1281328,1.32,0,1.0023475996360869
01-04-2022,1284811,16879,0,1284811,1.31,0,1.002718273541201
01-05-2022,1290817,16900,0,1290817,1.31,0,1.0046746175118364
01-06-2022,1300899,16912,0,1300899,1.3,0,1.0078105571897489
01-07-2022,1309691,16922,0,1309691,1.29,0,1.0067584032273067
01-08-2022,1318582,16931,0,1318582,1.28,0,1.0067886241869266
01-09-2022,1325632,16945,0,1325632,1.28,0,1.0053466526920587
01-10-2022,1336348,16953,0,1336348,1.27,0,1.0080836914015352
01-11-2022,1347274,16966,0,1347274,1.26,0,1.008176014032273
01-12-2022,1359957,16978,0,1359957,1.25,0,1.0094138237656185
01-13-2022,1376504,16988,0,1376504,1.23,0,1.0121672964659911
01-14-2022,1393335,16997,0,1393335,1.22,0,1.0122273527719499
01-15-2022,1410269,17006,0,1410269,1.21,0,1.0121535739789784
01-16-2022,1427326,17018,0,1427326,1.19,0,1.0120948556622886
01-17-2022,1442182,17026,0,1442182,1.18,0,1.010408273933215
01-18-2022,1458292,17037,0,1458292,1.17,0,1.0111705734782435
01-19-2022,1476626,17045,0,1476626,1.15,0,1.012572242047546
01-20-2022,1504720,17053,0,1504720,1.13,0,1.019025806128295
01-21-2022,1529850,17065,0,1529850,1.12,0,1.0167007815407518
01-22-2022,1559478,17073,0,1559478,1.09,0,1.0193666045690755
01-23-2022,1586146,17089,0,1586146,1.08,0,1.0171005939166824
01-24-2022,1609498,17100,0,1609498,1.06,0,1.014722478258622
01-25-2022,1634631,17116,0,1634631,1.05,0,1.0156154279160334
01-26-2022,1661328,17129,0,1661328,1.03,0,1.016332126333099
01-27-2022,1699469,17144,0,1699469,1.01,0,1.0229581395124865
01-28-2022,1735230,17154,0,1735230,0.99,0,1.021042455025658
01-29-2022,1773059,17172,0,1773059,0.97,0,1.0218005682243851
01-30-2022,1806650,17192,0,1806650,0.95,0,1.0189452240449979
01-31-2022,1835602,17207,0,1835602,0.94,0,1.0160252400852405
02-01-2022,1861707,17223,0,1861707,0.93,0,1.0142214924586048
02-02-2022,1889437,17236,0,1889437,0.91,0,1.0148949324464054
02-03-2022,1933415,17252,0,1933415,0.89,0,1.0232757165229642
02-04-2022,1967057,17273,0,1967057,0.88,0,1.0174002994701086
02-05-2022,2003905,17297,0,2003905,0.86,0,1.0187325532508718
02-06-2022,2037105,17314,0,2037105,0.85,0,1.0165676516601336
02-07-2022,2067085,17339,0,2067085,0.84,0,1.0147169635340347
02-08-2022,2093012,17358,0,2093012,0.83,0,1.012542783678465
02-09-2022,2122068,17384,0,2122068,0.82,0,1.0138823857674968
02-10-2022,2162487,17400,0,2162487,0.8,0,1.0190469862417226
02-11-2022,2197838,17419,0,2197838,0.79,0,1.0163473815102704
02-12-2022,2231218,17447,0,2231218,0.78,0,1.0151876525931394
02-13-2022,2261101,17479,0,2261101,0.77,0,1.0133931332572612
02-14-2022,2286139,17511,0,2286139,0.77,0,1.0110733664705822
02-15-2022,2310227,17534,0,2310227,0.76,0,1.0105365421787564
02-16-2022,2336753,17570,0,2336753,0.75,0,1.0114819885664914
02-17-2022,2375594,17601,0,2375594,0.74,0,1.0166217824476955
02-18-2022,2406524,17626,0,2406524,0.73,0,1.0130199015488337
02-19-2022,2437153,17656,0,2437153,0.72,0,1.012727485784476
02-20-2022,2462981,17676,0,2462981,0.72,0,1.010597611229168
02-21-2022,2484817,17704,0,2484817,0.71,0,1.0088656794347988
02-22-2022,2506243,17727,0,2506243,0.71,0,1.0086227677933626
02-23-2022,2530015,17756,0,2530015,0.7,0,1.0094851137738838
02-24-2022,2565399,17786,0,2565399,0.69,0,1.0139856878318902
02-25-2022,2594032,17811,0,2594032,0.69,0,1.0111612267721317
02-26-2022,2623952,17844,0,2623952,0.68,0,1.0115341676586873
02-27-2022,2649152,17881,0,2649152,0.67,0,1.0096038342164795
02-28-2022,2671323,17911,0,2671323,0.67,0,1.008369093204165
03-01-2022,2692641,17940,0,2692641,0.67,0,1.0079803153718214
03-02-2022,2720094,17971,0,2720094,0.66,0,1.0101955663603133
03-03-2022,2761187,18010,0,2761187,0.65,0,1.0151071985012283
03-04-2022,2793028,18041,0,2793028,0.65,0,1.0115316347643242
03-05-2022,2825103,18074,0,2825103,0.64,0,1.0114839521837948
03-06-2022,2856781,18107,0,2856781,0.63,0,1.0112130424979195
03-07-2022,2884518,18139,0,2884518,0.63,0,1.009709179667605
03-08-2022,2911180,18162,0,2911180,0.62,0,1.0092431387150298
03-09-2022,2945417,18195,0,2945417,0.62,0,1.0117605232242597
03-10-2022,2996765,18221,0,2996765,0.61,0,1.017433185182268
03-11-2022,3047014,18246,0,3047014,0.6,0,1.0167677478881394
03-12-2022,3096646,18271,0,3096646,0.59,0,1.0162887338226867
03-13-2022,3140407,18300,0,3140407,0.58,0,1.0141317412452053
03-14-2022,3178040,18328,0,3178040,0.58,0,1.0119834785745925
03-15-2022,3212569,18355,0,3212569,0.57,0,1.0108648726888272
03-16-2022,3252815,18384,0,3252815,0.57,0,1.0125276686664162
03-17-2022,3316853,18418,0,3316853,0.56,0,1.0196869480742066
03-18-2022,3368804,18445,0,3368804,0.55,0,1.015662738143656
03-19-2022,3419788,18484,0,3419788,0.54,0,1.0151341544358177
03-20-2022,3462110,18525,0,3462110,0.54,0,1.0123756209449242
03-21-2022,3499819,18559,0,3499819,0.53,0,1.0108919127352973
03-22-2022,3531163,18595,0,3531163,0.53,0,1.0089558917189718
03-23-2022,3568258,18634,0,3568258,0.52,0,1.010505037575439
03-24-2022,3623157,18669,0,3623157,0.52,0,1.0153853785236382
03-25-2022,3664438,18718,0,3664438,0.51,0,1.0113936547601994
03-26-2022,3701790,18759,0,3701790,0.51,0,1.0101931046452417
03-27-2022,3734990,18805,0,3734990,0.5,0,1.008968634093236
03-28-2022,3760649,18845,0,3760649,0.5,0,1.0068698979113733
03-29-2022,3781719,18878,0,3781719,0.5,0,1.00560275633275
03-30-2022,3807856,18914,0,3807856,0.5,0,1.0069114072198384
03-31-2022,3842048,18952,0,3842048,0.49,0,1.0089793311511779
04-01-2022,3868236,19001,0,3868236,0.49,0,1.0068161563832623
04-02-2022,3890531,19045,0,3890531,0.49,0,1.0057636090455702
04-03-2022,3909523,19095,0,3909523,0.49,0,1.0048815958541393
04-04-2022,3923533,19124,0,3923533,0.49,0,1.0035835573802738
04-05-2022,3935083,19164,0,3935083,0.49,0,1.002943775418736
04-06-2022,3950434,19191,0,3950434,0.49,0,1.0039010612990882
04-07-2022,3971481,19226,0,3971481,0.48,0,1.0053277690501854
04-08-2022,3987872,19264,0,3987872,0.48,0,1.0041271757311694
04-09-2022,4001802,19295,0,4001802,0.48,0,1.0034930910520699
04-10-2022,4014829,19322,0,4014829,0.48,0,1.0032552834947857
04-11-2022,4025499,19352,0,4025499,0.48,0,1.002657647436541
04-12-2022,4032839,19378,0,4032839,0.48,0,1.001823376431096
04-13-2022,4042363,19407,0,4042363,0.48,0,1.0023616117578709
04-14-2022,4054989,19440,0,4054989,0.48,0,1.0031234206329318
04-15-2022,4065438,19464,0,4065438,0.48,0,1.0025768257324497
04-16-2022,4075415,19480,0,4075415,0.48,0,1.0024541021164264
04-17-2022,4084222,19501,0,4084222,0.48,0,1.0021610069158602
04-18-2022,4091716,19523,0,4091716,0.48,0,1.0018348659793714
04-19-2022,4097345,19543,0,4097345,0.48,0,1.0013757064273279
04-20-2022,4103119,19559,0,4103119,0.48,0,1.0014092052292398
04-21-2022,4111720,19577,0,4111720,0.48,0,1.002096210224466
04-22-2022,4122722,19591,0,4122722,0.48,0,1.0026757658595429
04-23-2022,4130862,19617,0,4130862,0.47,0,1.0019744236938606
04-24-2022,4137436,19640,0,4137436,0.47,0,1.0015914353953244
04-25-2022,4142983,19657,0,4142983,0.47,0,1.0013406853906623
04-26-2022,4147453,19669,0,4147453,0.47,0,1.001078932740009
04-27-2022,4153702,19684,0,4153702,0.47,0,1.0015067078517828
04-28-2022,4162015,19698,0,4162015,0.47,0,1.0020013472319391
04-29-2022,4168617,19713,0,4168617,0.47,0,1.0015862508904942
04-30-2022,4174744,19726,0,4174744,0.47,0,1.0014697920197515
05-01-2022,4180075,19735,0,4180075,0.47,0,1.0012769645276454
05-02-2022,4184588,19741,0,4184588,0.47,0,1.001079645700137
05-03-2022,4188558,19752,0,4188558,0.47,0,1.0009487194438258
05-04-2022,4194237,19765,0,4194237,0.47,0,1.0013558365432687
05-05-2022,4201452,19777,0,4201452,0.47,0,1.0017202175270497
05-06-2022,4207472,19786,0,4207472,0.47,0,1.0014328379807742
05-07-2022,4213621,19791,0,4213621,0.47,0,1.0014614476341137
05-08-2022,4218785,19795,0,4218785,0.47,0,1.0012255492366304
05-09-2022,4222306,19798,0,4222306,0.47,0,1.0008346004833144
05-10-2022,4226263,19813,0,4226263,0.47,0,1.0009371656151875
05-11-2022,4231050,19816,0,4231050,0.47,0,1.0011326791541368
05-12-2022,4236215,19816,0,4236215,0.47,0,1.0012207371692605
05-13-2022,4241469,19821,0,4241469,0.47,0,1.0012402581077684
05-14-2022,4246432,19826,0,4246432,0.47,0,1.001170113467763
05-15-2022,4250291,19827,0,4250291,0.47,0,1.0009087629332107
05-16-2022,4253741,19827,0,4253741,0.47,0,1.000811709127681
05-17-2022,4255897,19832,0,4255897,0.47,0,1.0005068479721733
05-18-2022,4258734,19840,0,4258734,0.47,0,1.000666604478445
05-19-2022,4263160,19848,0,4263160,0.47,0,1.0010392759914097
05-20-2022,4266462,19855,0,4266462,0.47,0,1.0007745428273862
05-21-2022,4266462,19855,0,4266462,0.47,0,1.0
05-22-2022,4276334,19876,0,4276334,0.46,0,1.0023138609930196
05-23-2022,4273888,19865,0,4273888,0.46,0,1.0005719852565305
05-24-2022,4274095,19874,0,4274095,0.46,0,1.0000484336510456
05-25-2022,4276334,19876,0,4276334,0.46,0,1.0005238535877186
05-26-2022,4278954,19887,0,4278954,0.46,0,1.000612674314027
05-27-2022,4281585,19895,0,4281585,0.46,0,1.0006148698957735
05-28-2022,4281585,19895,0,4281585,0.46,0,1.0
05-29-2022,4281585,19895,0,4281585,0.46,0,1.0
05-30-2022,4286885,19921,0,4286885,0.46,0,1.0012378593441447
05-31-2022,4288153,19927,0,4288153,0.46,0,1.0002957858678272
06-01-2022,4289988,19931,0,4289988,0.46,0,1.0004279231641222
06-02-2022,4293027,19937,0,4293027,0.46,0,1.0007083935899121
06-03-2022,4295818,19938,0,4295818,0.46,0,1.0006501240267065
06-04-2022,4295818,19938,0,4295818,0.46,0,1.0
06-05-2022,4295818,19938,0,4295818,0.46,0,1.0
06-06-2022,4304326,19946,0,4304326,0.46,0,1.0019805308325447
06-07-2022,4306509,19950,0,4306509,0.46,0,1.0005071641878427
06-08-2022,4308082,19953,0,4308082,0.46,0,1.0003652610501916
06-09-2022,4311116,19960,0,4311116,0.46,0,1.0007042577184
06-10-2022,4316435,19963,0,4316435,0.46,0,1.0012337872606536
06-11-2022,4316435,19963,0,4316435,0.46,0,1.0
06-12-2022,4316435,19963,0,4316435,0.46,0,1.0
06-13-2022,4327840,19969,0,4327840,0.46,0,1.0026422267449875
06-14-2022,4330667,19973,0,4330667,0.46,0,1.0006532126880845
06-15-2022,4335007,19975,0,4335007,0.46,0,1.0010021550952775
06-16-2022,4342311,19983,0,4342311,0.46,0,1.0016848877060638
06-17-2022,4349916,19984,0,4349916,0.46,0,1.0017513715622857
06-18-2022,4349916,19984,0,4349916,0.46,0,1.0
06-19-2022,4349916,19984,0,4349916,0.46,0,1.0
06-20-2022,4367190,19993,0,4367190,0.46,0,1.0039711111662846
06-21-2022,4372423,19998,0,4372423,0.46,0,1.0011982533391037
06-22-2022,4379778,20010,0,4379778,0.46,0,1.0016821336819426
06-23-2022,4391150,20011,0,4391150,0.46,0,1.0025964786343051
06-24-2022,4400566,20015,0,4400566,0.45,0,1.0021443129931795
06-25-2022,4400566,20015,0,4400566,0.45,0,1.0
06-26-2022,4400566,20015,0,4400566,0.45,0,1.0
06-27-2022,4425837,20023,0,4425837,0.45,0,1.0057426703746746
06-28-2022,4432922,20029,0,4432922,0.45,0,1.0016008271429788
06-29-2022,4447278,20037,0,4447278,0.45,0,1.003238495962708
06-30-2022,4459767,20048,0,4459767,0.45,0,1.0028082346100244
07-01-2022,4471152,20057,0,4471152,0.45,0,1.0025528239479775
07-02-2022,4471152,20057,0,4471152,0.45,0,1.0
07-03-2022,4471152,20057,0,4471152,0.45,0,1.0
07-04-2022,4499570,20068,0,4499570,0.45,0,1.0063558563877946
07-05-2022,4506979,20070,0,4506979,0.45,0,1.001646601786393
07-06-2022,4517003,20082,0,4517003,0.44,0,1.0022241062139408
07-07-2022,4529939,20093,0,4529939,0.44,0,1.0028638457844725
07-08-2022,4542028,20099,0,4542028,0.44,0,1.002668689357627
07-09-2022,4542028,20099,0,4542028,0.44,0,1.0
07-10-2022,4542028,20099,0,4542028,0.44,0,1.0
07-11-2022,4573219,20120,0,4573219,0.44,0,1.0068671967676113
07-12-2022,4579384,20135,0,4579384,0.44,0,1.0013480657716152
07-13-2022,4591009,20152,0,4591009,0.44,0,1.0025385510365585
07-14-2022,4606092,20156,0,4606092,0.44,0,1.0032853344439099
07-15-2022,4618853,20163,0,4618853,0.44,0,1.0027704613802764
07-16-2022,4618853,20163,0,4618853,0.44,0,1.0
07-17-2022,4618853,20163,0,4618853,0.44,0,1.0
07-18-2022,4655677,20176,0,4655677,0.43,0,1.0079725421008203
07-19-2022,4663725,20183,0,4663725,0.43,0,1.0017286422576137
07-20-2022,4675532,20198,0,4675532,0.43,0,1.0025316672831266
07-21-2022,4691948,20217,0,4691948,0.43,0,1.0035110443046908
07-22-2022,4704616,20226,0,4704616,0.43,0,1.0026999446711686
07-23-2022,4704616,20226,0,4704616,0.43,0,1.0
07-24-2022,4704616,20226,0,4704616,0.43,0,1.0
07-25-2022,4734005,20254,0,4734005,0.43,0,1.0062468435255927
07-26-2022,4743620,20263,0,4743620,0.43,0,1.002031049819339
07-27-2022,4753092,20278,0,4753092,0.43,0,1.0019967872637352
07-28-2022,4764902,20310,0,4764902,0.43,0,1.002484698381601
07-29-2022,4774043,20317,0,4774043,0.43,0,1.0019184025190864
07-30-2022,4774043,20317,0,4774043,0.43,0,1.0
07-31-2022,4774043,20317,0,4774043,0.43,0,1.0
08-01-2022,4774043,20317,0,4774043,0.43,0,1.0
08-02-2022,4799326,20366,0,4799326,0.42,0,1.0052959305142413
08-03-2022,4807205,20390,0,4807205,0.42,0,1.00164168885381
08-04-2022,4815584,20396,0,4815584,0.42,0,1.001743008671359
08-05-2022,4821763,20411,0,4821763,0.42,0,1.0012831257849515
08-06-2022,4821763,20411,0,4821763,0.42,0,1.0
08-07-2022,4821763,20411,0,4821763,0.42,0,1.0
08-08-2022,4838882,20435,0,4838882,0.42,0,1.0035503611438388
08-09-2022,4842843,20441,0,4842843,0.42,0,1.0008185775143927
08-10-2022,4848736,20460,0,4848736,0.42,0,1.0012168472114418
08-11-2022,4855498,20472,0,4855498,0.42,0,1.0013945902602246
08-12-2022,4861952,20485,0,4861952,0.42,0,1.0013292148405786
08-13-2022,4861952,20485,0,4861952,0.42,0,1.0
08-14-2022,4861952,20485,0,4861952,0.42,0,1.0
08-15-2022,4878113,20507,0,4878113,0.42,0,1.0033239735809816
08-16-2022,4881155,20509,0,4881155,0.42,0,1.0006236017902825
08-17-2022,4885051,20512,0,4885051,0.42,0,1.0007981717441876
08-18-2022,4891298,20530,0,4891298,0.42,0,1.0012787993410919
08-19-2022,4898954,20546,0,4898954,0.42,0,1.0015652286979857
08-20-2022,4898954,20546,0,4898954,0.42,0,1.0
08-21-2022,4898954,20546,0,4898954,0.42,0,1.0
08-22-2022,4915074,20573,0,4915074,0.42,0,1.0032904983390332
08-23-2022,4918238,20578,0,4918238,0.42,0,1.0006437339498857
08-24-2022,4923446,20593,0,4923446,0.42,0,1.0010589158149727
08-25-2022,4929134,20604,0,4929134,0.42,0,1.0011552883894737
08-26-2022,4934634,20613,0,4934634,0.42,0,1.0011158146644015
08-27-2022,4934634,20613,0,4934634,0.42,0,1.0
08-28-2022,4934634,20613,0,4934634,0.42,0,1.0
08-29-2022,4934634,20613,0,4934634,0.42,0,1.0
08-30-2022,4951660,20628,0,4951660,0.42,0,1.0034503065475575
08-31-2022,4956010,20639,0,4956010,0.42,0,1.000878493272963
09-01-2022,4961354,20648,0,4961354,0.42,0,1.0010782867669759
09-02-2022,4966009,20659,0,4966009,0.42,0,1.0009382519368704
09-03-2022,4966009,20659,0,4966009,0.42,0,1.0
09-04-2022,4966009,20659,0,4966009,0.42,0,1.0
09-05-2022,4977837,20668,0,4977837,0.42,0,1.0023817918976787
09-06-2022,4980628,20671,0,4980628,0.42,0,1.0005606852936326
09-07-2022,4984809,20678,0,4984809,0.41,0,1.000839452374279
09-08-2022,4984809,20678,0,4984809,0.41,0,1.0
09-09-2022,4984809,20678,0,4984809,0.41,0,1.0
09-10-2022,4984809,20678,0,4984809,0.41,0,1.0
09-11-2022,4984809,20678,0,4984809,0.41,0,1.0
09-12-2022,5006893,20711,0,5006893,0.41,0,1.0044302600159805
09-13-2022,5009501,20712,0,5009501,0.41,0,1.0005208819121958
09-14-2022,4996567,20656,0,4996567,0.41,0,1.0025818938852393
09-15-2022,5002850,20661,0,5002850,0.41,0,1.0012574633743527
09-16-2022,5008515,20664,0,5008515,0.41,0,1.001132354557902
09-17-2022,5013900,20670,0,5013900,0.41,0,1.0010751689872148
09-18-2022,5024113,20677,0,5024113,0.41,0,1.0020369373142664
09-19-2022,5027739,20677,0,5027739,0.41,0,1.0007217194358486
09-20-2022,5033797,20683,0,5033797,0.41,0,1.0012049153705076
09-21-2022,5042307,20690,0,5042307,0.41,0,1.0016905727426035
09-22-2022,5050233,20700,0,5050233,0.41,0,1.0015718995293226
09-23-2022,5058191,20707,0,5058191,0.41,0,1.0015757688803666
09-24-2022,5066790,20712,0,5066790,0.41,0,1.001700014886745
09-25-2022,5073706,20712,0,5073706,0.41,0,1.0013649667738351
09-26-2022,5079700,20713,0,5079700,0.41,0,1.001181384967911
09-27-2022,5090354,20723,0,5090354,0.41,0,1.0020973679548004
09-28-2022,5105202,20734,0,5105202,0.41,0,1.0029168894736986
09-29-2022,5118512,20738,0,5118512,0.41,0,1.0026071446340419
09-30-2022,5131527,20743,0,5131527,0.4,0,1.0025427311687458
10-01-2022,5144116,20754,0,5144116,0.4,0,1.00245326586024
10-02-2022,5154447,20756,0,5154447,0.4,0,1.002008313964926
10-03-2022,5162934,20758,0,5162934,0.4,0,1.0016465393862815
10-04-2022,5176787,20767,0,5176787,0.4,0,1.002683164262801
10-05-2022,5195408,20779,0,5195408,0.4,0,1.0035970187685914
10-06-2022,5210285,20794,0,5210285,0.4,0,1.0028634902205948
10-07-2022,5226219,20809,0,5226219,0.4,0,1.0030581820380267
10-08-2022,5239883,20823,0,5239883,0.4,0,1.002614509648371
10-09-2022,5252058,20824,0,5252058,0.4,0,1.00232352516268
10-10-2022,5260762,20825,0,5260762,0.4,0,1.0016572551178986
10-11-2022,5273660,20857,0,5273660,0.4,0,1.002451736079298
10-12-2022,5292125,20880,0,5292125,0.39,0,1.0035013633795125
10-13-2022,5306372,20895,0,5306372,0.39,0,1.0026921132815267
10-14-2022,5319474,20912,0,5319474,0.39,0,1.0024691069529237
10-15-2022,5331324,20922,0,5331324,0.39,0,1.002227663863006
10-16-2022,5340548,20926,0,5340548,0.39,0,1.0017301518347037
10-17-2022,5346939,20928,0,5346939,0.39,0,1.0011966936726344
10-18-2022,5356174,20943,0,5356174,0.39,0,1.0017271564160355
10-19-2022,5369885,20953,0,5369885,0.39,0,1.002559849624004
10-20-2022,5379734,20971,0,5379734,0.39,0,1.0018341174904117
10-21-2022,5387830,20980,0,5387830,0.39,0,1.001504907119943
10-22-2022,5387830,20980,0,5387830,0.39,0,1.0
10-23-2022,5387830,20980,0,5387830,0.39,0,1.0
10-24-2022,5402162,20899,0,5402162,0.39,0,1.0026600690816154
10-25-2022,5408648,20922,0,5408648,0.39,0,1.0012006304142675
10-26-2022,5416866,20943,0,5416866,0.39,0,1.0015194185312115
10-27-2022,5421306,20946,0,5421306,0.39,0,1.0008196621441254
10-28-2022,5426408,20963,0,5426408,0.39,0,1.000941101645987
10-29-2022,5432162,20976,0,5432162,0.39,0,1.0010603699537521
10-30-2022,5436721,20979,0,5436721,0.39,0,1.000839260684788
10-31-2022,5439567,20981,0,5439567,0.39,0,1.0005234772944942
11-01-2022,5443883,20990,0,5443883,0.39,0,1.000793445507703
11-02-2022,5448375,20990,0,5448375,0.39,0,1.0008251463155986
11-03-2022,5453038,21012,0,5453038,0.39,0,1.00085585151536
11-04-2022,5458604,21029,0,5458604,0.39,0,1.001020715425053
11-05-2022,5462911,21036,0,5462911,0.39,0,1.0007890295760602
11-06-2022,5466250,21037,0,5466250,0.38,0,1.0006112125934323
11-07-2022,5468967,21040,0,5468967,0.38,0,1.0004970500800365
11-08-2022,5472671,21049,0,5472671,0.38,0,1.000677275982832
11-09-2022,5477350,21059,0,5477350,0.38,0,1.0008549755686027
11-10-2022,5481274,21069,0,5481274,0.38,0,1.0007164048308033
11-11-2022,5484553,21082,0,5484553,0.38,0,1.0005982185893278
11-12-2022,5488376,21090,0,5488376,0.38,0,1.000697048601773
11-13-2022,5491252,21093,0,5491252,0.38,0,1.0005240165761238
11-14-2022,5493469,21094,0,5493469,0.38,0,1.000403733064882
11-15-2022,5497145,21105,0,5497145,0.38,0,1.0006691582313472
11-16-2022,5502186,21116,0,5502186,0.38,0,1.000917021472055
11-17-2022,5506697,21124,0,5506697,0.38,0,1.0008198559627028
11-18-2022,5510919,21134,0,5510919,0.38,0,1.0007667027984288
11-19-2022,5514701,21143,0,5514701,0.38,0,1.000686273922734
11-20-2022,5517893,21144,0,5517893,0.38,0,1.0005788165124456
11-21-2022,5520300,21144,0,5520300,0.38,0,1.0004362172300187
11-22-2022,5524683,21149,0,5524683,0.38,0,1.0007939785881201
11-23-2022,5530456,21159,0,5530456,0.38,0,1.0010449468322435
11-24-2022,5535259,21165,0,5535259,0.38,0,1.0008684636492904
11-25-2022,5539629,21179,0,5539629,0.38,0,1.0007894842861011
11-26-2022,5544112,21187,0,5544112,0.38,0,1.0008092599702976
11-27-2022,5547582,21187,0,5547582,0.38,0,1.000625889231675
11-28-2022,5550575,21189,0,5550575,0.38,0,1.0005395143325506
11-29-2022,5554975,21202,0,5554975,0.38,0,1.0007927106651113
11-30-2022,5561633,21210,0,5561633,0.38,0,1.0011985652500686
12-01-2022,5566947,21216,0,5566947,0.38,0,1.0009554747679323
12-02-2022,5572289,21225,0,5572289,0.38,0,1.0009595923941794
12-03-2022,5576700,21231,0,5576700,0.38,0,1.0007915956979259
12-04-2022,5576695,21232,0,5576695,0.38,0,1.0000008965875877
12-05-2022,5583979,21232,0,5583979,0.38,0,1.001306149968754
12-06-2022,5588468,21242,0,5588468,0.38,0,1.0008039070347508
12-07-2022,5595286,21247,0,5595286,0.38,0,1.0012200123540118
12-08-2022,5600568,21257,0,5600568,0.38,0,1.0009440089389532
12-09-2022,5604611,21257,0,5604611,0.38,0,1.0007218910653348
12-10-2022,5608411,21265,0,5608411,0.38,0,1.0006780131573807
12-11-2022,5613343,21265,0,5613343,0.38,0,1.0008793934681322
12-12-2022,5616644,21265,0,5616644,0.38,0,1.0005880631203188
12-13-2022,5622037,21272,0,5622037,0.38,0,1.000960181916461
12-14-2022,5629173,21286,0,5629173,0.38,0,1.0012692908282177
12-15-2022,5634944,21291,0,5634944,0.38,0,1.00102519499756
12-16-2022,5639992,21306,0,5639992,0.38,0,1.0008958385389455
12-17-2022,5644634,21316,0,5644634,0.38,0,1.000823050812838
12-18-2022,5648626,21317,0,5648626,0.38,0,1.0007072203441356
12-19-2022,5651522,21318,0,5651522,0.38,0,1.0005126910508857
12-20-2022,5656559,21332,0,5656559,0.38,0,1.0008912643355188
12-21-2022,5662588,21345,0,5662588,0.38,0,1.0010658423256966
12-22-2022,5668157,21348,0,5668157,0.38,0,1.0009834725747309
12-23-2022,5672998,21360,0,5672998,0.38,0,1.0008540694973693
12-24-2022,5678097,21370,0,5678097,0.38,0,1.000898819283913
12-25-2022,5682776,21370,0,5682776,0.38,0,1.0008240436892852
12-26-2022,5684530,21373,0,5684530,0.38,0,1.0003086519686857
12-27-2022,5686952,21376,0,5686952,0.38,0,1.0004260686459567
12-28-2022,5691663,21407,0,5691663,0.38,0,1.0008283875088095
12-29-2022,5696474,21419,0,5696474,0.38,0,1.000845271408374
12-30-2022,5700832,21422,0,5700832,0.38,0,1.0007650346512598
12-31-2022,5705093,21443,0,5705093,0.38,0,1.0007474347604
01-01-2023,5707962,21443,0,5707962,0.38,0,1.0005028840020662
01-02-2023,5709405,21444,0,5709405,0.38,0,1.0002528047663948
01-03-2023,5712491,21448,0,5712491,0.38,0,1.0005405116645254
01-04-2023,5716267,21466,0,5716267,0.38,0,1.0006610076059639
01-05-2023,5719585,21473,0,5719585,0.38,0,1.0005804487439092
01-06-2023,5722574,21482,0,5722574,0.38,0,1.0005225903627624
01-07-2023,5724215,21484,0,5724215,0.38,0,1.0002867590703064
01-08-2023,5726287,21487,0,5726287,0.38,0,1.0003619710300888
01-09-2023,5728141,21490,0,5728141,0.38,0,1.0003237700101304
01-10-2023,5731160,21517,0,5731160,0.38,0,1.0005270470821161
01-11-2023,5734324,21536,0,5734324,0.38,0,1.0005520697380634
01-12-2023,5736630,21546,0,5736630,0.38,0,1.000402139816306
01-13-2023,5738797,21558,0,5738797,0.38,0,1.0003777479112301
01-14-2023,5740581,21564,0,5740581,0.38,0,1.0003108665457239
01-15-2023,5742055,21564,0,5742055,0.38,0,1.0002567684351114
01-16-2023,5743070,21565,0,5743070,0.38,0,1.000176765983607
01-17-2023,5744897,21576,0,5744897,0.38,0,1.0003181225372493
01-18-2023,5747540,21589,0,5747540,0.38,0,1.0004600604675766
01-19-2023,5749735,21595,0,5749735,0.38,0,1.0003819025182947
01-20-2023,5751836,21609,0,5751836,0.38,0,1.0003654081448972
01-21-2023,5754062,21613,0,5754062,0.38,0,1.000387006861809
01-22-2023,5755617,21626,0,5755617,0.38,0,1.0002702438729372
01-23-2023,5756882,21626,0,5756882,0.38,0,1.0002197852984311
01-24-2023,5759515,21640,0,5759515,0.38,0,1.0004573656364677
01-25-2023,5762898,21646,0,5762898,0.38,0,1.000587375846751
01-26-2023,5766100,21649,0,5766100,0.38,0,1.0005556232298403
01-27-2023,5769255,21658,0,5769255,0.38,0,1.0005471635941103
01-28-2023,5772280,21661,0,5772280,0.38,0,1.0005243311311425
01-29-2023,5774678,21661,0,5774678,0.38,0,1.000415433762742
01-30-2023,5776747,21662,0,5776747,0.37,0,1.0003582883755597
01-31-2023,5780229,21689,0,5780229,0.38,0,1.0006027613811026
02-01-2023,5785590,21696,0,5785590,0.38,0,1.00092747190466
02-02-2023,5789991,21709,0,5789991,0.37,0,1.0007606830072646
02-03-2023,5794162,21736,0,5794162,0.38,0,1.000720381085221
02-04-2023,5798237,21755,0,5798237,0.38,0,1.0007032941087943
02-05-2023,5801078,21755,0,5801078,0.38,0,1.000489976522174
02-06-2023,5803370,21755,0,5803370,0.37,0,1.0003950989798793
02-07-2023,5807176,21765,0,5807176,0.37,0,1.0006558258391245
02-08-2023,5812712,21768,0,5812712,0.37,0,1.0009533032923403
02-09-2023,5812712,21773,0,5812712,0.37,0,1.0
02-10-2023,5812695,21773,0,5812695,0.37,0,1.0000029246245126
02-11-2023,5821526,21781,0,5821526,0.37,0,1.0015192608592056
02-12-2023,5829303,21788,0,5829303,0.37,0,1.0013359040224161
02-13-2023,5832119,21789,0,5832119,0.37,0,1.000483076621682
02-14-2023,5837337,21795,0,5837337,0.37,0,1.0008947005368032
02-15-2023,5843614,21796,0,5843614,0.37,0,1.0010753191052701
02-16-2023,5849332,21799,0,5849332,0.37,0,1.0009785040558805
02-17-2023,5854661,21807,0,5854661,0.37,0,1.0009110442012865
02-18-2023,5859240,21820,0,5859240,0.37,0,1.0007821118934128
02-19-2023,5863481,21820,0,5863481,0.37,0,1.000723814010008
02-20-2023,5866420,21820,0,5866420,0.37,0,1.0005012380870681
02-21-2023,5871234,21825,0,5871234,0.37,0,1.000820602684431
02-22-2023,5878713,21848,0,5878713,0.37,0,1.00127383783375
02-23-2023,5884691,21853,0,5884691,0.37,0,1.0010168892408933
02-24-2023,5891036,21858,0,5891036,0.37,0,1.0010782214393246
02-25-2023,5897047,21872,0,5897047,0.37,0,1.0010203638205573
02-26-2023,5901938,21872,0,5901938,0.37,0,1.0008293981716612
02-27-2023,5905405,21872,0,5905405,0.37,0,1.000587434161457
02-28-2023,5911294,21887,0,5911294,0.37,0,1.0009972220364225
03-01-2023,5919616,21891,0,5919616,0.37,0,1.0014078135853166
03-02-2023,5926148,21899,0,5926148,0.37,0,1.0011034499535105
03-03-2023,5931247,21907,0,5931247,0.37,0,1.0008604240056105
03-04-2023,5936666,21921,0,5936666,0.37,0,1.0009136358678032
03-05-2023,5940935,21922,0,5940935,0.37,0,1.0007190904794037
03-06-2023,5943417,21923,0,5943417,0.37,0,1.0004177793562798
03-07-2023,5949418,21941,0,5949418,0.37,0,1.0010096885343902
03-08-2023,5955860,21949,0,5955860,0.37,0,1.0010827949893586
03-09-2023,5961143,21970,0,5961143,0.37,0,1.0008870255513058
