date,total_confirmed,total_deaths,total_recovered,total_infected,mortality_rate,recovery_rate,daily_growth_rate
03-06-2020,1,0,0,1,0,0,1
03-07-2020,1,0,0,1,0,0,1.0
03-08-2020,2,0,0,2,0,0,2.0
03-09-2020,2,0,0,2,0,0,1.0
03-10-2020,2,0,0,2,0,0,1.0
03-11-2020,2,0,0,2,0,0,1.0
03-12-2020,2,0,0,2,0,0,1.0
03-13-2020,2,0,0,2,0,0,1.0
03-14-2020,2,0,0,2,0,0,1.0
03-15-2020,2,0,0,2,0,0,1.0
03-16-2020,4,0,0,4,0,0,2.0
03-17-2020,10,0,0,10,0,0,2.5
03-18-2020,10,0,0,10,0,0,1.0
03-19-2020,13,0,0,13,0,0,1.3
03-20-2020,20,0,0,20,0,0,1.5384615384615383
03-21-2020,27,0,0,27,0,0,1.35
03-22-2020,40,0,2,38,0,5.0,1.4814814814814814
03-23-2020,56,0,2,54,0,3.57,1.4
03-24-2020,66,0,2,64,0,3.03,1.1785714285714286
03-25-2020,75,1,2,73,1.33,2.67,1.1363636363636362
03-26-2020,75,1,2,73,1.33,2.67,1.0
03-27-2020,91,2,2,89,2.2,2.2,1.2133333333333334
03-28-2020,91,2,2,89,2.2,2.2,1.0
03-29-2020,139,6,5,134,4.32,3.6,1.5274725274725274
03-30-2020,139,6,5,134,4.32,3.6,1.0
03-31-2020,193,6,5,188,3.11,2.59,1.3884892086330936
04-01-2020,233,6,10,223,2.58,4.29,1.2072538860103628
04-02-2020,306,7,10,296,2.29,3.27,1.3133047210300428
04-03-2020,509,8,17,492,1.57,3.34,1.6633986928104574
04-04-2020,555,9,17,538,1.62,3.06,1.0903732809430255
04-05-2020,650,9,17,633,1.38,2.62,1.1711711711711712
04-06-2020,658,9,17,641,1.37,2.58,1.0123076923076924
04-07-2020,658,9,43,615,1.37,6.53,1.0
04-08-2020,730,10,60,670,1.37,8.22,1.1094224924012157
04-09-2020,730,10,60,670,1.37,8.22,1.0
04-10-2020,820,12,98,722,1.46,11.95,1.1232876712328768
04-11-2020,820,12,98,722,1.46,11.95,1.0
04-12-2020,820,12,98,722,1.46,11.95,1.0
04-13-2020,820,12,98,722,1.46,11.95,1.0
04-14-2020,848,14,130,718,1.65,15.33,1.0341463414634147
04-15-2020,848,17,165,683,2.0,19.46,1.0
04-16-2020,996,22,164,832,2.21,16.47,1.1745283018867925
04-17-2020,996,22,164,832,2.21,16.47,1.0
04-18-2020,1017,22,177,840,2.16,17.4,1.0210843373493976
04-19-2020,1017,42,305,712,4.13,29.99,1.0
04-20-2020,1163,42,305,858,3.61,26.23,1.143559488692232
04-21-2020,1163,43,329,834,3.7,28.29,1.0
04-22-2020,1163,43,397,766,3.7,34.14,1.0
04-23-2020,1334,43,668,666,3.22,50.07,1.1470335339638864
04-24-2020,1430,43,668,762,3.01,46.71,1.0719640179910046
04-25-2020,1518,53,697,821,3.49,45.92,1.0615384615384615
04-26-2020,1621,56,786,835,3.45,48.49,1.0678524374176548
04-27-2020,1705,58,805,900,3.4,47.21,1.051819864281308
04-28-2020,1705,58,915,790,3.4,53.67,1.0
04-29-2020,1832,61,934,898,3.33,50.98,1.0744868035190616
04-30-2020,1832,61,934,898,3.33,50.98,1.0
05-01-2020,1832,61,934,898,3.33,50.98,1.0
05-02-2020,2077,64,953,1124,3.08,45.88,1.1337336244541485
05-03-2020,2077,64,953,1124,3.08,45.88,1.0
05-04-2020,2104,64,953,1151,3.04,45.29,1.0129995185363505
05-05-2020,2104,64,953,1151,3.04,45.29,1.0
05-06-2020,2265,108,1000,1265,4.77,44.15,1.0765209125475286
05-07-2020,2267,108,1002,1265,4.76,44.2,1.0008830022075055
05-08-2020,2267,108,1002,1265,4.76,44.2,1.0
05-09-2020,2274,108,1232,1042,4.75,54.18,1.0030877812086458
05-10-2020,2579,114,1465,1114,4.42,56.8,1.1341248900615655
05-11-2020,2689,125,1524,1165,4.65,56.68,1.0426521907716169
05-12-2020,2689,125,1524,1165,4.65,56.68,1.0
05-13-2020,2800,136,1543,1257,4.86,55.11,1.0412792859799183
05-14-2020,2954,139,1553,1401,4.71,52.57,1.055
05-15-2020,3105,140,1567,1538,4.51,50.47,1.0511171293161814
05-16-2020,3105,140,1567,1538,4.51,50.47,1.0
05-17-2020,3105,140,1567,1538,4.51,50.47,1.0
05-18-2020,3529,140,1567,1962,3.97,44.4,1.1365539452495974
05-19-2020,3529,140,1567,1962,3.97,44.4,1.0
05-20-2020,3733,146,1595,2138,3.91,42.73,1.0578067441201473
05-21-2020,4288,156,1808,2480,3.64,42.16,1.1486739887489954
05-22-2020,4400,159,1822,2578,3.61,41.41,1.0261194029850746
05-23-2020,4400,159,1822,2578,3.61,41.41,1.0
05-24-2020,4890,165,1865,3025,3.37,38.14,1.1113636363636363
05-25-2020,4890,165,1865,3025,3.37,38.14,1.0
05-26-2020,5436,175,1996,3440,3.22,36.72,1.1116564417177914
05-27-2020,5436,175,1996,3440,3.22,36.72,1.0
05-28-2020,5436,175,1996,3440,3.22,36.72,1.0
05-29-2020,5436,177,3326,2110,3.26,61.18,1.0
05-30-2020,5904,191,3568,2336,3.24,60.43,1.086092715231788
05-31-2020,5904,191,3568,2336,3.24,60.43,1.0
06-01-2020,6397,199,3629,2768,3.11,56.73,1.0835027100271002
06-02-2020,6585,200,3676,2909,3.04,55.82,1.0293887759887448
06-03-2020,6585,200,3676,2909,3.04,55.82,1.0
06-04-2020,6789,203,3705,3084,2.99,54.57,1.030979498861048
06-05-2020,7392,205,4575,2817,2.77,61.89,1.0888201502430401
06-06-2020,7599,212,4587,3012,2.79,60.36,1.0280032467532467
06-07-2020,7908,212,4735,3173,2.68,59.88,1.0406632451638373
06-08-2020,8060,212,4748,3312,2.63,58.91,1.0192210419828023
06-09-2020,8312,212,4794,3518,2.55,57.68,1.0312655086848634
06-10-2020,8681,212,4836,3845,2.44,55.71,1.0443936477382099
06-11-2020,8681,212,4836,3845,2.44,55.71,1.0
06-12-2020,8681,212,4836,3845,2.44,55.71,1.0
06-13-2020,8681,212,4836,3845,2.44,55.71,1.0
06-14-2020,8681,212,4836,3845,2.44,55.71,1.0
06-15-2020,9864,276,5570,4294,2.8,56.47,1.1362746227393157
06-16-2020,9864,276,5570,4294,2.8,56.47,1.0
06-17-2020,9864,276,5570,4294,2.8,56.47,1.0
06-18-2020,9864,276,5570,4294,2.8,56.47,1.0
06-19-2020,10638,282,7548,3090,2.65,70.95,1.0784671532846715
06-20-2020,11610,301,7702,3908,2.59,66.34,1.0913705583756346
06-21-2020,11892,303,7710,4182,2.55,64.83,1.0242894056847545
06-22-2020,12041,308,7740,4301,2.56,64.28,1.0125294315506224
06-23-2020,12270,313,7774,4496,2.55,63.36,1.0190183539573126
06-24-2020,12592,313,10100,2492,2.49,80.21,1.0262428687856562
06-25-2020,12592,313,10100,2492,2.49,80.21,1.0
06-26-2020,12592,313,10100,2492,2.49,80.21,1.0
06-27-2020,12592,313,10100,2492,2.49,80.21,1.0
06-28-2020,12592,313,10100,2492,2.49,80.21,1.0
06-29-2020,12592,313,10100,2492,2.49,80.21,1.0
06-30-2020,12592,313,10100,2492,2.49,80.21,1.0
07-01-2020,12592,313,10100,2492,2.49,80.21,1.0
07-02-2020,12592,313,10100,2492,2.49,80.21,1.0
07-03-2020,12592,313,10100,2492,2.49,80.21,1.0
07-04-2020,12592,313,10100,2492,2.49,80.21,1.0
07-05-2020,12592,313,10100,2492,2.49,80.21,1.0
07-06-2020,12592,313,10100,2492,2.49,80.21,1.0
07-07-2020,14916,359,11525,3391,2.41,77.27,1.184561626429479
07-08-2020,14916,359,11525,3391,2.41,77.27,1.0
07-09-2020,14916,359,11525,3391,2.41,77.27,1.0
07-10-2020,14916,359,11525,3391,2.41,77.27,1.0
07-11-2020,15173,359,11928,3245,2.37,78.61,1.0172298203271655
07-12-2020,15173,359,11928,3245,2.37,78.61,1.0
07-13-2020,15173,359,11928,3245,2.37,78.61,1.0
07-14-2020,15173,359,11928,3245,2.37,78.61,1.0
07-15-2020,15173,359,11928,3245,2.37,78.61,1.0
07-16-2020,16157,373,13728,2429,2.31,84.97,1.064852039807553
07-17-2020,16157,373,13728,2429,2.31,84.97,1.0
07-18-2020,16157,373,13728,2429,2.31,84.97,1.0
07-19-2020,16157,373,13728,2429,2.31,84.97,1.0
07-20-2020,16157,373,13728,2429,2.31,84.97,1.0
07-21-2020,16522,382,13728,2794,2.31,83.09,1.022590827505106
07-22-2020,16522,382,13728,2794,2.31,83.09,1.0
07-23-2020,16522,382,13728,2794,2.31,83.09,1.0
07-24-2020,16708,385,14539,2169,2.3,87.02,1.011257716983416
07-25-2020,16708,385,14539,2169,2.3,87.02,1.0
07-26-2020,16708,385,14539,2169,2.3,87.02,1.0
07-27-2020,17110,391,14539,2571,2.29,84.97,1.024060330380656
07-28-2020,17179,391,14539,2640,2.28,84.63,1.004032729398013
07-29-2020,17255,391,15320,1935,2.27,88.79,1.004424006053903
07-30-2020,17255,391,15320,1935,2.27,88.79,1.0
07-31-2020,17255,391,15320,1935,2.27,88.79,1.0
08-01-2020,17255,391,15320,1935,2.27,88.79,1.0
08-02-2020,17255,391,15320,1935,2.27,88.79,1.0
08-03-2020,17255,391,15320,1935,2.27,88.79,1.0
08-04-2020,17718,391,15320,2398,2.21,86.47,1.0268328020863517
08-05-2020,17718,391,15320,2398,2.21,86.47,1.0
08-06-2020,17718,391,15320,2398,2.21,86.47,1.0
08-07-2020,17718,391,15320,2398,2.21,86.47,1.0
08-08-2020,18042,395,15320,2722,2.19,84.91,1.0182864883169658
08-09-2020,18042,395,15320,2722,2.19,84.91,1.0
08-10-2020,18042,395,15320,2722,2.19,84.91,1.0
08-11-2020,18213,398,15320,2893,2.19,84.12,1.0094778849351513
08-12-2020,18263,401,15320,2943,2.2,83.89,1.002745291824521
08-13-2020,18308,401,15320,2988,2.19,83.68,1.0024639982478234
08-14-2020,18469,401,15320,3149,2.17,82.95,1.0087939698492463
08-15-2020,18469,401,16540,1929,2.17,89.56,1.0
08-16-2020,18469,401,16540,1929,2.17,89.56,1.0
08-17-2020,18582,403,16540,2042,2.17,89.01,1.0061183604959663
08-18-2020,18599,406,16540,2059,2.18,88.93,1.0009148638467333
08-19-2020,18624,406,16540,2084,2.18,88.81,1.00134415828808
08-20-2020,18762,408,16540,2222,2.17,88.16,1.007409793814433
08-21-2020,18762,408,16540,2222,2.17,88.16,1.0
08-22-2020,18762,408,16540,2222,2.17,88.16,1.0
08-23-2020,18762,408,16540,2222,2.17,88.16,1.0
08-24-2020,18762,408,16540,2222,2.17,88.16,1.0
08-25-2020,18973,410,16540,2433,2.16,87.18,1.0112461358064173
08-26-2020,18973,410,16540,2433,2.16,87.18,1.0
08-27-2020,19142,411,17651,1491,2.15,92.21,1.008907394718811
08-28-2020,19142,411,17651,1491,2.15,92.21,1.0
08-29-2020,19142,411,17651,1491,2.15,92.21,1.0
08-30-2020,19142,411,17651,1491,2.15,92.21,1.0
08-31-2020,19142,411,17651,1491,2.15,92.21,1.0
09-01-2020,19409,414,17651,1758,2.13,90.94,1.0139483857486156
09-02-2020,19460,415,17651,1809,2.13,90.7,1.0026276469679014
09-03-2020,19604,415,18448,1156,2.12,94.1,1.0073997944501543
09-04-2020,19604,415,18448,1156,2.12,94.1,1.0
09-05-2020,19604,415,18448,1156,2.12,94.1,1.0
09-06-2020,19604,415,18448,1156,2.12,94.1,1.0
09-07-2020,19604,415,18448,1156,2.12,94.1,1.0
09-08-2020,19848,415,18448,1400,2.09,92.95,1.0124464395021424
09-09-2020,19848,415,18448,1400,2.09,92.95,1.0
09-10-2020,20009,415,18837,1172,2.07,94.14,1.008111648528819
09-11-2020,20009,415,18837,1172,2.07,94.14,1.0
09-12-2020,20009,415,18837,1172,2.07,94.14,1.0
09-13-2020,20167,415,18837,1330,2.06,93.41,1.0078964465990303
09-14-2020,20228,415,18837,1391,2.05,93.12,1.0030247433926711
09-15-2020,20271,415,18837,1434,2.05,92.93,1.0021257662645837
09-16-2020,20303,415,18837,1466,2.04,92.78,1.0015786098367125
09-17-2020,20303,415,18837,1466,2.04,92.78,1.0
09-18-2020,20371,416,19124,1247,2.04,93.88,1.0033492587302368
09-19-2020,20431,416,19124,1307,2.04,93.6,1.002945363506946
09-20-2020,20431,416,19124,1307,2.04,93.6,1.0
09-21-2020,20598,416,19124,1474,2.02,92.84,1.0081738534579805
09-22-2020,20598,416,19124,1474,2.02,92.84,1.0
09-23-2020,20690,416,19124,1566,2.01,92.43,1.0044664530536946
09-24-2020,20712,418,19440,1272,2.02,93.86,1.0010633156114064
09-25-2020,20712,418,19440,1272,2.02,93.86,1.0
09-26-2020,20735,418,19440,1295,2.02,93.75,1.0011104673619158
09-27-2020,20735,418,19440,1295,2.02,93.75,1.0
09-28-2020,20838,418,19440,1398,2.01,93.29,1.0049674463467566
09-29-2020,20838,418,19440,1398,2.01,93.29,1.0
09-30-2020,20838,418,19440,1398,2.01,93.29,1.0
10-01-2020,20838,418,19440,1398,2.01,93.29,1.0
10-02-2020,20924,420,19764,1160,2.01,94.46,1.0041270755350802
10-03-2020,20924,420,19764,1160,2.01,94.46,1.0
10-04-2020,20924,420,19764,1160,2.01,94.46,1.0
10-05-2020,20924,420,19764,1160,2.01,94.46,1.0
10-06-2020,20924,420,19764,1160,2.01,94.46,1.0
10-07-2020,20924,420,19764,1160,2.01,94.46,1.0
10-08-2020,21203,423,20117,1086,2.0,94.88,1.0133339705601223
10-09-2020,21203,423,20117,1086,2.0,94.88,1.0
10-10-2020,21203,423,20117,1086,2.0,94.88,1.0
10-11-2020,21203,423,20117,1086,2.0,94.88,1.0
10-12-2020,21203,423,20117,1086,2.0,94.88,1.0
10-13-2020,21203,423,20117,1086,2.0,94.88,1.0
10-14-2020,21441,423,20117,1324,1.97,93.82,1.0112248266754704
10-15-2020,21441,423,20117,1324,1.97,93.82,1.0
10-16-2020,21441,423,20117,1324,1.97,93.82,1.0
10-17-2020,21441,423,20117,1324,1.97,93.82,1.0
10-18-2020,21441,423,20117,1324,1.97,93.82,1.0
10-19-2020,21506,424,20117,1389,1.97,93.54,1.0030315750198218
10-20-2020,21570,425,20117,1453,1.97,93.26,1.0029759136985028
10-21-2020,21570,425,20117,1453,1.97,93.26,1.0
10-22-2020,21570,425,20117,1453,1.97,93.26,1.0
10-23-2020,21570,425,20117,1453,1.97,93.26,1.0
10-24-2020,21570,425,20117,1453,1.97,93.26,1.0
10-25-2020,21570,425,20117,1453,1.97,93.26,1.0
10-26-2020,21793,426,20117,1676,1.95,92.31,1.0103384330088085
10-27-2020,21793,426,20117,1676,1.95,92.31,1.0
10-28-2020,21793,426,20117,1676,1.95,92.31,1.0
10-29-2020,21793,426,20117,1676,1.95,92.31,1.0
10-30-2020,21793,426,20117,1676,1.95,92.31,1.0
10-31-2020,21793,426,20117,1676,1.95,92.31,1.0
11-01-2020,22103,429,21151,952,1.94,95.69,1.0142247510668563
11-02-2020,22103,429,21151,952,1.94,95.69,1.0
11-03-2020,22103,429,21151,952,1.94,95.69,1.0
11-04-2020,22103,429,21151,952,1.94,95.69,1.0
11-05-2020,22103,429,21151,952,1.94,95.69,1.0
11-06-2020,22103,429,21151,952,1.94,95.69,1.0
11-07-2020,22342,429,21151,1191,1.92,94.67,1.0108130118083518
11-08-2020,22421,433,21510,911,1.93,95.94,1.0035359412765195
11-09-2020,22421,433,21510,911,1.93,95.94,1.0
11-10-2020,22421,433,21510,911,1.93,95.94,1.0
11-11-2020,22490,433,21510,980,1.93,95.64,1.003077472012845
11-12-2020,22490,433,21510,980,1.93,95.64,1.0
11-13-2020,22583,433,21510,1073,1.92,95.25,1.0041351711871944
11-14-2020,22692,433,21510,1182,1.91,94.79,1.0048266395075942
11-15-2020,22692,433,21510,1182,1.91,94.79,1.0
11-16-2020,22692,433,21510,1182,1.91,94.79,1.0
11-17-2020,22896,433,21510,1386,1.89,93.95,1.0089899524061343
11-18-2020,22896,433,21510,1386,1.89,93.95,1.0
11-19-2020,23528,435,22177,1351,1.85,94.26,1.0276030747728861
11-20-2020,23528,435,22177,1351,1.85,94.26,1.0
11-21-2020,23528,435,22177,1351,1.85,94.26,1.0
11-22-2020,23528,435,22177,1351,1.85,94.26,1.0
11-23-2020,23842,435,22177,1665,1.82,93.02,1.013345800748045
11-24-2020,23869,436,22177,1692,1.83,92.91,1.0011324553309287
11-25-2020,23915,437,22177,1738,1.83,92.73,1.0019271858896477
11-26-2020,24022,437,22177,1845,1.82,92.32,1.0044741793853231
11-27-2020,24117,437,22177,1940,1.81,91.96,1.0039547081841644
11-28-2020,24117,437,22177,1940,1.81,91.96,1.0
11-29-2020,24117,437,22177,1940,1.81,91.96,1.0
11-30-2020,24445,437,22177,2268,1.79,90.72,1.0136003648878384
12-01-2020,24487,441,22177,2310,1.8,90.57,1.0017181427694826
12-02-2020,24487,441,22177,2310,1.8,90.57,1.0
12-03-2020,24487,441,22177,2310,1.8,90.57,1.0
12-04-2020,24752,443,23344,1408,1.79,94.31,1.0108220688528606
12-05-2020,24752,443,23344,1408,1.79,94.31,1.0
12-06-2020,24752,443,23344,1408,1.79,94.31,1.0
12-07-2020,24752,443,23344,1408,1.79,94.31,1.0
12-08-2020,24752,443,23344,1408,1.79,94.31,1.0
12-09-2020,24963,443,23344,1619,1.77,93.51,1.0085245636716225
12-10-2020,24963,443,23344,1619,1.77,93.51,1.0
12-11-2020,25087,443,23851,1236,1.77,95.07,1.0049673516804871
12-12-2020,25143,443,23851,1292,1.76,94.86,1.0022322318332204
12-13-2020,25143,443,23851,1292,1.76,94.86,1.0
12-14-2020,25214,443,23851,1363,1.76,94.59,1.002823847591775
12-15-2020,25359,445,23851,1508,1.75,94.05,1.0057507733798683
12-16-2020,25472,445,23851,1621,1.75,93.64,1.0044560116723846
12-17-2020,25472,445,23851,1621,1.75,93.64,1.0
12-18-2020,25472,445,23851,1621,1.75,93.64,1.0
12-19-2020,25724,445,23851,1873,1.73,92.72,1.009893216080402
12-20-2020,25849,448,23851,1998,1.73,92.27,1.0048592753848546
12-21-2020,25849,448,23851,1998,1.73,92.27,1.0
12-22-2020,25849,448,23851,1998,1.73,92.27,1.0
12-23-2020,25849,448,23851,1998,1.73,92.27,1.0
12-24-2020,26277,448,24892,1385,1.7,94.73,1.0165577004913149
12-25-2020,26277,448,24892,1385,1.7,94.73,1.0
12-26-2020,26277,448,24892,1385,1.7,94.73,1.0
12-27-2020,26277,448,24892,1385,1.7,94.73,1.0
12-28-2020,26277,448,24892,1385,1.7,94.73,1.0
12-29-2020,26277,448,24892,1385,1.7,94.73,1.0
12-30-2020,26277,448,24892,1385,1.7,94.73,1.0
12-31-2020,26277,448,24892,1385,1.7,94.73,1.0
01-01-2021,26848,448,24892,1956,1.67,92.71,1.0217300300643148
01-02-2021,26848,448,24892,1956,1.67,92.71,1.0
01-03-2021,26848,448,24892,1956,1.67,92.71,1.0
01-04-2021,26848,448,24892,1956,1.67,92.71,1.0
01-05-2021,26848,448,24892,1956,1.67,92.71,1.0
01-06-2021,26848,448,24892,1956,1.67,92.71,1.0
01-07-2021,26848,448,24892,1956,1.67,92.71,1.0
01-08-2021,26848,448,24892,1956,1.67,92.71,1.0
01-09-2021,26848,448,24892,1956,1.67,92.71,1.0
01-10-2021,26848,448,24892,1956,1.67,92.71,1.0
01-11-2021,26848,448,24892,1956,1.67,92.71,1.0
01-12-2021,27336,451,24892,2444,1.65,91.06,1.018176400476758
01-13-2021,27336,451,24892,2444,1.65,91.06,1.0
01-14-2021,27336,451,24892,2444,1.65,91.06,1.0
01-15-2021,27336,451,24892,2444,1.65,91.06,1.0
01-16-2021,28010,455,26861,1149,1.62,95.9,1.02465613110916
01-17-2021,28010,455,26861,1149,1.62,95.9,1.0
01-18-2021,28010,455,26861,1149,1.62,95.9,1.0
01-19-2021,28010,455,26861,1149,1.62,95.9,1.0
01-20-2021,28010,455,26861,1149,1.62,95.9,1.0
01-21-2021,28010,455,26861,1149,1.62,95.9,1.0
01-22-2021,28010,455,26861,1149,1.62,95.9,1.0
01-23-2021,29617,462,28045,1572,1.56,94.69,1.0573723670117816
01-24-2021,29617,462,28045,1572,1.56,94.69,1.0
01-25-2021,29617,462,28045,1572,1.56,94.69,1.0
01-26-2021,29617,462,28045,1572,1.56,94.69,1.0
01-27-2021,29617,462,28045,1572,1.56,94.69,1.0
01-28-2021,29617,462,28045,1572,1.56,94.69,1.0
01-29-2021,29617,462,28045,1572,1.56,94.69,1.0
01-30-2021,29617,462,28045,1572,1.56,94.69,1.0
01-31-2021,29617,462,28045,1572,1.56,94.69,1.0
02-01-2021,29617,462,28045,1572,1.56,94.69,1.0
02-02-2021,30313,474,28045,2268,1.56,92.52,1.023500016882196
02-03-2021,30313,474,28045,2268,1.56,92.52,1.0
02-04-2021,30313,474,28045,2268,1.56,92.52,1.0
02-05-2021,30313,474,28045,2268,1.56,92.52,1.0
02-06-2021,31394,474,29501,1893,1.51,93.97,1.0356612674430112
02-07-2021,31394,474,29501,1893,1.51,93.97,1.0
02-08-2021,31394,474,29501,1893,1.51,93.97,1.0
02-09-2021,31394,474,29501,1893,1.51,93.97,1.0
02-10-2021,31394,474,29501,1893,1.51,93.97,1.0
02-11-2021,31394,474,29501,1893,1.51,93.97,1.0
02-12-2021,32098,479,29609,2489,1.49,92.25,1.0224246671338473
02-13-2021,32098,479,29609,2489,1.49,92.25,1.0
02-14-2021,32098,479,29609,2489,1.49,92.25,1.0
02-15-2021,32098,479,29609,2489,1.49,92.25,1.0
02-16-2021,32098,479,29609,2489,1.49,92.25,1.0
02-17-2021,32098,479,29609,2489,1.49,92.25,1.0
02-18-2021,33749,523,31362,2387,1.55,92.93,1.0514362265561716
02-19-2021,33749,523,31362,2387,1.55,92.93,1.0
02-20-2021,33749,523,31362,2387,1.55,92.93,1.0
02-21-2021,33749,523,31362,2387,1.55,92.93,1.0
02-22-2021,33749,523,31362,2387,1.55,92.93,1.0
02-23-2021,33749,523,31362,2387,1.55,92.93,1.0
02-24-2021,33749,523,31362,2387,1.55,92.93,1.0
02-25-2021,35714,551,32594,3120,1.54,91.26,1.0582239473762185
02-26-2021,35714,551,32594,3120,1.54,91.26,1.0
02-27-2021,35714,551,32594,3120,1.54,91.26,1.0
02-28-2021,35714,551,32594,3120,1.54,91.26,1.0
03-01-2021,35714,551,32594,3120,1.54,91.26,1.0
03-02-2021,35714,551,32594,3120,1.54,91.26,1.0
03-03-2021,35714,551,32594,3120,1.54,91.26,1.0
03-04-2021,35714,551,32594,3120,1.54,91.26,1.0
03-05-2021,35714,551,32594,3120,1.54,91.26,1.0
03-06-2021,35714,551,32594,3120,1.54,91.26,1.0
03-07-2021,35714,551,32594,3120,1.54,91.26,1.0
03-08-2021,36794,566,32936,3858,1.54,89.51,1.0302402419219354
03-09-2021,36794,566,32936,3858,1.54,89.51,1.0
03-10-2021,36794,566,32936,3858,1.54,89.51,1.0
03-11-2021,40622,601,35261,5361,1.48,86.8,1.1040387019622764
03-12-2021,40622,601,35261,5361,1.48,86.8,1.0
03-13-2021,40622,601,35261,5361,1.48,86.8,1.0
03-14-2021,40622,601,35261,5361,1.48,86.8,1.0
03-15-2021,40622,601,35261,5361,1.48,86.8,1.0
03-16-2021,40622,601,35261,5361,1.48,86.8,1.0
03-17-2021,40622,601,35261,5361,1.48,86.8,1.0
03-18-2021,40622,601,35261,5361,1.48,86.8,1.0
03-19-2021,40622,601,35261,5361,1.48,86.8,1.0
03-20-2021,40622,601,35261,5361,1.48,86.8,1.0
03-21-2021,40622,601,35261,5361,1.48,86.8,1.0
03-22-2021,40622,601,35261,5361,1.48,86.8,1.0
03-23-2021,40622,601,35261,5361,1.48,86.8,1.0
03-24-2021,40622,601,35261,5361,1.48,86.8,1.0
03-25-2021,40622,601,35261,5361,1.48,86.8,1.0
03-26-2021,47669,721,35261,12408,1.51,73.97,1.1734774260253065
03-27-2021,47669,721,35261,12408,1.51,73.97,1.0
03-28-2021,47669,721,35261,12408,1.51,73.97,1.0
03-29-2021,47669,721,35261,12408,1.51,73.97,1.0
03-30-2021,47669,721,35261,12408,1.51,73.97,1.0
03-31-2021,47669,721,35261,12408,1.51,73.97,1.0
04-01-2021,57337,851,35261,22076,1.48,61.5,1.2028152468061004
04-02-2021,57337,851,35261,22076,1.48,61.5,1.0
04-03-2021,57337,851,35261,22076,1.48,61.5,1.0
04-04-2021,57337,851,35261,22076,1.48,61.5,1.0
04-05-2021,57337,851,35261,22076,1.48,61.5,1.0
04-06-2021,57337,851,35261,22076,1.48,61.5,1.0
04-07-2021,57337,851,35261,22076,1.48,61.5,1.0
04-08-2021,61731,919,35261,26470,1.49,57.12,1.0766346338315573
04-09-2021,61731,919,35261,26470,1.49,57.12,1.0
04-10-2021,61731,919,35261,26470,1.49,57.12,1.0
04-11-2021,61731,919,35261,26470,1.49,57.12,1.0
04-12-2021,61731,919,35261,26470,1.49,57.12,1.0
04-13-2021,61731,919,35261,26470,1.49,57.12,1.0
04-14-2021,61731,919,35261,26470,1.49,57.12,1.0
04-15-2021,61731,919,35261,26470,1.49,57.12,1.0
04-16-2021,61731,919,35261,26470,1.49,57.12,1.0
04-17-2021,64809,939,35261,29548,1.45,54.41,1.0498614958448753
04-18-2021,64809,939,35261,29548,1.45,54.41,1.0
04-19-2021,64809,939,35261,29548,1.45,54.41,1.0
04-20-2021,64809,939,35261,29548,1.45,54.41,1.0
04-21-2021,64809,939,35261,29548,1.45,54.41,1.0
04-22-2021,64809,939,35261,29548,1.45,54.41,1.0
04-23-2021,65998,991,35261,30737,1.5,53.43,1.0183462173463562
04-24-2021,65998,991,35261,30737,1.5,53.43,1.0
04-25-2021,65998,991,35261,30737,1.5,53.43,1.0
04-26-2021,65998,991,35261,30737,1.5,53.43,1.0
04-27-2021,65998,991,35261,30737,1.5,53.43,1.0
04-28-2021,65998,991,35261,30737,1.5,53.43,1.0
04-29-2021,72250,1107,35261,36989,1.53,48.8,1.0947301433376768
04-30-2021,72250,1107,35261,36989,1.53,48.8,1.0
05-01-2021,72250,1107,35261,36989,1.53,48.8,1.0
05-02-2021,72250,1107,35261,36989,1.53,48.8,1.0
05-03-2021,72250,1107,35261,36989,1.53,48.8,1.0
05-04-2021,72250,1107,35261,36989,1.53,48.8,1.0
05-05-2021,72250,1107,35261,36989,1.53,48.8,1.0
05-06-2021,74946,1152,35261,39685,1.54,47.05,1.0373148788927335
05-07-2021,74946,1152,35261,39685,1.54,47.05,1.0
05-08-2021,74946,1152,35261,39685,1.54,47.05,1.0
05-09-2021,74946,1152,35261,39685,1.54,47.05,1.0
05-10-2021,74946,1152,35261,39685,1.54,47.05,1.0
05-11-2021,74946,1152,35261,39685,1.54,47.05,1.0
05-12-2021,74946,1152,35261,39685,1.54,47.05,1.0
05-13-2021,74946,1152,35261,39685,1.54,47.05,1.0
05-14-2021,74946,1152,35261,39685,1.54,47.05,1.0
05-15-2021,74946,1152,35261,39685,1.54,47.05,1.0
05-16-2021,74946,1152,35261,39685,1.54,47.05,1.0
05-17-2021,74946,1152,35261,39685,1.54,47.05,1.0
05-18-2021,77429,1189,35261,42168,1.54,45.54,1.0331305206415287
05-19-2021,77429,1189,35261,42168,1.54,45.54,1.0
05-20-2021,77429,1189,35261,42168,1.54,45.54,1.0
05-21-2021,77733,1239,35261,42472,1.59,45.36,1.0039261775303827
05-22-2021,77733,1239,35261,42472,1.59,45.36,1.0
05-23-2021,77733,1239,35261,42472,1.59,45.36,1.0
05-24-2021,77733,1239,35261,42472,1.59,45.36,1.0
05-25-2021,77733,1239,35261,42472,1.59,45.36,1.0
05-26-2021,77982,1270,35261,42721,1.63,45.22,1.0032032727413067
05-27-2021,77982,1270,35261,42721,1.63,45.22,1.0
05-28-2021,77982,1270,35261,42721,1.63,45.22,1.0
05-29-2021,78929,1275,35261,43668,1.62,44.67,1.0121438280628863
05-30-2021,78929,1275,35261,43668,1.62,44.67,1.0
05-31-2021,78929,1275,35261,43668,1.62,44.67,1.0
06-01-2021,78929,1275,35261,43668,1.62,44.67,1.0
06-02-2021,78929,1275,35261,43668,1.62,44.67,1.0
06-03-2021,78929,1275,35261,43668,1.62,44.67,1.0
06-04-2021,78929,1275,35261,43668,1.62,44.67,1.0
06-05-2021,78929,1275,35261,43668,1.62,44.67,1.0
06-06-2021,78929,1275,35261,43668,1.62,44.67,1.0
06-07-2021,78929,1275,35261,43668,1.62,44.67,1.0
06-08-2021,79904,1302,35261,44643,1.63,44.13,1.0123528741020411
06-09-2021,79904,1302,35261,44643,1.63,44.13,1.0
06-10-2021,79904,1302,35261,44643,1.63,44.13,1.0
06-11-2021,80090,1310,35261,44829,1.64,44.03,1.0023277933520225
06-12-2021,80090,1310,35261,44829,1.64,44.03,1.0
06-13-2021,80090,1310,35261,44829,1.64,44.03,1.0
06-14-2021,80090,1310,35261,44829,1.64,44.03,1.0
06-15-2021,80090,1310,35261,44829,1.64,44.03,1.0
06-16-2021,80328,1313,35261,45067,1.63,43.9,1.0029716568860032
06-17-2021,80328,1313,35261,45067,1.63,43.9,1.0
06-18-2021,80328,1313,35261,45067,1.63,43.9,1.0
06-19-2021,80328,1313,35261,45067,1.63,43.9,1.0
06-20-2021,80328,1313,35261,45067,1.63,43.9,1.0
06-21-2021,80328,1313,35261,45067,1.63,43.9,1.0
06-22-2021,80487,1320,35261,45226,1.64,43.81,1.001979384523454
06-23-2021,80487,1320,35261,45226,1.64,43.81,1.0
06-24-2021,80487,1320,35261,45226,1.64,43.81,1.0
06-25-2021,80487,1320,35261,45226,1.64,43.81,1.0
06-26-2021,80487,1320,35261,45226,1.64,43.81,1.0
06-27-2021,80487,1320,35261,45226,1.64,43.81,1.0
06-28-2021,80487,1320,35261,45226,1.64,43.81,1.0
06-29-2021,80858,1324,35261,45597,1.64,43.61,1.0046094400337944
06-30-2021,80858,1324,35261,45597,1.64,43.61,1.0
07-01-2021,80858,1324,35261,45597,1.64,43.61,1.0
07-02-2021,80858,1324,35261,45597,1.64,43.61,1.0
07-03-2021,80858,1324,35261,45597,1.64,43.61,1.0
07-04-2021,80858,1324,35261,45597,1.64,43.61,1.0
07-05-2021,80858,1324,35261,45597,1.64,43.61,1.0
07-06-2021,80858,1324,35261,45597,1.64,43.61,1.0
07-07-2021,80858,1324,35261,45597,1.64,43.61,1.0
07-08-2021,80858,1324,35261,45597,1.64,43.61,1.0
07-09-2021,80858,1324,35261,45597,1.64,43.61,1.0
07-10-2021,80858,1324,35261,45597,1.64,43.61,1.0
07-11-2021,80858,1324,35261,45597,1.64,43.61,1.0
07-12-2021,80858,1324,35261,45597,1.64,43.61,1.0
07-13-2021,80858,1324,35261,45597,1.64,43.61,1.0
07-14-2021,80858,1324,35261,45597,1.64,43.61,1.0
07-15-2021,80858,1324,35261,45597,1.64,43.61,1.0
07-16-2021,81467,1330,35261,46206,1.63,43.28,1.0075317222785625
07-17-2021,81467,1330,35261,46206,1.63,43.28,1.0
07-18-2021,81467,1330,35261,46206,1.63,43.28,1.0
07-19-2021,81467,1330,35261,46206,1.63,43.28,1.0
07-20-2021,81467,1330,35261,46206,1.63,43.28,1.0
07-21-2021,81467,1330,35261,46206,1.63,43.28,1.0
07-22-2021,81871,1332,35261,46610,1.63,43.07,1.004959063178956
07-23-2021,82003,1334,35261,46742,1.63,43.0,1.001612292508947
07-24-2021,82003,1334,35261,46742,1.63,43.0,1.0
07-25-2021,82003,1334,35261,46742,1.63,43.0,1.0
07-26-2021,82064,1334,35261,46803,1.63,42.97,1.0007438752240772
07-27-2021,82064,1334,35261,46803,1.63,42.97,1.0
07-28-2021,82064,1334,35261,46803,1.63,42.97,1.0
07-29-2021,82064,1334,35261,46803,1.63,42.97,1.0
07-30-2021,82064,1334,35261,46803,1.63,42.97,1.0
07-31-2021,82064,1334,35261,46803,1.63,42.97,1.0
08-01-2021,82064,1334,35261,46803,1.63,42.97,1.0
08-02-2021,82064,1334,35261,46803,1.63,42.97,1.0
08-03-2021,82064,1334,35261,46803,1.63,42.97,1.0
08-04-2021,82064,1334,35261,46803,1.63,42.97,1.0
08-05-2021,82064,1334,0,82064,1.63,0,1.0
08-06-2021,82064,1334,0,82064,1.63,0,1.0
08-07-2021,82064,1334,0,82064,1.63,0,1.0
08-08-2021,82064,1334,0,82064,1.63,0,1.0
08-09-2021,82064,1334,0,82064,1.63,0,1.0
08-10-2021,82064,1334,0,82064,1.63,0,1.0
08-11-2021,82454,1338,0,82454,1.62,0,1.004752388379801
08-12-2021,82454,1338,0,82454,1.62,0,1.0
08-13-2021,82454,1338,0,82454,1.62,0,1.0
08-14-2021,82454,1338,0,82454,1.62,0,1.0
08-15-2021,82454,1338,0,82454,1.62,0,1.0
08-16-2021,82454,1338,0,82454,1.62,0,1.0
08-17-2021,82454,1338,0,82454,1.62,0,1.0
08-18-2021,82454,1338,0,82454,1.62,0,1.0
08-19-2021,82454,1338,0,82454,1.62,0,1.0
08-20-2021,82454,1338,0,82454,1.62,0,1.0
08-21-2021,82454,1338,0,82454,1.62,0,1.0
08-22-2021,82454,1338,0,82454,1.62,0,1.0
08-23-2021,82454,1338,0,82454,1.62,0,1.0
08-24-2021,82454,1338,0,82454,1.62,0,1.0
08-25-2021,82454,1338,0,82454,1.62,0,1.0
08-26-2021,83425,1350,0,83425,1.62,0,1.0117762631285323
08-27-2021,83425,1350,0,83425,1.62,0,1.0
08-28-2021,83425,1350,0,83425,1.62,0,1.0
08-29-2021,83425,1350,0,83425,1.62,0,1.0
08-30-2021,83425,1350,0,83425,1.62,0,1.0
08-31-2021,83425,1350,0,83425,1.62,0,1.0
09-01-2021,84210,1357,0,84210,1.61,0,1.0094096493856757
09-02-2021,84210,1357,0,84210,1.61,0,1.0
09-03-2021,84210,1357,0,84210,1.61,0,1.0
09-04-2021,84210,1357,0,84210,1.61,0,1.0
09-05-2021,84210,1357,0,84210,1.61,0,1.0
09-06-2021,84210,1357,0,84210,1.61,0,1.0
09-07-2021,84210,1357,0,84210,1.61,0,1.0
09-08-2021,84210,1357,0,84210,1.61,0,1.0
09-09-2021,84210,1357,0,84210,1.61,0,1.0
09-10-2021,84210,1357,0,84210,1.61,0,1.0
09-11-2021,84210,1357,0,84210,1.61,0,1.0
09-12-2021,84210,1357,0,84210,1.61,0,1.0
09-13-2021,84210,1357,0,84210,1.61,0,1.0
09-14-2021,84210,1357,0,84210,1.61,0,1.0
09-15-2021,85414,1368,0,85414,1.6,0,1.0142975893599335
09-16-2021,85414,1368,0,85414,1.6,0,1.0
09-17-2021,85414,1368,0,85414,1.6,0,1.0
09-18-2021,85414,1368,0,85414,1.6,0,1.0
09-19-2021,85414,1368,0,85414,1.6,0,1.0
09-20-2021,85414,1368,0,85414,1.6,0,1.0
09-21-2021,85414,1368,0,85414,1.6,0,1.0
09-22-2021,85414,1368,0,85414,1.6,0,1.0
09-23-2021,85414,1368,0,85414,1.6,0,1.0
09-24-2021,85414,1368,0,85414,1.6,0,1.0
09-25-2021,85414,1368,0,85414,1.6,0,1.0
09-26-2021,85414,1368,0,85414,1.6,0,1.0
09-27-2021,85414,1368,0,85414,1.6,0,1.0
09-28-2021,85414,1368,0,85414,1.6,0,1.0
09-29-2021,92303,1459,0,92303,1.58,0,1.0806542253026437
09-30-2021,92303,1459,0,92303,1.58,0,1.0
10-01-2021,92303,1459,0,92303,1.58,0,1.0
10-02-2021,92303,1459,0,92303,1.58,0,1.0
10-03-2021,92303,1459,0,92303,1.58,0,1.0
10-04-2021,92303,1459,0,92303,1.58,0,1.0
10-05-2021,92303,1459,0,92303,1.58,0,1.0
10-06-2021,95399,1517,0,95399,1.59,0,1.0335417050366726
10-07-2021,95399,1517,0,95399,1.59,0,1.0
10-08-2021,95399,1517,0,95399,1.59,0,1.0
10-09-2021,95399,1517,0,95399,1.59,0,1.0
10-10-2021,95399,1517,0,95399,1.59,0,1.0
10-11-2021,95399,1517,0,95399,1.59,0,1.0
10-12-2021,95399,1517,0,95399,1.59,0,1.0
10-13-2021,98402,1550,0,98402,1.58,0,1.0314783173827817
10-14-2021,98402,1550,0,98402,1.58,0,1.0
10-15-2021,98402,1550,0,98402,1.58,0,1.0
10-16-2021,98402,1550,0,98402,1.58,0,1.0
10-17-2021,98402,1550,0,98402,1.58,0,1.0
10-18-2021,98402,1550,0,98402,1.58,0,1.0
10-19-2021,100289,1600,0,100289,1.6,0,1.019176439503262
10-20-2021,100289,1600,0,100289,1.6,0,1.0
10-21-2021,100289,1600,0,100289,1.6,0,1.0
10-22-2021,100289,1600,0,100289,1.6,0,1.0
10-23-2021,100289,1600,0,100289,1.6,0,1.0
10-24-2021,100289,1600,0,100289,1.6,0,1.0
10-25-2021,100289,1600,0,100289,1.6,0,1.0
10-26-2021,100289,1600,0,100289,1.6,0,1.0
10-27-2021,102499,1686,0,102499,1.64,0,1.0220363150495069
10-28-2021,102499,1686,0,102499,1.64,0,1.0
10-29-2021,102499,1686,0,102499,1.64,0,1.0
10-30-2021,102499,1686,0,102499,1.64,0,1.0
10-31-2021,102499,1686,0,102499,1.64,0,1.0
11-01-2021,102499,1686,0,102499,1.64,0,1.0
11-02-2021,102499,1686,0,102499,1.64,0,1.0
11-03-2021,104348,1731,0,104348,1.66,0,1.0180392003824428
11-04-2021,104348,1731,0,104348,1.66,0,1.0
11-05-2021,104348,1731,0,104348,1.66,0,1.0
11-06-2021,104348,1731,0,104348,1.66,0,1.0
11-07-2021,104348,1731,0,104348,1.66,0,1.0
11-08-2021,104348,1731,0,104348,1.66,0,1.0
11-09-2021,104348,1731,0,104348,1.66,0,1.0
11-10-2021,105719,1758,0,105719,1.66,0,1.0131387281021198
11-11-2021,106190,1770,0,106190,1.67,0,1.0044552067272676
11-12-2021,106190,1770,0,106190,1.67,0,1.0
11-13-2021,106190,1770,0,106190,1.67,0,1.0
11-14-2021,106190,1770,0,106190,1.67,0,1.0
11-15-2021,106190,1770,0,106190,1.67,0,1.0
11-16-2021,106190,1770,0,106190,1.67,0,1.0
11-17-2021,106190,1770,0,106190,1.67,0,1.0
11-18-2021,106190,1770,0,106190,1.67,0,1.0
11-19-2021,106190,1770,0,106190,1.67,0,1.0
11-20-2021,106190,1770,0,106190,1.67,0,1.0
11-21-2021,106190,1770,0,106190,1.67,0,1.0
11-22-2021,106190,1770,0,106190,1.67,0,1.0
11-23-2021,106190,1770,0,106190,1.67,0,1.0
11-24-2021,106794,1791,0,106794,1.68,0,1.0056879178830398
11-25-2021,106794,1791,0,106794,1.68,0,1.0
11-26-2021,106794,1791,0,106794,1.68,0,1.0
11-27-2021,106794,1791,0,106794,1.68,0,1.0
11-28-2021,106794,1791,0,106794,1.68,0,1.0
11-29-2021,106794,1791,0,106794,1.68,0,1.0
11-30-2021,106794,1791,0,106794,1.68,0,1.0
12-01-2021,107148,1804,0,107148,1.68,0,1.003314792965897
12-02-2021,107148,1804,0,107148,1.68,0,1.0
12-03-2021,107148,1804,0,107148,1.68,0,1.0
12-04-2021,107148,1804,0,107148,1.68,0,1.0
12-05-2021,107148,1804,0,107148,1.68,0,1.0
12-06-2021,107148,1804,0,107148,1.68,0,1.0
12-07-2021,107148,1804,0,107148,1.68,0,1.0
12-08-2021,107549,1823,0,107549,1.7,0,1.0037424870272893
12-09-2021,107549,1823,0,107549,1.7,0,1.0
12-10-2021,107549,1823,0,107549,1.7,0,1.0
12-11-2021,107549,1823,0,107549,1.7,0,1.0
12-12-2021,107549,1823,0,107549,1.7,0,1.0
12-13-2021,107549,1823,0,107549,1.7,0,1.0
12-14-2021,107662,1836,0,107662,1.71,0,1.001050683874327
12-15-2021,107662,1836,0,107662,1.71,0,1.0
12-16-2021,107662,1836,0,107662,1.71,0,1.0
12-17-2021,107662,1836,0,107662,1.71,0,1.0
12-18-2021,107662,1836,0,107662,1.71,0,1.0
12-19-2021,107662,1836,0,107662,1.71,0,1.0
12-20-2021,108026,1841,0,108026,1.7,0,1.0033809514963496
12-21-2021,108026,1841,0,108026,1.7,0,1.0
12-22-2021,108410,1846,0,108410,1.7,0,1.003554699794494
12-23-2021,108451,1851,0,108451,1.71,0,1.0003781938935523
12-24-2021,108451,1851,0,108451,1.71,0,1.0
12-25-2021,108451,1851,0,108451,1.71,0,1.0
12-26-2021,108676,1851,0,108676,1.7,0,1.0020746696664853
12-27-2021,108676,1851,0,108676,1.7,0,1.0
12-28-2021,109367,1851,0,109367,1.69,0,1.0063583495896058
12-29-2021,109367,1851,0,109367,1.69,0,1.0
12-30-2021,109367,1851,0,109367,1.69,0,1.0
12-31-2021,109367,1851,0,109367,1.69,0,1.0
01-01-2022,109367,1851,0,109367,1.69,0,1.0
01-02-2022,109367,1851,0,109367,1.69,0,1.0
01-03-2022,109367,1851,0,109367,1.69,0,1.0
01-04-2022,109367,1851,0,109367,1.69,0,1.0
01-05-2022,109367,1851,0,109367,1.69,0,1.0
01-06-2022,109367,1851,0,109367,1.69,0,1.0
01-07-2022,109666,1853,0,109666,1.69,0,1.002733914252014
01-08-2022,109666,1853,0,109666,1.69,0,1.0
01-09-2022,109666,1853,0,109666,1.69,0,1.0
01-10-2022,109666,1853,0,109666,1.69,0,1.0
01-11-2022,109666,1853,0,109666,1.69,0,1.0
01-12-2022,109666,1853,0,109666,1.69,0,1.0
01-13-2022,109666,1853,0,109666,1.69,0,1.0
01-14-2022,109666,1853,0,109666,1.69,0,1.0
01-15-2022,109666,1853,0,109666,1.69,0,1.0
01-16-2022,109666,1853,0,109666,1.69,0,1.0
01-17-2022,109666,1853,0,109666,1.69,0,1.0
01-18-2022,109666,1853,0,109666,1.69,0,1.0
01-19-2022,109666,1853,0,109666,1.69,0,1.0
01-20-2022,109666,1853,0,109666,1.69,0,1.0
01-21-2022,114113,1867,0,114113,1.64,0,1.0405503984826656
01-22-2022,114113,1867,0,114113,1.64,0,1.0
01-23-2022,114113,1867,0,114113,1.64,0,1.0
01-24-2022,114113,1867,0,114113,1.64,0,1.0
01-25-2022,114113,1867,0,114113,1.64,0,1.0
01-26-2022,114113,1867,0,114113,1.64,0,1.0
01-27-2022,114113,1867,0,114113,1.64,0,1.0
01-28-2022,114113,1867,0,114113,1.64,0,1.0
01-29-2022,114113,1867,0,114113,1.64,0,1.0
01-30-2022,114113,1867,0,114113,1.64,0,1.0
01-31-2022,116718,1880,0,116718,1.61,0,1.0228282491915908
02-01-2022,116718,1880,0,116718,1.61,0,1.0
02-02-2022,116718,1880,0,116718,1.61,0,1.0
02-03-2022,116718,1880,0,116718,1.61,0,1.0
02-04-2022,116718,1880,0,116718,1.61,0,1.0
02-05-2022,116718,1880,0,116718,1.61,0,1.0
02-06-2022,116718,1880,0,116718,1.61,0,1.0
02-07-2022,117676,1907,0,117676,1.62,0,1.0082078171318904
02-08-2022,117676,1907,0,117676,1.62,0,1.0
02-09-2022,117676,1907,0,117676,1.62,0,1.0
02-10-2022,117676,1907,0,117676,1.62,0,1.0
02-11-2022,118675,1915,0,118675,1.61,0,1.0084894116047451
02-12-2022,118675,1915,0,118675,1.61,0,1.0
02-13-2022,118675,1915,0,118675,1.61,0,1.0
02-14-2022,118675,1915,0,118675,1.61,0,1.0
02-15-2022,118675,1915,0,118675,1.61,0,1.0
02-16-2022,118675,1915,0,118675,1.61,0,1.0
02-17-2022,119107,1920,0,119107,1.61,0,1.0036401938066146
02-18-2022,119107,1920,0,119107,1.61,0,1.0
02-19-2022,119107,1920,0,119107,1.61,0,1.0
02-20-2022,119107,1920,0,119107,1.61,0,1.0
02-21-2022,119107,1920,0,119107,1.61,0,1.0
02-22-2022,119107,1920,0,119107,1.61,0,1.0
02-23-2022,119107,1920,0,119107,1.61,0,1.0
02-24-2022,119240,1923,0,119240,1.61,0,1.0011166430184624
02-25-2022,119240,1923,0,119240,1.61,0,1.0
02-26-2022,119240,1923,0,119240,1.61,0,1.0
02-27-2022,119240,1923,0,119240,1.61,0,1.0
02-28-2022,119240,1923,0,119240,1.61,0,1.0
03-01-2022,119240,1923,0,119240,1.61,0,1.0
03-02-2022,119240,1923,0,119240,1.61,0,1.0
03-03-2022,119322,1926,0,119322,1.61,0,1.0006876886950689
03-04-2022,119322,1926,0,119322,1.61,0,1.0
03-05-2022,119322,1926,0,119322,1.61,0,1.0
03-06-2022,119322,1926,0,119322,1.61,0,1.0
03-07-2022,119322,1926,0,119322,1.61,0,1.0
03-08-2022,119322,1926,0,119322,1.61,0,1.0
03-09-2022,119322,1926,0,119322,1.61,0,1.0
03-10-2022,119322,1926,0,119322,1.61,0,1.0
03-11-2022,119322,1926,0,119322,1.61,0,1.0
03-12-2022,119322,1926,0,119322,1.61,0,1.0
03-13-2022,119322,1926,0,119322,1.61,0,1.0
03-14-2022,119322,1926,0,119322,1.61,0,1.0
03-15-2022,119322,1926,0,119322,1.61,0,1.0
03-16-2022,119414,1926,0,119414,1.61,0,1.0007710229463134
03-17-2022,119414,1926,0,119414,1.61,0,1.0
03-18-2022,119414,1926,0,119414,1.61,0,1.0
03-19-2022,119414,1926,0,119414,1.61,0,1.0
03-20-2022,119544,1927,0,119544,1.61,0,1.001088649572077
03-21-2022,119544,1927,0,119544,1.61,0,1.0
03-22-2022,119544,1927,0,119544,1.61,0,1.0
03-23-2022,119544,1927,0,119544,1.61,0,1.0
03-24-2022,119544,1927,0,119544,1.61,0,1.0
03-25-2022,119544,1927,0,119544,1.61,0,1.0
03-26-2022,119544,1927,0,119544,1.61,0,1.0
03-27-2022,119544,1927,0,119544,1.61,0,1.0
03-28-2022,119544,1927,0,119544,1.61,0,1.0
03-29-2022,119544,1927,0,119544,1.61,0,1.0
03-30-2022,119544,1927,0,119544,1.61,0,1.0
03-31-2022,119544,1927,0,119544,1.61,0,1.0
04-01-2022,119544,1927,0,119544,1.61,0,1.0
04-02-2022,119544,1927,0,119544,1.61,0,1.0
04-03-2022,119544,1927,0,119544,1.61,0,1.0
04-04-2022,119544,1927,0,119544,1.61,0,1.0
04-05-2022,119544,1927,0,119544,1.61,0,1.0
04-06-2022,119544,1927,0,119544,1.61,0,1.0
04-07-2022,119544,1927,0,119544,1.61,0,1.0
04-08-2022,119780,1927,0,119780,1.61,0,1.0019741685069932
04-09-2022,119780,1927,0,119780,1.61,0,1.0
04-10-2022,119780,1927,0,119780,1.61,0,1.0
04-11-2022,119780,1927,0,119780,1.61,0,1.0
04-12-2022,119780,1927,0,119780,1.61,0,1.0
04-13-2022,119780,1927,0,119780,1.61,0,1.0
04-14-2022,119780,1927,0,119780,1.61,0,1.0
04-15-2022,119780,1927,0,119780,1.61,0,1.0
04-16-2022,119780,1927,0,119780,1.61,0,1.0
04-17-2022,119780,1927,0,119780,1.61,0,1.0
04-18-2022,119780,1927,0,119780,1.61,0,1.0
04-19-2022,119780,1927,0,119780,1.61,0,1.0
04-20-2022,119780,1927,0,119780,1.61,0,1.0
04-21-2022,119780,1927,0,119780,1.61,0,1.0
04-22-2022,119780,1927,0,119780,1.61,0,1.0
04-23-2022,119780,1927,0,119780,1.61,0,1.0
04-24-2022,119780,1927,0,119780,1.61,0,1.0
04-25-2022,119780,1927,0,119780,1.61,0,1.0
04-26-2022,119780,1927,0,119780,1.61,0,1.0
04-27-2022,119780,1927,0,119780,1.61,0,1.0
04-28-2022,119780,1927,0,119780,1.61,0,1.0
04-29-2022,119780,1927,0,119780,1.61,0,1.0
04-30-2022,119780,1927,0,119780,1.61,0,1.0
05-01-2022,119780,1927,0,119780,1.61,0,1.0
05-02-2022,119780,1927,0,119780,1.61,0,1.0
05-03-2022,119780,1927,0,119780,1.61,0,1.0
05-04-2022,119780,1927,0,119780,1.61,0,1.0
05-05-2022,119780,1927,0,119780,1.61,0,1.0
05-06-2022,119780,1927,0,119780,1.61,0,1.0
05-07-2022,119780,1927,0,119780,1.61,0,1.0
05-08-2022,119780,1927,0,119780,1.61,0,1.0
05-09-2022,119780,1927,0,119780,1.61,0,1.0
05-10-2022,119780,1927,0,119780,1.61,0,1.0
05-11-2022,119780,1927,0,119780,1.61,0,1.0
05-12-2022,119780,1927,0,119780,1.61,0,1.0
05-13-2022,119780,1927,0,119780,1.61,0,1.0
05-14-2022,119780,1927,0,119780,1.61,0,1.0
05-15-2022,119780,1927,0,119780,1.61,0,1.0
05-16-2022,119780,1927,0,119780,1.61,0,1.0
05-17-2022,119780,1927,0,119780,1.61,0,1.0
05-18-2022,119780,1927,0,119780,1.61,0,1.0
05-19-2022,119780,1927,0,119780,1.61,0,1.0
05-20-2022,119780,1927,0,119780,1.61,0,1.0
05-21-2022,119780,1927,0,119780,1.61,0,1.0
05-22-2022,119947,1930,0,119947,1.61,0,1.0013942227416932
05-23-2022,119780,1927,0,119780,1.61,0,1.001392281591036
05-24-2022,119780,1927,0,119780,1.61,0,1.0
05-25-2022,119947,1930,0,119947,1.61,0,1.0013942227416932
05-26-2022,119947,1930,0,119947,1.61,0,1.0
05-27-2022,119947,1930,0,119947,1.61,0,1.0
05-28-2022,119947,1930,0,119947,1.61,0,1.0
05-29-2022,119947,1930,0,119947,1.61,0,1.0
05-30-2022,119947,1930,0,119947,1.61,0,1.0
05-31-2022,119947,1930,0,119947,1.61,0,1.0
06-01-2022,119947,1930,0,119947,1.61,0,1.0
06-02-2022,119947,1930,0,119947,1.61,0,1.0
06-03-2022,119947,1930,0,119947,1.61,0,1.0
06-04-2022,119947,1930,0,119947,1.61,0,1.0
06-05-2022,119947,1930,0,119947,1.61,0,1.0
06-06-2022,119947,1930,0,119947,1.61,0,1.0
06-07-2022,119947,1930,0,119947,1.61,0,1.0
06-08-2022,119947,1930,0,119947,1.61,0,1.0
06-09-2022,119947,1930,0,119947,1.61,0,1.0
06-10-2022,119947,1930,0,119947,1.61,0,1.0
06-11-2022,119947,1930,0,119947,1.61,0,1.0
06-12-2022,119947,1930,0,119947,1.61,0,1.0
06-13-2022,119947,1930,0,119947,1.61,0,1.0
06-14-2022,119947,1930,0,119947,1.61,0,1.0
06-15-2022,119947,1930,0,119947,1.61,0,1.0
06-16-2022,119947,1930,0,119947,1.61,0,1.0
06-17-2022,119947,1930,0,119947,1.61,0,1.0
06-18-2022,119947,1930,0,119947,1.61,0,1.0
06-19-2022,119947,1930,0,119947,1.61,0,1.0
06-20-2022,119947,1930,0,119947,1.61,0,1.0
06-21-2022,119947,1930,0,119947,1.61,0,1.0
06-22-2022,119947,1930,0,119947,1.61,0,1.0
06-23-2022,120002,1930,0,120002,1.61,0,1.0004585358533353
06-24-2022,120002,1930,0,120002,1.61,0,1.0
06-25-2022,120002,1930,0,120002,1.61,0,1.0
06-26-2022,120002,1930,0,120002,1.61,0,1.0
06-27-2022,120002,1930,0,120002,1.61,0,1.0
06-28-2022,120068,1931,0,120068,1.61,0,1.000549990833486
06-29-2022,120068,1931,0,120068,1.61,0,1.0
06-30-2022,120068,1931,0,120068,1.61,0,1.0
07-01-2022,120068,1931,0,120068,1.61,0,1.0
07-02-2022,120068,1931,0,120068,1.61,0,1.0
07-03-2022,120068,1931,0,120068,1.61,0,1.0
07-04-2022,120068,1931,0,120068,1.61,0,1.0
07-05-2022,120068,1931,0,120068,1.61,0,1.0
07-06-2022,120068,1931,0,120068,1.61,0,1.0
07-07-2022,120068,1931,0,120068,1.61,0,1.0
07-08-2022,120068,1931,0,120068,1.61,0,1.0
07-09-2022,120068,1931,0,120068,1.61,0,1.0
07-10-2022,120068,1931,0,120068,1.61,0,1.0
07-11-2022,120068,1931,0,120068,1.61,0,1.0
07-12-2022,120068,1931,0,120068,1.61,0,1.0
07-13-2022,120068,1931,0,120068,1.61,0,1.0
07-14-2022,120068,1931,0,120068,1.61,0,1.0
07-15-2022,120068,1931,0,120068,1.61,0,1.0
07-16-2022,120068,1931,0,120068,1.61,0,1.0
07-17-2022,120068,1931,0,120068,1.61,0,1.0
07-18-2022,120068,1931,0,120068,1.61,0,1.0
07-19-2022,120068,1931,0,120068,1.61,0,1.0
07-20-2022,120068,1931,0,120068,1.61,0,1.0
07-21-2022,120068,1931,0,120068,1.61,0,1.0
07-22-2022,120068,1931,0,120068,1.61,0,1.0
07-23-2022,120068,1931,0,120068,1.61,0,1.0
07-24-2022,120068,1931,0,120068,1.61,0,1.0
07-25-2022,120068,1931,0,120068,1.61,0,1.0
07-26-2022,120215,1931,0,120215,1.61,0,1.0012243062264716
07-27-2022,120215,1931,0,120215,1.61,0,1.0
07-28-2022,120215,1931,0,120215,1.61,0,1.0
07-29-2022,120215,1931,0,120215,1.61,0,1.0
07-30-2022,120215,1931,0,120215,1.61,0,1.0
07-31-2022,120215,1931,0,120215,1.61,0,1.0
08-01-2022,120215,1931,0,120215,1.61,0,1.0
08-02-2022,120215,1931,0,120215,1.61,0,1.0
08-03-2022,120215,1931,0,120215,1.61,0,1.0
08-04-2022,120215,1931,0,120215,1.61,0,1.0
08-05-2022,120215,1931,0,120215,1.61,0,1.0
08-06-2022,120215,1931,0,120215,1.61,0,1.0
08-07-2022,120215,1931,0,120215,1.61,0,1.0
08-08-2022,120215,1931,0,120215,1.61,0,1.0
08-09-2022,120215,1931,0,120215,1.61,0,1.0
08-10-2022,120215,1931,0,120215,1.61,0,1.0
08-11-2022,120215,1931,0,120215,1.61,0,1.0
08-12-2022,120967,1933,0,120967,1.6,0,1.0062554589693467
08-13-2022,120967,1933,0,120967,1.6,0,1.0
08-14-2022,120967,1933,0,120967,1.6,0,1.0
08-15-2022,120967,1933,0,120967,1.6,0,1.0
08-16-2022,120967,1933,0,120967,1.6,0,1.0
08-17-2022,120967,1933,0,120967,1.6,0,1.0
08-18-2022,120967,1933,0,120967,1.6,0,1.0
08-19-2022,120967,1933,0,120967,1.6,0,1.0
08-20-2022,120967,1933,0,120967,1.6,0,1.0
08-21-2022,120967,1933,0,120967,1.6,0,1.0
08-22-2022,120967,1933,0,120967,1.6,0,1.0
08-23-2022,120967,1933,0,120967,1.6,0,1.0
08-24-2022,120967,1933,0,120967,1.6,0,1.0
08-25-2022,120967,1933,0,120967,1.6,0,1.0
08-26-2022,121652,1935,0,121652,1.59,0,1.0056627013979018
08-27-2022,121652,1935,0,121652,1.59,0,1.0
08-28-2022,121652,1935,0,121652,1.59,0,1.0
08-29-2022,121652,1935,0,121652,1.59,0,1.0
08-30-2022,121652,1935,0,121652,1.59,0,1.0
08-31-2022,121652,1935,0,121652,1.59,0,1.0
09-01-2022,121652,1935,0,121652,1.59,0,1.0
09-02-2022,121652,1935,0,121652,1.59,0,1.0
09-03-2022,121652,1935,0,121652,1.59,0,1.0
09-04-2022,121652,1935,0,121652,1.59,0,1.0
09-05-2022,121652,1935,0,121652,1.59,0,1.0
09-06-2022,121652,1935,0,121652,1.59,0,1.0
09-07-2022,121652,1935,0,121652,1.59,0,1.0
09-08-2022,121652,1935,0,121652,1.59,0,1.0
09-09-2022,121652,1935,0,121652,1.59,0,1.0
09-10-2022,121652,1935,0,121652,1.59,0,1.0
09-11-2022,121652,1935,0,121652,1.59,0,1.0
09-12-2022,121652,1935,0,121652,1.59,0,1.0
09-13-2022,121652,1935,0,121652,1.59,0,1.0
09-14-2022,121652,1935,0,121652,1.59,0,1.0
09-15-2022,121652,1935,0,121652,1.59,0,1.0
09-16-2022,121652,1935,0,121652,1.59,0,1.0
09-17-2022,121652,1935,0,121652,1.59,0,1.0
09-18-2022,121652,1935,0,121652,1.59,0,1.0
09-19-2022,121652,1935,0,121652,1.59,0,1.0
09-20-2022,121652,1935,0,121652,1.59,0,1.0
09-21-2022,121652,1935,0,121652,1.59,0,1.0
09-22-2022,121652,1935,0,121652,1.59,0,1.0
09-23-2022,121652,1935,0,121652,1.59,0,1.0
09-24-2022,121652,1935,0,121652,1.59,0,1.0
09-25-2022,121652,1935,0,121652,1.59,0,1.0
09-26-2022,121652,1935,0,121652,1.59,0,1.0
09-27-2022,121652,1935,0,121652,1.59,0,1.0
09-28-2022,121652,1935,0,121652,1.59,0,1.0
09-29-2022,121652,1935,0,121652,1.59,0,1.0
09-30-2022,121652,1935,0,121652,1.59,0,1.0
10-01-2022,121652,1935,0,121652,1.59,0,1.0
10-02-2022,121652,1935,0,121652,1.59,0,1.0
10-03-2022,121652,1935,0,121652,1.59,0,1.0
10-04-2022,121652,1935,0,121652,1.59,0,1.0
10-05-2022,121652,1935,0,121652,1.59,0,1.0
10-06-2022,121652,1935,0,121652,1.59,0,1.0
10-07-2022,121652,1935,0,121652,1.59,0,1.0
10-08-2022,121652,1935,0,121652,1.59,0,1.0
10-09-2022,121652,1935,0,121652,1.59,0,1.0
10-10-2022,121652,1935,0,121652,1.59,0,1.0
10-11-2022,121652,1935,0,121652,1.59,0,1.0
10-12-2022,121652,1935,0,121652,1.59,0,1.0
10-13-2022,121652,1935,0,121652,1.59,0,1.0
10-14-2022,121652,1935,0,121652,1.59,0,1.0
10-15-2022,121652,1935,0,121652,1.59,0,1.0
10-16-2022,121652,1935,0,121652,1.59,0,1.0
10-17-2022,121652,1935,0,121652,1.59,0,1.0
10-18-2022,121652,1935,0,121652,1.59,0,1.0
10-19-2022,121652,1935,0,121652,1.59,0,1.0
10-20-2022,121652,1935,0,121652,1.59,0,1.0
10-21-2022,121652,1935,0,121652,1.59,0,1.0
10-22-2022,121652,1935,0,121652,1.59,0,1.0
10-23-2022,121652,1935,0,121652,1.59,0,1.0
10-24-2022,123629,1960,0,123629,1.59,0,1.016251274126196
10-25-2022,123629,1960,0,123629,1.59,0,1.0
10-26-2022,123629,1960,0,123629,1.59,0,1.0
10-27-2022,123629,1960,0,123629,1.59,0,1.0
10-28-2022,123629,1960,0,123629,1.59,0,1.0
10-29-2022,123629,1960,0,123629,1.59,0,1.0
10-30-2022,123629,1960,0,123629,1.59,0,1.0
10-31-2022,123629,1960,0,123629,1.59,0,1.0
11-01-2022,123629,1960,0,123629,1.59,0,1.0
11-02-2022,123629,1960,0,123629,1.59,0,1.0
11-03-2022,123629,1960,0,123629,1.59,0,1.0
11-04-2022,123629,1960,0,123629,1.59,0,1.0
11-05-2022,123629,1960,0,123629,1.59,0,1.0
11-06-2022,123629,1960,0,123629,1.59,0,1.0
11-07-2022,123993,1965,0,123993,1.58,0,1.0029442930056864
11-08-2022,123993,1965,0,123993,1.58,0,1.0
11-09-2022,123993,1965,0,123993,1.58,0,1.0
11-10-2022,123993,1965,0,123993,1.58,0,1.0
11-11-2022,123993,1965,0,123993,1.58,0,1.0
11-12-2022,123993,1965,0,123993,1.58,0,1.0
11-13-2022,123993,1965,0,123993,1.58,0,1.0
11-14-2022,123993,1965,0,123993,1.58,0,1.0
11-15-2022,123993,1965,0,123993,1.58,0,1.0
11-16-2022,123993,1965,0,123993,1.58,0,1.0
11-17-2022,123993,1965,0,123993,1.58,0,1.0
11-18-2022,123993,1965,0,123993,1.58,0,1.0
11-19-2022,123993,1965,0,123993,1.58,0,1.0
11-20-2022,123993,1965,0,123993,1.58,0,1.0
11-21-2022,123993,1965,0,123993,1.58,0,1.0
11-22-2022,123993,1965,0,123993,1.58,0,1.0
11-23-2022,123993,1965,0,123993,1.58,0,1.0
11-24-2022,123993,1965,0,123993,1.58,0,1.0
11-25-2022,123993,1965,0,123993,1.58,0,1.0
11-26-2022,123993,1965,0,123993,1.58,0,1.0
11-27-2022,123993,1965,0,123993,1.58,0,1.0
11-28-2022,123993,1965,0,123993,1.58,0,1.0
11-29-2022,123993,1965,0,123993,1.58,0,1.0
11-30-2022,123993,1965,0,123993,1.58,0,1.0
12-01-2022,123993,1965,0,123993,1.58,0,1.0
12-02-2022,123993,1965,0,123993,1.58,0,1.0
12-03-2022,123993,1965,0,123993,1.58,0,1.0
12-04-2022,123993,1965,0,123993,1.58,0,1.0
12-05-2022,123993,1965,0,123993,1.58,0,1.0
12-06-2022,123993,1965,0,123993,1.58,0,1.0
12-07-2022,123993,1965,0,123993,1.58,0,1.0
12-08-2022,123993,1965,0,123993,1.58,0,1.0
12-09-2022,123993,1965,0,123993,1.58,0,1.0
12-10-2022,123993,1965,0,123993,1.58,0,1.0
12-11-2022,123993,1965,0,123993,1.58,0,1.0
12-12-2022,123993,1965,0,123993,1.58,0,1.0
12-13-2022,123993,1965,0,123993,1.58,0,1.0
12-14-2022,123993,1965,0,123993,1.58,0,1.0
12-15-2022,123993,1965,0,123993,1.58,0,1.0
12-16-2022,123993,1965,0,123993,1.58,0,1.0
12-17-2022,123993,1965,0,123993,1.58,0,1.0
12-18-2022,123993,1965,0,123993,1.58,0,1.0
12-19-2022,123993,1965,0,123993,1.58,0,1.0
12-20-2022,123993,1965,0,123993,1.58,0,1.0
12-21-2022,123993,1965,0,123993,1.58,0,1.0
12-22-2022,123993,1965,0,123993,1.58,0,1.0
12-23-2022,123993,1965,0,123993,1.58,0,1.0
12-24-2022,123993,1965,0,123993,1.58,0,1.0
12-25-2022,123993,1965,0,123993,1.58,0,1.0
12-26-2022,123993,1965,0,123993,1.58,0,1.0
12-27-2022,123993,1965,0,123993,1.58,0,1.0
12-28-2022,123993,1965,0,123993,1.58,0,1.0
12-29-2022,123993,1965,0,123993,1.58,0,1.0
12-30-2022,123993,1965,0,123993,1.58,0,1.0
12-31-2022,123993,1965,0,123993,1.58,0,1.0
01-01-2023,123993,1965,0,123993,1.58,0,1.0
01-02-2023,123993,1965,0,123993,1.58,0,1.0
01-03-2023,123993,1965,0,123993,1.58,0,1.0
01-04-2023,123993,1965,0,123993,1.58,0,1.0
01-05-2023,123993,1965,0,123993,1.58,0,1.0
01-06-2023,123993,1965,0,123993,1.58,0,1.0
01-07-2023,123993,1965,0,123993,1.58,0,1.0
01-08-2023,123993,1965,0,123993,1.58,0,1.0
01-09-2023,123993,1965,0,123993,1.58,0,1.0
01-10-2023,123993,1965,0,123993,1.58,0,1.0
01-11-2023,123993,1965,0,123993,1.58,0,1.0
01-12-2023,123993,1965,0,123993,1.58,0,1.0
01-13-2023,123993,1965,0,123993,1.58,0,1.0
01-14-2023,123993,1965,0,123993,1.58,0,1.0
01-15-2023,123993,1965,0,123993,1.58,0,1.0
01-16-2023,123993,1965,0,123993,1.58,0,1.0
01-17-2023,123993,1965,0,123993,1.58,0,1.0
01-18-2023,123993,1965,0,123993,1.58,0,1.0
01-19-2023,123993,1965,0,123993,1.58,0,1.0
01-20-2023,123993,1965,0,123993,1.58,0,1.0
01-21-2023,123993,1965,0,123993,1.58,0,1.0
01-22-2023,123993,1965,0,123993,1.58,0,1.0
01-23-2023,123993,1965,0,123993,1.58,0,1.0
01-24-2023,123993,1965,0,123993,1.58,0,1.0
01-25-2023,123993,1965,0,123993,1.58,0,1.0
01-26-2023,123993,1965,0,123993,1.58,0,1.0
01-27-2023,123993,1965,0,123993,1.58,0,1.0
01-28-2023,123993,1965,0,123993,1.58,0,1.0
01-29-2023,123993,1965,0,123993,1.58,0,1.0
01-30-2023,123993,1965,0,123993,1.58,0,1.0
01-31-2023,123993,1965,0,123993,1.58,0,1.0
02-01-2023,123993,1965,0,123993,1.58,0,1.0
02-02-2023,123993,1965,0,123993,1.58,0,1.0
02-03-2023,123993,1965,0,123993,1.58,0,1.0
02-04-2023,123993,1965,0,123993,1.58,0,1.0
02-05-2023,123993,1965,0,123993,1.58,0,1.0
02-06-2023,123993,1965,0,123993,1.58,0,1.0
02-07-2023,123993,1965,0,123993,1.58,0,1.0
02-08-2023,123993,1965,0,123993,1.58,0,1.0
02-09-2023,123993,1965,0,123993,1.58,0,1.0
02-10-2023,123993,1965,0,123993,1.58,0,1.0
02-11-2023,123993,1965,0,123993,1.58,0,1.0
02-12-2023,123993,1965,0,123993,1.58,0,1.0
02-13-2023,123993,1965,0,123993,1.58,0,1.0
02-14-2023,123993,1965,0,123993,1.58,0,1.0
02-15-2023,123993,1965,0,123993,1.58,0,1.0
02-16-2023,123993,1965,0,123993,1.58,0,1.0
02-17-2023,123993,1965,0,123993,1.58,0,1.0
02-18-2023,123993,1965,0,123993,1.58,0,1.0
02-19-2023,123993,1965,0,123993,1.58,0,1.0
02-20-2023,124328,1965,0,124328,1.58,0,1.0027017654222417
02-21-2023,124328,1965,0,124328,1.58,0,1.0
02-22-2023,124328,1965,0,124328,1.58,0,1.0
02-23-2023,124328,1965,0,124328,1.58,0,1.0
02-24-2023,124328,1965,0,124328,1.58,0,1.0
02-25-2023,124328,1965,0,124328,1.58,0,1.0
02-26-2023,124328,1965,0,124328,1.58,0,1.0
02-27-2023,124392,1965,0,124392,1.58,0,1.0005147673894859
02-28-2023,124392,1965,0,124392,1.58,0,1.0
03-01-2023,124392,1965,0,124392,1.58,0,1.0
03-02-2023,124392,1965,0,124392,1.58,0,1.0
03-03-2023,124392,1965,0,124392,1.58,0,1.0
03-04-2023,124392,1965,0,124392,1.58,0,1.0
03-05-2023,124392,1965,0,124392,1.58,0,1.0
03-06-2023,124392,1965,0,124392,1.58,0,1.0
03-07-2023,124392,1965,0,124392,1.58,0,1.0
03-08-2023,124392,1965,0,124392,1.58,0,1.0
03-09-2023,124392,1965,0,124392,1.58,0,1.0
