date,total_confirmed,total_deaths,total_recovered,total_infected,mortality_rate,recovery_rate,daily_growth_rate
01-22-2020,4,0,2,2,0.0,50.0,1
01-23-2020,4,0,2,2,0.0,50.0,1.0
01-24-2020,5,0,3,2,0.0,60.0,1.25
01-25-2020,6,0,3,3,0.0,50.0,1.2
01-26-2020,8,0,6,2,0.0,75.0,1.3333333333333333
01-27-2020,8,0,6,2,0.0,75.0,1.0
01-28-2020,14,0,6,8,0.0,42.86,1.75
01-29-2020,14,0,6,8,0.0,42.86,1.0
01-30-2020,14,0,7,7,0.0,50.0,1.0
01-31-2020,19,0,8,11,0.0,42.11,1.3571428571428572
02-01-2020,19,0,8,11,0.0,42.11,1.0
02-02-2020,19,0,9,10,0.0,47.37,1.0
02-03-2020,19,0,9,10,0.0,47.37,1.0
02-04-2020,25,0,10,15,0.0,40.0,1.3157894736842106
02-05-2020,25,0,10,15,0.0,40.0,1.0
02-06-2020,25,0,10,15,0.0,40.0,1.0
02-07-2020,25,0,10,15,0.0,40.0,1.0
02-08-2020,32,0,10,22,0.0,31.25,1.28
02-09-2020,32,0,11,21,0.0,34.38,1.0
02-10-2020,32,0,11,21,0.0,34.38,1.0
02-11-2020,33,0,11,22,0.0,33.33,1.03125
02-12-2020,33,0,11,22,0.0,33.33,1.0
02-13-2020,33,0,11,22,0.0,33.33,1.0
02-14-2020,33,0,11,22,0.0,33.33,1.0
02-15-2020,34,0,13,21,0.0,38.24,1.0303030303030303
02-16-2020,34,0,15,19,0.0,44.12,1.0
02-17-2020,35,0,15,20,0.0,42.86,1.0294117647058822
02-18-2020,35,0,15,20,0.0,42.86,1.0
02-19-2020,35,0,15,20,0.0,42.86,1.0
02-20-2020,35,0,17,18,0.0,48.57,1.0
02-21-2020,35,0,19,16,0.0,54.29,1.0
02-22-2020,35,0,20,15,0.0,57.14,1.0
02-23-2020,35,0,21,14,0.0,60.0,1.0
02-24-2020,35,0,21,14,0.0,60.0,1.0
02-25-2020,37,0,22,15,0.0,59.46,1.0571428571428572
02-26-2020,40,0,24,16,0.0,60.0,1.0810810810810811
02-27-2020,40,0,24,16,0.0,60.0,1.0
02-28-2020,41,0,28,13,0.0,68.29,1.025
02-29-2020,42,0,28,14,0.0,66.67,1.024390243902439
03-01-2020,42,1,30,12,2.38,71.43,1.0
03-02-2020,43,1,31,12,2.33,72.09,1.0238095238095237
03-03-2020,43,1,31,12,2.33,72.09,1.0
03-04-2020,43,1,31,12,2.33,72.09,1.0
03-05-2020,47,1,31,16,2.13,65.96,1.0930232558139534
03-06-2020,48,1,31,17,2.08,64.58,1.0212765957446808
03-07-2020,50,1,31,19,2.0,62.0,1.0416666666666667
03-08-2020,50,1,33,17,2.0,66.0,1.0
03-09-2020,50,1,33,17,2.0,66.0,1.0
03-10-2020,53,1,33,20,1.89,62.26,1.06
03-11-2020,59,1,34,25,1.69,57.63,1.1132075471698113
03-12-2020,70,1,35,35,1.43,50.0,1.1864406779661016
03-13-2020,75,1,35,40,1.33,46.67,1.0714285714285714
03-14-2020,82,1,35,47,1.22,42.68,1.0933333333333333
03-15-2020,114,1,37,77,0.88,32.46,1.3902439024390243
03-16-2020,147,1,38,109,0.68,25.85,1.2894736842105263
03-17-2020,177,1,41,136,0.56,23.16,1.2040816326530612
03-18-2020,212,1,42,170,0.47,19.81,1.1977401129943503
03-19-2020,272,1,42,230,0.37,15.44,1.2830188679245282
03-20-2020,322,1,43,279,0.31,13.35,1.1838235294117647
03-21-2020,411,1,44,367,0.24,10.71,1.2763975155279503
03-22-2020,599,1,45,554,0.17,7.51,1.4574209245742091
03-23-2020,721,1,52,669,0.14,7.21,1.2036727879799667
03-24-2020,827,4,57,770,0.48,6.89,1.147018030513176
03-25-2020,934,4,70,864,0.43,7.49,1.1293833131801694
03-26-2020,1045,4,88,957,0.38,8.42,1.1188436830835118
03-27-2020,1136,5,97,1039,0.44,8.54,1.0870813397129186
03-28-2020,1245,6,100,1145,0.48,8.03,1.095950704225352
03-29-2020,1388,7,111,1277,0.5,8.0,1.114859437751004
03-30-2020,1524,9,127,1397,0.59,8.33,1.0979827089337175
03-31-2020,1651,10,342,1309,0.61,20.71,1.0833333333333333
04-01-2020,1771,12,416,1355,0.68,23.49,1.0726832222895215
04-02-2020,1875,15,505,1370,0.8,26.93,1.0587238848108413
04-03-2020,1978,19,581,1397,0.96,29.37,1.0549333333333333
04-04-2020,2067,20,612,1455,0.97,29.61,1.044994944388271
04-05-2020,2169,23,674,1495,1.06,31.07,1.0493468795355587
04-06-2020,2220,26,793,1427,1.17,35.72,1.0235131396957122
04-07-2020,2258,27,824,1434,1.2,36.49,1.0171171171171172
04-08-2020,2369,30,888,1481,1.27,37.48,1.0491585473870682
04-09-2020,2423,32,940,1483,1.32,38.79,1.022794428028704
04-10-2020,2473,33,1013,1460,1.33,40.96,1.020635575732563
04-11-2020,2518,35,1135,1383,1.39,45.08,1.0181965224423777
04-12-2020,2551,38,1218,1333,1.49,47.75,1.0131056393963462
04-13-2020,2579,40,1288,1291,1.55,49.94,1.0109760878087024
04-14-2020,2613,41,1405,1208,1.57,53.77,1.0131834044203178
04-15-2020,2643,43,1497,1146,1.63,56.64,1.0114810562571757
04-16-2020,2672,46,1593,1079,1.72,59.62,1.0109723798713584
04-17-2020,2700,47,1689,1011,1.74,62.56,1.0104790419161676
04-18-2020,2733,47,1787,946,1.72,65.39,1.0122222222222221
04-19-2020,2765,47,1928,837,1.7,69.73,1.0117087449688986
04-20-2020,2792,47,1999,793,1.68,71.6,1.009764918625678
04-21-2020,2811,48,2108,703,1.71,74.99,1.0068051575931232
04-22-2020,2826,49,2352,474,1.73,83.23,1.0053361792956244
04-23-2020,2839,50,2430,409,1.76,85.59,1.0046001415428167
04-24-2020,2854,50,2490,364,1.75,87.25,1.005283550545967
04-25-2020,2907,51,2547,360,1.75,87.62,1.0185704274702172
04-26-2020,2922,51,2594,328,1.75,88.77,1.0051599587203301
04-27-2020,2931,52,2609,322,1.77,89.01,1.0030800821355237
04-28-2020,2938,54,2652,286,1.84,90.27,1.002388263391334
04-29-2020,2947,54,2665,282,1.83,90.43,1.003063308373043
04-30-2020,2954,54,2687,267,1.83,90.96,1.002375296912114
05-01-2020,2960,54,2719,241,1.82,91.86,1.002031144211239
05-02-2020,2966,54,2732,234,1.82,92.11,1.002027027027027
05-03-2020,2969,54,2739,230,1.82,92.25,1.0010114632501685
05-04-2020,2987,54,2740,247,1.81,91.73,1.0060626473560121
05-05-2020,2988,54,2747,241,1.81,91.93,1.0003347840642784
05-06-2020,2989,55,2761,228,1.84,92.37,1.000334672021419
05-07-2020,2992,55,2772,220,1.84,92.65,1.0010036801605888
05-08-2020,3000,55,2784,216,1.83,92.8,1.0026737967914439
05-09-2020,3004,56,2787,217,1.86,92.78,1.0013333333333334
05-10-2020,3009,56,2794,215,1.86,92.85,1.001664447403462
05-11-2020,3015,56,2796,219,1.86,92.74,1.0019940179461615
05-12-2020,3017,56,2798,219,1.86,92.74,1.0006633499170812
05-13-2020,3017,56,2844,173,1.86,94.27,1.0
05-14-2020,3018,56,2850,168,1.86,94.43,1.0003314550878355
05-15-2020,3025,56,2854,171,1.85,94.35,1.0023194168323393
05-16-2020,3025,56,2855,170,1.85,94.38,1.0
05-17-2020,3028,56,2856,172,1.85,94.32,1.00099173553719
05-18-2020,3031,56,2857,174,1.85,94.26,1.0009907529722588
05-19-2020,3033,56,2857,176,1.85,94.2,1.000659848234906
05-20-2020,3034,56,2888,146,1.85,95.19,1.0003297065611605
05-21-2020,3037,56,2897,140,1.84,95.39,1.0009887936717206
05-22-2020,3037,56,2910,127,1.84,95.82,1.0
05-23-2020,3040,56,2916,124,1.84,95.92,1.0009878169245967
05-24-2020,3040,56,2921,119,1.84,96.09,1.0
05-25-2020,3042,57,2928,114,1.87,96.25,1.000657894736842
05-26-2020,3045,57,2929,116,1.87,96.19,1.0009861932938855
05-27-2020,3054,57,2931,123,1.87,95.97,1.0029556650246305
05-28-2020,3065,57,2945,120,1.86,96.08,1.0036018336607728
05-29-2020,3076,57,2945,131,1.85,95.74,1.003588907014682
05-30-2020,3077,57,2961,116,1.85,96.23,1.0003250975292588
05-31-2020,3081,57,2963,118,1.85,96.17,1.0012999675008125
06-01-2020,3082,57,2965,117,1.85,96.2,1.000324569944823
06-02-2020,3083,58,2966,117,1.88,96.2,1.000324464633355
06-03-2020,3084,58,2968,116,1.88,96.24,1.0003243593902043
06-04-2020,3101,58,2968,133,1.87,95.71,1.0055123216601816
06-05-2020,3102,58,2971,131,1.87,95.78,1.000322476620445
06-06-2020,3104,58,2971,133,1.87,95.72,1.0006447453255964
06-07-2020,3112,58,2972,140,1.86,95.5,1.0025773195876289
06-08-2020,3119,58,2973,146,1.86,95.32,1.0022493573264781
06-09-2020,3121,58,2973,148,1.86,95.26,1.0006412311638346
06-10-2020,3125,58,2981,144,1.86,95.39,1.0012816404998397
06-11-2020,3125,58,2987,138,1.86,95.58,1.0
06-12-2020,3129,58,2987,142,1.85,95.46,1.00128
06-13-2020,3134,58,2987,147,1.85,95.31,1.0015979546180889
06-14-2020,3135,58,2987,148,1.85,95.28,1.0003190810465858
06-15-2020,3135,58,2987,148,1.85,95.28,1.0
06-16-2020,3135,58,2993,142,1.85,95.47,1.0
06-17-2020,3135,58,2996,139,1.85,95.57,1.0
06-18-2020,3141,58,2997,144,1.85,95.42,1.001913875598086
06-19-2020,3146,58,3008,138,1.84,95.61,1.0015918497293856
06-20-2020,3147,58,3018,129,1.84,95.9,1.0003178639542276
06-21-2020,3148,58,3018,130,1.84,95.87,1.0003177629488402
06-22-2020,3151,58,3022,129,1.84,95.91,1.0009529860228716
06-23-2020,3156,58,3023,133,1.84,95.79,1.001586797841955
06-24-2020,3157,58,3026,131,1.84,95.85,1.000316856780735
06-25-2020,3158,58,3038,120,1.84,96.2,1.0003167564143174
06-26-2020,3162,58,3040,122,1.83,96.14,1.001266624445852
06-27-2020,3162,58,3053,109,1.83,96.55,1.0
06-28-2020,3162,58,3053,109,1.83,96.55,1.0
06-29-2020,3169,58,3053,116,1.83,96.34,1.002213788741303
06-30-2020,3171,58,3056,115,1.83,96.37,1.0006311139160617
07-01-2020,3173,58,3059,114,1.83,96.41,1.0006307158625039
07-02-2020,3179,58,3059,120,1.82,96.23,1.0018909549322408
07-03-2020,3180,58,3066,114,1.82,96.42,1.0003145643284053
07-04-2020,3185,58,3066,119,1.82,96.26,1.001572327044025
07-05-2020,3190,58,3071,119,1.82,96.27,1.0015698587127158
07-06-2020,3195,58,3072,123,1.82,96.15,1.0015673981191222
07-07-2020,3195,58,3072,123,1.82,96.15,1.0
07-08-2020,3197,58,3074,123,1.81,96.15,1.000625978090767
07-09-2020,3202,58,3085,117,1.81,96.35,1.0015639662183298
07-10-2020,3202,58,3087,115,1.81,96.41,1.0
07-11-2020,3216,58,3088,128,1.8,96.02,1.004372267332917
07-12-2020,3217,58,3088,129,1.8,95.99,1.0003109452736318
07-13-2020,3220,58,3090,130,1.8,95.96,1.000932545850171
07-14-2020,3227,58,3091,136,1.8,95.79,1.0021739130434784
07-15-2020,3232,58,3092,140,1.79,95.67,1.0015494267121166
07-16-2020,3236,58,3095,141,1.79,95.64,1.0012376237623761
07-17-2020,3239,58,3096,143,1.79,95.59,1.0009270704573547
07-18-2020,3246,58,3096,150,1.79,95.38,1.0021611608521148
07-19-2020,3249,58,3096,153,1.79,95.29,1.0009242144177448
07-20-2020,3250,58,3096,154,1.78,95.26,1.0003077870113881
07-21-2020,3255,58,3105,150,1.78,95.39,1.0015384615384615
07-22-2020,3261,58,3105,156,1.78,95.22,1.0018433179723503
07-23-2020,3269,58,3105,164,1.77,94.98,1.0024532352039253
07-24-2020,3279,58,3107,172,1.77,94.75,1.003059039461609
07-25-2020,3282,58,3109,173,1.77,94.73,1.000914913083257
07-26-2020,3291,58,3109,182,1.76,94.47,1.0027422303473492
07-27-2020,3295,58,3111,184,1.76,94.42,1.0012154360376786
07-28-2020,3297,58,3111,186,1.76,94.36,1.0006069802731412
07-29-2020,3298,58,3111,187,1.76,94.33,1.0003033060357902
07-30-2020,3304,58,3111,193,1.76,94.16,1.0018192844147968
07-31-2020,3310,58,3125,185,1.75,94.41,1.00181598062954
08-01-2020,3312,58,3135,177,1.75,94.66,1.0006042296072508
08-02-2020,3317,58,3142,175,1.75,94.72,1.0015096618357489
08-03-2020,3320,58,3142,178,1.75,94.64,1.0009044317154054
08-04-2020,3321,58,3142,179,1.75,94.61,1.0003012048192772
08-05-2020,3328,58,3144,184,1.74,94.47,1.0021077988557663
08-06-2020,3330,58,3148,182,1.74,94.53,1.0006009615384615
08-07-2020,3345,58,3148,197,1.73,94.11,1.0045045045045045
08-08-2020,3348,58,3150,198,1.73,94.09,1.0008968609865472
08-09-2020,3351,58,3151,200,1.73,94.03,1.0008960573476702
08-10-2020,3351,58,3160,191,1.73,94.3,1.0
08-11-2020,3351,58,3163,188,1.73,94.39,1.0
08-12-2020,3356,58,3169,187,1.73,94.43,1.0014920919128618
08-13-2020,3359,58,3169,190,1.73,94.34,1.0008939213349226
08-14-2020,3376,58,3173,203,1.72,93.99,1.0050610300684728
08-15-2020,3376,58,3193,183,1.72,94.58,1.0
08-16-2020,3377,58,3194,183,1.72,94.58,1.0002962085308056
08-17-2020,3378,58,3194,184,1.72,94.55,1.0002961208172934
08-18-2020,3381,58,3198,183,1.72,94.59,1.0008880994671403
08-19-2020,3382,58,3199,183,1.71,94.59,1.0002957704821058
08-20-2020,3389,58,3218,171,1.71,94.95,1.0020697811945594
08-21-2020,3390,58,3219,171,1.71,94.96,1.0002950722927118
08-22-2020,3390,58,3220,170,1.71,94.99,1.0
08-23-2020,3395,58,3221,174,1.71,94.87,1.0014749262536873
08-24-2020,3397,58,3222,175,1.71,94.85,1.0005891016200295
08-25-2020,3402,58,3229,173,1.7,94.91,1.0014718869590815
08-26-2020,3403,58,3237,166,1.7,95.12,1.0002939447383892
08-27-2020,3404,58,3237,167,1.7,95.09,1.0002938583602703
08-28-2020,3410,58,3237,173,1.7,94.93,1.001762632197415
08-29-2020,3411,58,3242,169,1.7,95.05,1.0002932551319648
08-30-2020,3411,58,3252,159,1.7,95.34,1.0
08-31-2020,3412,58,3252,160,1.7,95.31,1.0002931691586046
09-01-2020,3417,58,3274,143,1.7,95.82,1.0014654161781946
09-02-2020,3425,58,3274,151,1.69,95.59,1.0023412350014633
09-03-2020,3427,58,3277,150,1.69,95.62,1.0005839416058395
09-04-2020,3431,58,3277,154,1.69,95.51,1.0011672016340822
09-05-2020,3438,58,3279,159,1.69,95.38,1.002040221509764
09-06-2020,3444,58,3281,163,1.68,95.27,1.0017452006980803
09-07-2020,3445,58,3281,164,1.68,95.24,1.0002903600464577
09-08-2020,3446,58,3284,162,1.68,95.3,1.0002902757619738
09-09-2020,3447,58,3286,161,1.68,95.33,1.0002901915264075
09-10-2020,3454,58,3310,144,1.68,95.83,1.0020307513780098
09-11-2020,3461,58,3312,149,1.68,95.69,1.0020266357845975
09-12-2020,3466,58,3312,154,1.67,95.56,1.00144466917076
09-13-2020,3473,58,3312,161,1.67,95.36,1.0020196191575304
09-14-2020,3475,58,3312,163,1.67,95.31,1.0005758710048949
09-15-2020,3480,58,3315,165,1.67,95.26,1.0014388489208632
09-16-2020,3490,58,3316,174,1.66,95.01,1.0028735632183907
09-17-2020,3490,58,3325,165,1.66,95.27,1.0
09-18-2020,3497,58,3328,169,1.66,95.17,1.0020057306590258
09-19-2020,3500,59,3338,162,1.69,95.37,1.0008578781812982
09-20-2020,3506,59,3342,164,1.68,95.32,1.0017142857142858
09-21-2020,3511,59,3343,168,1.68,95.22,1.0014261266400457
09-22-2020,3514,59,3345,169,1.68,95.19,1.0008544574195386
09-23-2020,3516,59,3353,163,1.68,95.36,1.0005691519635742
09-24-2020,3519,59,3360,159,1.68,95.48,1.0008532423208192
09-25-2020,3522,59,3362,160,1.68,95.46,1.000852514919011
09-26-2020,3523,59,3367,156,1.67,95.57,1.0002839295854629
09-27-2020,3545,59,3369,176,1.66,95.04,1.0062446778313936
09-28-2020,3559,59,3370,189,1.66,94.69,1.0039492242595205
09-29-2020,3564,59,3374,190,1.66,94.67,1.001404889013768
09-30-2020,3569,59,3379,190,1.65,94.68,1.0014029180695847
10-01-2020,3575,59,3384,191,1.65,94.66,1.0016811431773607
10-02-2020,3583,59,3386,197,1.65,94.5,1.0022377622377623
10-03-2020,3585,59,3388,197,1.65,94.5,1.0005581914596706
10-04-2020,3590,59,3390,200,1.64,94.43,1.00139470013947
10-05-2020,3600,59,3390,210,1.64,94.17,1.0027855153203342
10-06-2020,3615,59,3391,224,1.63,93.8,1.0041666666666667
10-07-2020,3622,59,3439,183,1.63,94.95,1.0019363762102351
10-08-2020,3628,59,3441,187,1.63,94.85,1.0016565433462175
10-09-2020,3634,59,3445,189,1.62,94.8,1.0016538037486218
10-10-2020,3636,59,3445,191,1.62,94.75,1.000550357732526
10-11-2020,3641,59,3454,187,1.62,94.86,1.0013751375137514
10-12-2020,3643,59,3457,186,1.62,94.89,1.0005492996429552
10-13-2020,3652,59,3457,195,1.62,94.66,1.0024704913532803
10-14-2020,3665,59,3463,202,1.61,94.49,1.0035596933187294
10-15-2020,3675,59,3474,201,1.61,94.53,1.0027285129604366
10-16-2020,3686,59,3481,205,1.6,94.44,1.0029931972789117
10-17-2020,3679,59,3478,201,1.6,94.54,1.0018990775908845
10-18-2020,3691,59,3488,203,1.6,94.5,1.0032617559119326
10-19-2020,3700,59,3491,209,1.59,94.35,1.0024383635871037
10-20-2020,3709,59,3495,214,1.59,94.23,1.0024324324324325
10-21-2020,3719,59,3514,205,1.59,94.49,1.002696144513346
10-22-2020,3727,59,3518,209,1.58,94.39,1.0021511158913687
10-23-2020,3731,59,3529,202,1.58,94.59,1.001073249262141
10-24-2020,3736,59,3530,206,1.58,94.49,1.0013401232913428
10-25-2020,3743,59,3543,200,1.58,94.66,1.0018736616702355
10-26-2020,3746,59,3551,195,1.58,94.79,1.000801496126102
10-27-2020,3759,59,3561,198,1.57,94.73,1.0034703683929524
10-28-2020,3763,59,3570,193,1.57,94.87,1.0010641127959563
10-29-2020,3775,59,3585,190,1.56,94.97,1.003188944990699
10-30-2020,3780,59,3590,190,1.56,94.97,1.0013245033112583
10-31-2020,3784,59,3592,192,1.56,94.93,1.001058201058201
11-01-2020,3787,59,3595,192,1.56,94.93,1.0007928118393234
11-02-2020,3797,59,3605,192,1.55,94.94,1.0026406126221283
11-03-2020,3804,59,3612,192,1.55,94.95,1.0018435607058205
11-04-2020,3810,59,3623,187,1.55,95.09,1.001577287066246
11-05-2020,3818,60,3639,179,1.57,95.31,1.0020997375328085
11-06-2020,3830,60,3644,186,1.57,95.14,1.0031430068098481
11-07-2020,3837,60,3654,183,1.56,95.23,1.001827676240209
11-08-2020,3840,60,3661,179,1.56,95.34,1.0007818608287724
11-09-2020,3844,60,3670,174,1.56,95.47,1.0010416666666666
11-10-2020,3847,60,3685,162,1.56,95.79,1.000780437044745
11-11-2020,3852,60,3693,159,1.56,95.87,1.001299714062906
11-12-2020,3861,60,3697,164,1.55,95.75,1.0023364485981308
11-13-2020,3866,60,3707,159,1.55,95.89,1.0012950012950013
11-14-2020,3874,60,3715,159,1.55,95.9,1.0020693222969477
11-15-2020,3875,60,3721,154,1.55,96.03,1.0002581311306145
11-16-2020,3878,60,3724,154,1.55,96.03,1.0007741935483871
11-17-2020,3880,60,3729,151,1.55,96.11,1.000515729757607
11-18-2020,3888,60,3742,146,1.54,96.24,1.002061855670103
11-19-2020,3892,60,3745,147,1.54,96.22,1.0010288065843622
11-20-2020,3899,60,3750,149,1.54,96.18,1.0017985611510791
11-21-2020,3922,60,3772,150,1.53,96.18,1.00589894844832
11-22-2020,3920,60,3766,154,1.53,96.07,1.0005099439061704
11-23-2020,3910,60,3755,155,1.53,96.04,1.0025510204081634
11-24-2020,3926,60,3780,146,1.53,96.28,1.0040920716112531
11-25-2020,3942,60,3788,154,1.52,96.09,1.0040753948038716
11-26-2020,3961,60,3790,171,1.51,95.68,1.0048198883815322
11-27-2020,3966,60,3798,168,1.51,95.76,1.0012623074981066
11-28-2020,3977,60,3800,177,1.51,95.55,1.002773575390822
11-29-2020,3998,60,3803,195,1.5,95.12,1.0052803620819712
11-30-2020,4008,60,3811,197,1.5,95.08,1.0025012506253126
12-01-2020,4026,60,3822,204,1.49,94.93,1.0044910179640718
12-02-2020,4039,60,3832,207,1.49,94.87,1.0032290114257327
12-03-2020,4053,60,3839,214,1.48,94.72,1.0034662045060658
12-04-2020,4072,60,3848,224,1.47,94.5,1.004687885516901
12-05-2020,4086,60,3853,233,1.47,94.3,1.0034381139489195
12-06-2020,4107,60,3868,239,1.46,94.18,1.0051395007342143
12-07-2020,4126,60,3874,252,1.45,93.89,1.0046262478694912
12-08-2020,4151,60,3880,271,1.45,93.47,1.0060591371788656
12-09-2020,4169,60,3888,281,1.44,93.26,1.0043363045049385
12-10-2020,4180,60,3903,277,1.44,93.37,1.0026385224274406
12-11-2020,4192,60,3915,277,1.43,93.39,1.0028708133971291
12-12-2020,4209,60,3923,286,1.43,93.21,1.0040553435114503
12-13-2020,4237,60,3940,297,1.42,92.99,1.0066524114991684
12-14-2020,4246,60,3949,297,1.41,93.01,1.002124144441822
12-15-2020,4261,60,3977,284,1.41,93.33,1.0035327366933584
12-16-2020,4281,60,3989,292,1.4,93.18,1.00469373386529
12-17-2020,4297,60,4005,292,1.4,93.2,1.003737444522308
12-18-2020,4331,60,4024,307,1.39,92.91,1.0079124970909936
12-19-2020,4907,60,4041,866,1.22,82.35,1.1329946894481644
12-20-2020,5289,60,4053,1236,1.13,76.63,1.0778479722844916
12-21-2020,5716,60,4078,1638,1.05,71.34,1.0807335980336548
12-22-2020,5762,60,4095,1667,1.04,71.07,1.0080475857242828
12-23-2020,5829,60,4116,1713,1.03,70.61,1.0116279069767442
12-24-2020,5910,60,4137,1773,1.02,70.0,1.0138960370560988
12-25-2020,6020,60,4152,1868,1.0,68.97,1.0186125211505923
12-26-2020,6141,60,4161,1980,0.98,67.76,1.0200996677740863
12-27-2020,6285,60,4180,2105,0.95,66.51,1.0234489496824621
12-28-2020,6440,61,4184,2256,0.95,64.97,1.0246618933969769
12-29-2020,6690,61,4212,2478,0.91,62.96,1.0388198757763976
12-30-2020,6884,61,4240,2644,0.89,61.59,1.028998505231689
12-31-2020,7163,63,4273,2890,0.88,59.65,1.0405287623474724
01-01-2021,7379,64,4299,3080,0.87,58.26,1.0301549630043279
01-02-2021,7694,64,4337,3357,0.83,56.37,1.0426887112074807
01-03-2021,8439,65,4352,4087,0.77,51.57,1.096828697686509
01-04-2021,8966,65,4397,4569,0.72,49.04,1.0624481573646167
01-05-2021,9331,66,4418,4913,0.71,47.35,1.040709346419808
01-06-2021,9636,67,4521,5115,0.7,46.92,1.03268674311435
01-07-2021,9841,67,5255,4586,0.68,53.4,1.021274387712744
01-08-2021,10053,67,5546,4507,0.67,55.17,1.02154252616604
01-09-2021,10298,67,6428,3870,0.65,62.42,1.0243708345767433
01-10-2021,10547,67,6566,3981,0.64,62.25,1.024179452320839
01-11-2021,10834,67,6732,4102,0.62,62.14,1.0272115293448374
01-12-2021,10991,67,6943,4048,0.61,63.17,1.0144914159128668
01-13-2021,10991,67,6943,4048,0.61,63.17,1.0
01-14-2021,11450,69,8288,3162,0.6,72.38,1.0417614411791465
01-15-2021,11680,70,8906,2774,0.6,76.25,1.0200873362445415
01-16-2021,12054,70,9015,3039,0.58,74.79,1.0320205479452054
01-17-2021,12423,70,9206,3217,0.56,74.1,1.030612244897959
01-18-2021,12594,70,9356,3238,0.56,74.29,1.0137647911132577
01-19-2021,12653,71,9621,3032,0.56,76.04,1.0046847705256472
01-20-2021,12795,71,9842,2953,0.55,76.92,1.0112226349482336
01-21-2021,12795,71,10224,2571,0.55,79.91,1.0
01-22-2021,13104,71,10224,2880,0.54,78.02,1.0241500586166472
01-23-2021,13302,72,10448,2854,0.54,78.54,1.01510989010989
01-24-2021,13500,73,10567,2933,0.54,78.27,1.0148849797023005
01-25-2021,14646,75,10892,3754,0.51,74.37,1.0848888888888888
01-26-2021,14646,75,10892,3754,0.51,74.37,1.0
01-27-2021,15465,76,11054,4411,0.49,71.48,1.0559197050389184
01-28-2021,16221,76,11287,4934,0.47,69.58,1.0488845780795344
01-29-2021,17953,77,11505,6448,0.43,64.08,1.106775167992109
01-30-2021,18782,77,11615,7167,0.41,61.84,1.0461761265526652
01-31-2021,19618,77,12514,7104,0.39,63.79,1.0445107017357045
02-01-2021,20454,79,13217,7237,0.39,64.62,1.0426139259863392
02-02-2021,21249,79,14001,7248,0.37,65.89,1.0388677031387503
02-03-2021,21249,79,14001,7248,0.37,65.89,1.0
02-04-2021,22058,79,14798,7260,0.36,67.09,1.0380723798767
02-05-2021,23134,79,16274,6860,0.34,70.35,1.048780487804878
02-06-2021,23371,79,16942,6429,0.34,72.49,1.0102446615371314
02-07-2021,23557,79,17410,6147,0.34,73.91,1.007958581147576
02-08-2021,23557,79,17410,6147,0.34,73.91,1.0
02-09-2021,23746,79,18366,5380,0.33,77.34,1.0080230929235472
02-10-2021,24104,80,19799,4305,0.33,82.14,1.015076223363935
02-11-2021,24279,80,20210,4069,0.33,83.24,1.007260205774975
02-12-2021,24279,80,20210,4069,0.33,83.24,1.0
02-13-2021,24405,80,21180,3225,0.33,86.79,1.005189670085259
02-14-2021,24571,80,22111,2460,0.33,89.99,1.0068018848596598
02-15-2021,24714,82,22883,1831,0.33,92.59,1.0058198689512026
02-16-2021,24786,82,23563,1223,0.33,95.07,1.0029133284777858
02-17-2021,24961,82,23946,1015,0.33,95.93,1.0070604373436618
02-18-2021,25111,83,24070,1041,0.33,95.85,1.006009374624414
02-19-2021,25241,83,24129,1112,0.33,95.59,1.0051770140575844
02-20-2021,25323,83,24129,1194,0.33,95.28,1.0032486826987836
02-21-2021,25504,83,24361,1143,0.33,95.52,1.0071476523318723
02-22-2021,25504,83,24361,1143,0.33,95.52,1.0
02-23-2021,25692,83,24542,1150,0.32,95.52,1.0073713927227101
02-24-2021,25692,83,24542,1150,0.32,95.52,1.0
02-25-2021,25764,83,24734,1030,0.32,96.0,1.002802428771602
02-26-2021,25809,83,24952,857,0.32,96.68,1.001746623195156
02-27-2021,25951,83,25128,823,0.32,96.83,1.0055019566817778
02-28-2021,26031,83,25324,707,0.32,97.28,1.003082732842665
03-01-2021,26031,83,25324,707,0.32,97.28,1.0
03-02-2021,26073,84,25420,653,0.32,97.5,1.0016134608735738
03-03-2021,26108,85,25562,546,0.33,97.91,1.0013423848425573
03-04-2021,26162,85,25562,600,0.32,97.71,1.0020683315458863
03-05-2021,26241,85,25641,600,0.32,97.71,1.0030196468159926
03-06-2021,26305,85,25686,619,0.32,97.65,1.0024389314431614
03-07-2021,26441,85,25777,664,0.32,97.49,1.0051701197490972
03-08-2021,26441,85,25777,664,0.32,97.49,1.0
03-09-2021,26501,85,25851,650,0.32,97.55,1.0022692031315004
03-10-2021,26540,85,25946,594,0.32,97.76,1.0014716425795254
03-11-2021,26598,85,26000,598,0.32,97.75,1.0021853805576488
03-12-2021,26679,85,26056,623,0.32,97.66,1.0030453417550191
03-13-2021,26757,86,26086,671,0.32,97.49,1.0029236478128865
03-14-2021,26927,87,26154,773,0.32,97.13,1.006353477594648
03-15-2021,27005,87,26234,771,0.32,97.14,1.002896720763546
03-16-2021,27154,88,26299,855,0.32,96.85,1.0055174967598592
03-17-2021,27402,89,26339,1063,0.32,96.12,1.0091330927303528
03-18-2021,27494,89,26377,1117,0.32,95.94,1.0033574191664842
03-19-2021,27594,90,26450,1144,0.33,95.85,1.0036371571979341
03-20-2021,27713,90,26512,1201,0.32,95.67,1.004312531709792
03-21-2021,27803,90,26598,1205,0.32,95.67,1.0032475733410313
03-22-2021,27876,91,26663,1213,0.33,95.65,1.0026256159407259
03-23-2021,28346,92,26873,1473,0.32,94.8,1.016860381690343
03-24-2021,28443,92,26873,1570,0.32,94.48,1.0034219995766598
03-25-2021,28443,92,26873,1570,0.32,94.48,1.0
03-26-2021,28577,92,26873,1704,0.32,94.04,1.0047111767394439
03-27-2021,28657,93,26873,1784,0.32,93.77,1.0027994541064493
03-28-2021,28734,94,26873,1861,0.33,93.52,1.0026869525770319
03-29-2021,28773,94,26873,1900,0.33,93.4,1.001357277093339
03-30-2021,28821,94,26873,1948,0.33,93.24,1.001668230632885
03-31-2021,28863,94,26873,1990,0.33,93.11,1.0014572707400853
04-01-2021,28889,94,26873,2016,0.33,93.02,1.0009008072618923
04-02-2021,28947,94,26873,2074,0.32,92.84,1.0020076845858286
04-03-2021,29031,95,26873,2158,0.33,92.57,1.0029018551145197
04-04-2021,29127,95,26873,2254,0.33,92.26,1.003306809961765
04-05-2021,29321,95,26873,2448,0.32,91.65,1.006660486833522
04-06-2021,29571,95,26873,2698,0.32,90.88,1.0085263121994474
04-07-2021,29905,95,26873,3032,0.32,89.86,1.011294849683812
04-08-2021,30310,95,26873,3437,0.31,88.66,1.0135428858050493
04-09-2021,30869,96,26873,3996,0.31,87.05,1.018442758165622
04-10-2021,31658,97,26873,4785,0.31,84.89,1.0255596229226733
04-11-2021,32625,97,26873,5752,0.3,82.37,1.0305452018447154
04-12-2021,33610,97,26873,6737,0.29,79.96,1.0301915708812261
04-13-2021,34575,97,26873,7702,0.28,77.72,1.0287116929485272
04-14-2021,35910,97,26873,9037,0.27,74.83,1.0386117136659436
04-15-2021,37453,97,26873,10580,0.26,71.75,1.0429685324422167
04-16-2021,39038,97,26873,12165,0.25,68.84,1.0423197073665662
04-17-2021,40585,99,26873,13712,0.24,66.21,1.0396280547159178
04-18-2021,42352,101,26873,15479,0.24,63.45,1.0435382530491562
04-19-2021,43742,104,26873,16869,0.24,61.44,1.0328201737816396
04-20-2021,45185,108,26873,18312,0.24,59.47,1.0329888893969184
04-21-2021,46643,110,26873,19770,0.24,57.61,1.0322673453579727
04-22-2021,48113,117,26873,21240,0.24,55.85,1.031515983105718
04-23-2021,50183,121,26873,23310,0.24,53.55,1.0430237150042607
04-24-2021,53022,129,26873,26149,0.24,50.68,1.0565729430285156
04-25-2021,55460,140,26873,28587,0.25,48.45,1.045980913583041
