date,total_confirmed,total_deaths,total_recovered,total_infected,mortality_rate,recovery_rate,daily_growth_rate
03-20-2020,2,0,0,2,0,0,1
03-21-2020,2,0,0,2,0,0,1.0
03-22-2020,2,0,0,2,0,0,1.0
03-23-2020,2,0,0,2,0,0,1.0
03-24-2020,5,0,0,5,0,0,2.5
03-25-2020,7,0,0,7,0,0,1.4
03-26-2020,7,0,0,7,0,0,1.0
03-27-2020,8,0,0,8,0,0,1.1428571428571428
03-28-2020,8,0,0,8,0,0,1.0
03-29-2020,8,0,1,7,0,12.5,1.0
03-30-2020,15,0,1,14,0,6.67,1.875
03-31-2020,15,0,1,14,0,6.67,1.0
04-01-2020,15,0,1,14,0,6.67,1.0
04-02-2020,16,0,1,15,0,6.25,1.0666666666666667
04-03-2020,16,0,1,15,0,6.25,1.0
04-04-2020,18,0,1,17,0,5.56,1.125
04-05-2020,18,0,1,17,0,5.56,1.0
04-06-2020,21,0,0,21,0,0,1.1666666666666667
04-07-2020,24,1,0,24,4.17,0,1.1428571428571428
04-08-2020,25,1,0,25,4.0,0,1.0416666666666667
04-09-2020,27,1,0,27,3.7,0,1.08
04-10-2020,30,2,0,30,6.67,0,1.1111111111111112
04-11-2020,30,2,0,30,6.67,0,1.0
04-12-2020,31,2,0,31,6.45,0,1.0333333333333334
04-13-2020,31,2,0,31,6.45,0,1.0
04-14-2020,40,3,0,40,7.5,0,1.2903225806451613
04-15-2020,40,3,0,40,7.5,0,1.0
04-16-2020,41,3,0,41,7.32,0,1.025
04-17-2020,41,3,0,41,7.32,0,1.0
04-18-2020,43,3,0,43,6.98,0,1.048780487804878
04-19-2020,44,3,0,44,6.82,0,1.0232558139534884
04-20-2020,44,3,0,44,6.82,0,1.0
04-21-2020,47,3,0,47,6.38,0,1.0681818181818181
04-22-2020,57,3,2,55,5.26,3.51,1.2127659574468086
04-23-2020,58,4,2,56,6.9,3.45,1.0175438596491229
04-24-2020,62,4,6,56,6.45,9.68,1.0689655172413792
04-25-2020,72,5,6,66,6.94,8.33,1.1612903225806452
04-26-2020,72,6,7,65,8.33,9.72,1.0
04-27-2020,72,6,8,64,8.33,11.11,1.0
04-28-2020,74,6,8,66,8.11,10.81,1.0277777777777777
04-29-2020,76,6,8,68,7.89,10.53,1.027027027027027
04-30-2020,76,6,8,68,7.89,10.53,1.0
05-01-2020,76,7,10,66,9.21,13.16,1.0
05-02-2020,81,8,10,71,9.88,12.35,1.0657894736842106
05-03-2020,85,8,10,75,9.41,11.76,1.0493827160493827
05-04-2020,85,8,10,75,9.41,11.76,1.0
05-05-2020,88,9,10,78,10.23,11.36,1.035294117647059
05-06-2020,100,11,10,90,11.0,10.0,1.1363636363636362
05-07-2020,101,12,16,85,11.88,15.84,1.01
05-08-2020,108,12,17,91,11.11,15.74,1.0693069306930694
05-09-2020,129,12,17,112,9.3,13.18,1.1944444444444444
05-10-2020,146,12,17,129,8.22,11.64,1.1317829457364341
05-11-2020,151,12,17,134,7.95,11.26,1.0342465753424657
05-12-2020,182,15,17,165,8.24,9.34,1.205298013245033
05-13-2020,209,16,17,192,7.66,8.13,1.1483516483516483
05-14-2020,219,18,18,201,8.22,8.22,1.0478468899521531
05-15-2020,234,18,29,205,7.69,12.39,1.0684931506849316
05-16-2020,273,20,29,244,7.33,10.62,1.1666666666666667
05-17-2020,310,20,21,289,6.45,6.77,1.1355311355311355
05-18-2020,358,20,21,337,5.59,5.87,1.1548387096774193
05-19-2020,456,20,21,435,4.39,4.61,1.2737430167597765
05-20-2020,533,21,21,512,3.94,3.94,1.168859649122807
05-21-2020,596,22,21,575,3.69,3.52,1.1181988742964353
05-22-2020,663,22,22,641,3.32,3.32,1.1124161073825503
05-23-2020,734,25,22,712,3.41,3.0,1.1070889894419307
05-24-2020,812,25,22,790,3.08,2.71,1.106267029972752
05-25-2020,865,26,22,843,3.01,2.54,1.0652709359605912
05-26-2020,958,27,22,936,2.82,2.3,1.107514450867052
05-27-2020,1063,31,22,1041,2.92,2.07,1.1096033402922756
05-28-2020,1174,33,22,1152,2.81,1.87,1.1044214487300095
05-29-2020,1320,34,22,1298,2.58,1.67,1.1243611584327087
05-30-2020,1443,35,24,1419,2.43,1.66,1.0931818181818183
05-31-2020,1584,35,24,1560,2.21,1.52,1.0977130977130978
06-01-2020,1865,41,24,1841,2.2,1.29,1.1773989898989898
06-02-2020,2124,44,24,2100,2.07,1.13,1.1388739946380697
06-03-2020,2226,45,24,2202,2.02,1.08,1.0480225988700564
06-04-2020,2507,48,24,2483,1.91,0.96,1.1262353998203054
06-05-2020,2604,50,24,2580,1.92,0.92,1.0386916633426406
06-06-2020,2640,50,24,2616,1.89,0.91,1.0138248847926268
06-07-2020,2924,50,24,2900,1.71,0.82,1.1075757575757577
06-08-2020,3072,50,24,3048,1.63,0.78,1.0506155950752394
06-09-2020,3334,51,24,3310,1.53,0.72,1.0852864583333333
06-10-2020,3538,54,24,3514,1.53,0.68,1.0611877624475106
06-11-2020,3662,56,24,3638,1.53,0.66,1.035048049745619
06-12-2020,3796,58,24,3772,1.53,0.63,1.0365920262151829
06-13-2020,3941,64,24,3917,1.62,0.61,1.0381981032665963
06-14-2020,3941,64,24,3917,1.62,0.61,1.0
06-15-2020,4165,70,24,4141,1.68,0.58,1.0568383658969804
06-16-2020,4309,73,24,4285,1.69,0.56,1.0345738295318128
06-17-2020,4441,76,24,4417,1.71,0.54,1.030633557669993
06-18-2020,4547,80,24,4523,1.76,0.53,1.0238684980860167
06-19-2020,4688,82,24,4664,1.75,0.51,1.0310094567846932
06-20-2020,4916,84,24,4892,1.71,0.49,1.0486348122866893
06-21-2020,4980,87,24,4956,1.75,0.48,1.013018714401953
06-22-2020,5077,88,24,5053,1.73,0.47,1.0194779116465864
06-23-2020,5211,88,436,4775,1.69,8.37,1.026393539491826
06-24-2020,5216,88,512,4704,1.69,9.82,1.0009595087315295
06-25-2020,5324,89,512,4812,1.67,9.62,1.0207055214723926
06-26-2020,5429,92,641,4788,1.69,11.81,1.0197220135236664
06-27-2020,5543,96,706,4837,1.73,12.74,1.0209983422361393
06-28-2020,5722,98,706,5016,1.71,12.34,1.0322929821396356
06-29-2020,5722,98,839,4883,1.71,14.66,1.0
06-30-2020,5847,104,931,4916,1.78,15.92,1.0218455085634393
07-01-2020,5933,105,1032,4901,1.77,17.39,1.0147083974687874
07-02-2020,5975,105,1141,4834,1.76,19.1,1.007079049384797
07-03-2020,6040,107,1286,4754,1.77,21.29,1.0108786610878662
07-04-2020,6101,110,1408,4693,1.8,23.08,1.0100993377483443
07-05-2020,6230,110,1549,4681,1.77,24.86,1.0211440747418457
07-06-2020,6294,113,1824,4470,1.8,28.98,1.0102728731942214
07-07-2020,6333,113,2080,4253,1.78,32.84,1.0061963775023832
07-08-2020,6371,113,2181,4190,1.77,34.23,1.006000315806095
07-09-2020,6432,117,2181,4251,1.82,33.91,1.009574635065139
07-10-2020,6486,123,2590,3896,1.9,39.93,1.0083955223880596
07-11-2020,6582,130,2590,3992,1.98,39.35,1.0148011100832564
07-12-2020,6617,135,2924,3693,2.04,44.19,1.0053175326648436
07-13-2020,6690,139,3022,3668,2.08,45.17,1.0110321898141152
07-14-2020,6727,139,3022,3705,2.07,44.92,1.0055306427503736
07-15-2020,6727,141,3283,3444,2.1,48.8,1.0
07-16-2020,6831,143,3606,3225,2.09,52.79,1.0154600862197116
07-17-2020,6902,145,3738,3164,2.1,54.16,1.0103937930024887
07-18-2020,6948,145,3877,3071,2.09,55.8,1.006664734859461
07-19-2020,6975,146,3877,3098,2.09,55.58,1.0038860103626943
07-20-2020,7053,146,3877,3176,2.07,54.97,1.0111827956989248
07-21-2020,7063,146,4095,2968,2.07,57.98,1.0014178363816815
07-22-2020,7100,151,4095,3005,2.13,57.68,1.0052385671810846
07-23-2020,7146,154,4236,2910,2.16,59.28,1.0064788732394365
07-24-2020,7167,154,4236,2931,2.15,59.1,1.0029387069689337
07-25-2020,7197,154,4365,2832,2.14,60.65,1.0041858518208455
07-26-2020,7260,156,4365,2895,2.15,60.12,1.0087536473530638
07-27-2020,7297,157,4365,2932,2.15,59.82,1.0050964187327824
07-28-2020,7315,157,4365,2950,2.15,59.67,1.0024667671645882
07-29-2020,7340,158,4467,2873,2.15,60.86,1.0034176349965824
07-30-2020,7371,158,4467,2904,2.14,60.6,1.0042234332425068
07-31-2020,7378,159,4606,2772,2.16,62.43,1.0009496676163343
08-01-2020,7412,161,4606,2806,2.17,62.14,1.0046082949308757
08-02-2020,7424,161,4606,2818,2.17,62.04,1.001618996222342
08-03-2020,7468,165,4832,2636,2.21,64.7,1.005926724137931
08-04-2020,7476,165,4832,2644,2.21,64.63,1.0010712372790573
08-05-2020,7511,166,4832,2679,2.21,64.33,1.0046816479400749
08-06-2020,7532,171,4832,2700,2.27,64.15,1.0027958993476236
08-07-2020,7544,171,4893,2651,2.27,64.86,1.0015932023366967
08-08-2020,7582,171,4893,2689,2.26,64.53,1.0050371155885471
08-09-2020,7599,177,4982,2617,2.33,65.56,1.0022421524663676
08-10-2020,7611,182,4982,2629,2.39,65.46,1.0015791551519937
08-11-2020,7634,183,4982,2652,2.4,65.26,1.0030219419261595
08-12-2020,7649,183,5123,2526,2.39,66.98,1.0019648938957297
08-13-2020,7743,187,5123,2620,2.42,66.16,1.0122891881291671
08-14-2020,7781,192,5123,2658,2.47,65.84,1.0049076585302854
08-15-2020,7810,192,5235,2575,2.46,67.03,1.0037270273743735
08-16-2020,7831,196,5235,2596,2.5,66.85,1.0026888604353392
08-17-2020,7879,196,5235,2644,2.49,66.44,1.0061294853786233
08-18-2020,7897,196,5235,2662,2.48,66.29,1.0022845538773957
08-19-2020,7921,196,5337,2584,2.47,67.38,1.0030391287830822
08-20-2020,7949,196,5447,2502,2.47,68.52,1.0035349072086859
08-21-2020,7997,196,5447,2550,2.45,68.11,1.0060384954082275
08-22-2020,8016,196,5447,2569,2.45,67.95,1.0023758909591096
08-23-2020,8050,196,5624,2426,2.43,69.86,1.004241516966068
08-24-2020,8082,196,5624,2458,2.43,69.59,1.003975155279503
08-25-2020,8110,196,5624,2486,2.42,69.35,1.0034644889878743
08-26-2020,8112,196,5677,2435,2.42,69.98,1.0002466091245377
08-27-2020,8122,197,5743,2379,2.43,70.71,1.001232741617357
08-28-2020,8151,200,5743,2408,2.45,70.46,1.003570549125831
08-29-2020,8161,201,5743,2418,2.46,70.37,1.0012268433321065
08-30-2020,8174,201,5828,2346,2.46,71.3,1.0015929420414165
08-31-2020,8209,201,5828,2381,2.45,71.0,1.0042818693418154
09-01-2020,8224,201,5828,2396,2.44,70.87,1.001827262760385
09-02-2020,8224,201,5870,2354,2.44,71.38,1.0
09-03-2020,8258,206,5870,2388,2.49,71.08,1.0041342412451362
09-04-2020,8258,206,5870,2388,2.49,71.08,1.0
09-05-2020,8326,212,5933,2393,2.55,71.26,1.0082344393315572
09-06-2020,8326,212,5933,2393,2.55,71.26,1.0
09-07-2020,8360,214,5991,2369,2.56,71.66,1.004083593562335
09-08-2020,8360,214,5991,2369,2.56,71.66,1.0
09-09-2020,8362,214,5991,2371,2.56,71.65,1.0002392344497608
09-10-2020,8376,214,5991,2385,2.55,71.53,1.0016742406122938
09-11-2020,8429,215,6120,2309,2.55,72.61,1.0063276026743075
09-12-2020,8457,216,6120,2337,2.55,72.37,1.0033218649899158
09-13-2020,8457,216,6120,2337,2.55,72.37,1.0
09-14-2020,8478,219,6120,2358,2.58,72.19,1.0024831500532103
09-15-2020,8493,219,6181,2312,2.58,72.78,1.0017692852087756
09-16-2020,8499,219,6258,2241,2.58,73.63,1.0007064641469445
09-17-2020,8530,220,6315,2215,2.58,74.03,1.0036474879397577
09-18-2020,8556,220,6363,2193,2.57,74.37,1.0030480656506449
09-19-2020,8556,220,6363,2193,2.57,74.37,1.0
09-20-2020,8600,221,6363,2237,2.57,73.99,1.005142589995325
09-21-2020,8600,221,6482,2118,2.57,75.37,1.0
09-22-2020,8624,221,6482,2142,2.56,75.16,1.0027906976744185
09-23-2020,8624,221,6551,2073,2.56,75.96,1.0
09-24-2020,8646,225,6551,2095,2.6,75.77,1.0025510204081634
09-25-2020,8646,225,6551,2095,2.6,75.77,1.0
09-26-2020,8684,227,6551,2133,2.61,75.44,1.0043950959981494
09-27-2020,8684,227,6688,1996,2.61,77.02,1.0
09-28-2020,8723,227,6757,1966,2.6,77.46,1.0044910179640718
09-29-2020,8740,227,6757,1983,2.6,77.31,1.0019488708013298
09-30-2020,8740,227,6829,1911,2.6,78.14,1.0
10-01-2020,8766,229,6907,1859,2.61,78.79,1.002974828375286
10-02-2020,8766,229,6949,1817,2.61,79.27,1.0
10-03-2020,8792,229,6949,1843,2.6,79.04,1.0029660050193931
10-04-2020,8792,229,6992,1800,2.6,79.53,1.0
10-05-2020,8819,229,6992,1827,2.6,79.28,1.0030709736123748
10-06-2020,8819,229,7013,1806,2.6,79.52,1.0
10-07-2020,8819,229,7013,1806,2.6,79.52,1.0
10-08-2020,8838,229,7013,1825,2.59,79.35,1.0021544392788297
10-09-2020,8854,230,7013,1841,2.6,79.21,1.0018103643358225
10-10-2020,8854,230,7104,1750,2.6,80.23,1.0
10-11-2020,8860,230,7104,1756,2.6,80.18,1.000677659814773
10-12-2020,8882,230,7104,1778,2.59,79.98,1.0024830699774265
10-13-2020,8882,230,7140,1742,2.59,80.39,1.0
10-14-2020,8887,230,7182,1705,2.59,80.81,1.0005629362756137
10-15-2020,8908,231,7182,1726,2.59,80.62,1.0023630021379544
10-16-2020,8908,231,7182,1726,2.59,80.62,1.0
10-17-2020,8925,231,7213,1712,2.59,80.82,1.001908396946565
10-18-2020,8925,231,7213,1712,2.59,80.82,1.0
10-19-2020,8925,231,7303,1622,2.59,81.83,1.0
10-20-2020,8925,231,7303,1622,2.59,81.83,1.0
10-21-2020,8976,231,7303,1673,2.57,81.36,1.0057142857142858
10-22-2020,8979,231,7311,1668,2.57,81.42,1.0003342245989304
10-23-2020,8979,231,7361,1618,2.57,81.98,1.0
10-24-2020,8999,231,7361,1638,2.57,81.8,1.0022274195344694
10-25-2020,9015,231,7373,1642,2.56,81.79,1.0017779753305922
10-26-2020,9026,232,7373,1653,2.57,81.69,1.001220188574598
10-27-2020,9026,232,7411,1615,2.57,82.11,1.0
10-28-2020,9026,232,7422,1604,2.57,82.23,1.0
10-29-2020,9046,232,7429,1617,2.56,82.12,1.0022158209616663
10-30-2020,9054,232,7429,1625,2.56,82.05,1.000884368781782
10-31-2020,9054,232,7429,1625,2.56,82.05,1.0
11-01-2020,9054,232,7429,1625,2.56,82.05,1.0
11-02-2020,9054,232,7429,1625,2.56,82.05,1.0
11-03-2020,9054,232,7429,1625,2.56,82.05,1.0
11-04-2020,9054,232,7589,1465,2.56,83.82,1.0
11-05-2020,9100,232,7589,1511,2.55,83.4,1.005080627347029
11-06-2020,9109,232,7618,1491,2.55,83.63,1.000989010989011
11-07-2020,9109,232,7618,1491,2.55,83.63,1.0
11-08-2020,9127,232,7618,1509,2.54,83.47,1.0019760676254255
11-09-2020,9127,232,7618,1509,2.54,83.47,1.0
11-10-2020,9127,232,7683,1444,2.54,84.18,1.0
11-11-2020,9137,232,7683,1454,2.54,84.09,1.0010956502684343
11-12-2020,9152,232,7701,1451,2.53,84.15,1.0016416766991354
11-13-2020,9152,232,7701,1451,2.53,84.15,1.0
11-14-2020,9168,232,7701,1467,2.53,84.0,1.0017482517482517
11-15-2020,9168,232,7701,1467,2.53,84.0,1.0
11-16-2020,9179,232,7801,1378,2.53,84.99,1.0011998254799301
11-17-2020,9188,232,7820,1368,2.53,85.11,1.0009804989650288
11-18-2020,9191,232,7820,1371,2.52,85.08,1.0003265128428385
11-19-2020,9191,232,7820,1371,2.52,85.08,1.0
11-20-2020,9208,232,7854,1354,2.52,85.3,1.0018496355130018
11-21-2020,9211,232,7854,1357,2.52,85.27,1.0003258036490008
11-22-2020,9214,232,7854,1360,2.52,85.24,1.0003256975355552
11-23-2020,9214,232,7886,1328,2.52,85.59,1.0
11-24-2020,9224,232,7886,1338,2.52,85.49,1.0010853049706967
11-25-2020,9229,232,7916,1313,2.51,85.77,1.000542064180399
11-26-2020,9248,232,7925,1323,2.51,85.69,1.0020587279228519
11-27-2020,9256,232,7951,1305,2.51,85.9,1.0008650519031141
11-28-2020,9264,232,7951,1313,2.5,85.83,1.0008643042350907
11-29-2020,9264,232,7951,1313,2.5,85.83,1.0
11-30-2020,9272,232,8023,1249,2.5,86.53,1.0008635578583764
12-01-2020,9294,233,8023,1271,2.51,86.32,1.0023727351164797
12-02-2020,9296,233,8091,1205,2.51,87.04,1.0002151925973746
12-03-2020,9303,233,8114,1189,2.5,87.22,1.0007530120481927
12-04-2020,9313,233,8124,1189,2.5,87.23,1.00107492206815
12-05-2020,9347,233,8146,1201,2.49,87.15,1.0036508106947277
12-06-2020,9370,233,8146,1224,2.49,86.94,1.0024606825719482
12-07-2020,9370,233,8148,1222,2.49,86.96,1.0
12-08-2020,9399,233,8148,1251,2.48,86.69,1.003094983991462
12-09-2020,9399,233,8170,1229,2.48,86.92,1.0
12-10-2020,9434,233,8170,1264,2.47,86.6,1.0037238004042983
12-11-2020,9434,233,8214,1220,2.47,87.07,1.0
12-12-2020,9465,233,8241,1224,2.46,87.07,1.0032859868560526
12-13-2020,9491,233,8241,1250,2.45,86.83,1.0027469624933967
12-14-2020,9509,234,8280,1229,2.46,87.08,1.0018965335581076
12-15-2020,9565,234,8280,1285,2.45,86.57,1.0058891576401303
12-16-2020,9597,234,8280,1317,2.44,86.28,1.0033455305802406
12-17-2020,9597,234,8310,1287,2.44,86.59,1.0
12-18-2020,9627,234,8321,1306,2.43,86.43,1.0031259768677712
12-19-2020,9648,234,8336,1312,2.43,86.4,1.0021813649111873
12-20-2020,9674,234,8336,1338,2.42,86.17,1.0026948590381426
12-21-2020,9674,234,8404,1270,2.42,86.87,1.0
12-22-2020,9763,234,8408,1355,2.4,86.12,1.0091999173041142
12-23-2020,9771,235,8413,1358,2.41,86.1,1.000819420260166
12-24-2020,9805,235,8413,1392,2.4,85.8,1.0034796847814962
12-25-2020,9846,235,8413,1433,2.39,85.45,1.0041815400305967
12-26-2020,9846,235,8413,1433,2.39,85.45,1.0
12-27-2020,9846,235,8563,1283,2.39,86.97,1.0
12-28-2020,9958,236,8582,1376,2.37,86.18,1.0113751777371522
12-29-2020,9958,236,8582,1376,2.37,86.18,1.0
12-30-2020,9999,236,8598,1401,2.36,85.99,1.004117292629042
12-31-2020,9999,236,8624,1375,2.36,86.25,1.0
01-01-2021,10015,236,8624,1391,2.36,86.11,1.0016001600160016
01-02-2021,10015,236,8657,1358,2.36,86.44,1.0
01-03-2021,10077,236,8672,1405,2.34,86.06,1.0061907139291064
01-04-2021,10127,236,8672,1455,2.33,85.63,1.0049617941847773
01-05-2021,10127,236,8672,1455,2.33,85.63,1.0
01-06-2021,10127,236,8672,1455,2.33,85.63,1.0
01-07-2021,10127,236,8725,1402,2.33,86.16,1.0
01-08-2021,10203,236,8745,1458,2.31,85.71,1.0075046904315197
01-09-2021,10241,237,8768,1473,2.31,85.62,1.0037243947858474
01-10-2021,10241,237,8768,1473,2.31,85.62,1.0
01-11-2021,10272,238,8814,1458,2.32,85.81,1.00302704813983
01-12-2021,10272,238,8840,1432,2.32,86.06,1.0
01-13-2021,10386,238,8888,1498,2.29,85.58,1.0110981308411215
01-14-2021,10415,238,8903,1512,2.29,85.48,1.0027922202965531
01-15-2021,10569,238,8903,1666,2.25,84.24,1.014786365818531
01-16-2021,10635,238,8905,1730,2.24,83.73,1.0062446778313936
01-17-2021,10781,240,8920,1861,2.23,82.74,1.0137282557592853
01-18-2021,10781,240,8956,1825,2.23,83.07,1.0
01-19-2021,10852,240,8956,1896,2.21,82.53,1.0065856599573324
01-20-2021,10907,240,8959,1948,2.2,82.14,1.0050681901953558
01-21-2021,10963,240,8979,1984,2.19,81.9,1.0051343174108371
01-22-2021,10963,240,8979,1984,2.19,81.9,1.0
01-23-2021,11035,243,8982,2053,2.2,81.4,1.0065675453799143
01-24-2021,11099,243,8986,2113,2.19,80.96,1.0057997281377435
01-25-2021,11181,243,8982,2199,2.17,80.33,1.0073880529777457
01-26-2021,11286,243,9010,2276,2.15,79.83,1.009390931043735
01-27-2021,11286,243,9010,2276,2.15,79.83,1.0
01-28-2021,11286,243,9016,2270,2.15,79.89,1.0
01-29-2021,11402,244,9061,2341,2.14,79.47,1.0102782208045367
01-30-2021,11590,245,9063,2527,2.11,78.2,1.016488335379758
01-31-2021,11672,245,9098,2574,2.1,77.95,1.0070750647109576
02-01-2021,11692,245,9098,2594,2.1,77.81,1.0017135023989034
02-02-2021,11705,245,9114,2591,2.09,77.86,1.001111871365036
02-03-2021,11758,245,9114,2644,2.08,77.51,1.0045279794959419
02-04-2021,11806,246,9114,2692,2.08,77.2,1.004082326926348
02-05-2021,11860,246,9137,2723,2.07,77.04,1.0045739454514653
02-06-2021,11908,246,9156,2752,2.07,76.89,1.0040472175379427
02-07-2021,11969,246,9156,2813,2.06,76.5,1.0051226066509908
02-08-2021,11991,246,9177,2814,2.05,76.53,1.001838081711087
02-09-2021,12016,246,9177,2839,2.05,76.37,1.0020848970060878
02-10-2021,12037,246,9258,2779,2.04,76.91,1.0017476697736352
02-11-2021,12114,247,9258,2856,2.04,76.42,1.0063969427598238
02-12-2021,12143,247,9258,2885,2.03,76.24,1.002393924385009
02-13-2021,12192,247,9354,2838,2.03,76.72,1.004035246644157
02-14-2021,12206,247,9354,2852,2.02,76.63,1.0011482939632546
02-15-2021,12206,247,9354,2852,2.02,76.63,1.0
02-16-2021,12236,247,9363,2873,2.02,76.52,1.002457807635589
02-17-2021,12254,247,9363,2891,2.02,76.41,1.0014710689767898
02-18-2021,12274,247,9363,2911,2.01,76.28,1.0016321201240412
02-19-2021,12309,247,9440,2869,2.01,76.69,1.0028515561349194
02-20-2021,12325,247,9529,2796,2.0,77.31,1.0012998618896742
02-21-2021,12352,247,9529,2823,2.0,77.15,1.0021906693711968
02-22-2021,12354,248,9529,2825,2.01,77.13,1.0001619170984455
02-23-2021,12390,248,9536,2854,2.0,76.97,1.0029140359397766
02-24-2021,12430,249,9570,2860,2.0,76.99,1.003228410008071
02-25-2021,12448,249,9611,2837,2.0,77.21,1.0014481094127112
02-26-2021,12474,250,9679,2795,2.0,77.59,1.0020886889460154
02-27-2021,12493,250,9712,2781,2.0,77.74,1.001523168189835
02-28-2021,12531,250,9712,2819,2.0,77.5,1.003041703353878
03-01-2021,12536,250,9763,2773,1.99,77.88,1.0003990104540739
03-02-2021,12554,250,9828,2726,1.99,78.29,1.0014358647096362
03-03-2021,12559,250,9828,2731,1.99,78.25,1.00039827943285
03-04-2021,12577,250,9828,2749,1.99,78.14,1.0014332351301856
03-05-2021,12594,250,9828,2766,1.99,78.04,1.0013516736900692
03-06-2021,12614,250,9828,2786,1.98,77.91,1.001588057805304
03-07-2021,12632,250,9828,2804,1.98,77.8,1.001426985888695
03-08-2021,12647,250,9828,2819,1.98,77.71,1.001187460417986
03-09-2021,12663,250,9967,2696,1.97,78.71,1.0012651221633588
03-10-2021,12664,250,9967,2697,1.97,78.7,1.000078970228224
03-11-2021,12669,250,9967,2702,1.97,78.67,1.0003948199620973
03-12-2021,12686,251,10034,2652,1.98,79.1,1.001341858078775
03-13-2021,12688,251,10034,2654,1.98,79.08,1.0001576541068895
03-14-2021,12698,251,10034,2664,1.98,79.02,1.0007881462799495
03-15-2021,12700,251,10177,2523,1.98,80.13,1.0001575051189164
03-16-2021,12714,251,10204,2510,1.97,80.26,1.0011023622047244
03-17-2021,12722,251,10331,2391,1.97,81.21,1.0006292276230926
03-18-2021,12730,251,10443,2287,1.97,82.03,1.0006288319446628
03-19-2021,12732,251,10612,2120,1.97,83.35,1.0001571091908876
03-20-2021,12736,251,10612,2124,1.97,83.32,1.0003141690229342
03-21-2021,12758,251,10612,2146,1.97,83.18,1.0017273869346734
03-22-2021,12760,251,10667,2093,1.97,83.6,1.0001567643831322
03-23-2021,12762,251,10754,2008,1.97,84.27,1.0001567398119122
03-24-2021,12779,251,10754,2025,1.96,84.15,1.0013320796113463
03-25-2021,12788,251,10754,2034,1.96,84.09,1.0007042804601298
03-26-2021,12792,251,10754,2038,1.96,84.07,1.000312793243666
03-27-2021,12797,251,10754,2043,1.96,84.04,1.0003908692933083
03-28-2021,12803,251,10754,2049,1.96,84.0,1.0004688598890366
03-29-2021,12803,251,10754,2049,1.96,84.0,1.0
03-30-2021,12807,251,10938,1869,1.96,85.41,1.0003124267749746
03-31-2021,12816,251,11043,1773,1.96,86.17,1.000702740688686
04-01-2021,12840,251,11126,1714,1.95,86.65,1.0018726591760299
04-02-2021,12852,251,11126,1726,1.95,86.57,1.0009345794392523
04-03-2021,12855,251,11126,1729,1.95,86.55,1.000233426704015
04-04-2021,12857,251,11126,1731,1.95,86.54,1.0001555814858032
04-05-2021,12857,251,11317,1540,1.95,88.02,1.0
04-06-2021,12863,251,11317,1546,1.95,87.98,1.0004666718519095
04-07-2021,12876,251,11317,1559,1.95,87.89,1.0010106507035683
04-08-2021,12885,251,11427,1458,1.95,88.68,1.000698974836906
04-09-2021,12906,251,11447,1459,1.94,88.7,1.00162980209546
04-10-2021,12918,251,11447,1471,1.94,88.61,1.00092980009298
04-11-2021,12920,251,11447,1473,1.94,88.6,1.0001548227279764
04-12-2021,12937,251,11513,1424,1.94,88.99,1.0013157894736842
04-13-2021,12938,251,11513,1425,1.94,88.99,1.00007729767334
04-14-2021,12944,251,11614,1330,1.94,89.72,1.0004637501932292
04-15-2021,12958,251,11723,1235,1.94,90.47,1.0010815822002472
04-16-2021,12977,252,11723,1254,1.94,90.34,1.001466275659824
04-17-2021,12999,253,11791,1208,1.95,90.71,1.00169530708176
04-18-2021,13005,253,11791,1214,1.95,90.67,1.0004615739672282
04-19-2021,13006,253,11791,1215,1.95,90.66,1.000076893502499
04-20-2021,13017,254,11791,1226,1.95,90.58,1.0008457634937722
04-21-2021,13031,254,11945,1086,1.95,91.67,1.0010755166320966
04-22-2021,13044,254,11945,1099,1.95,91.57,1.0009976210574782
04-23-2021,13056,254,11945,1111,1.95,91.49,1.000919963201472
04-24-2021,13078,254,11945,1133,1.94,91.34,1.0016850490196079
04-25-2021,13094,254,11945,1149,1.94,91.22,1.0012234286588164
04-26-2021,13096,254,12142,954,1.94,92.72,1.0001527417137621
04-27-2021,13101,254,12143,958,1.94,92.69,1.0003817959682346
04-28-2021,13119,254,12143,976,1.94,92.56,1.0013739409205404
04-29-2021,13135,257,12143,992,1.96,92.45,1.0012196051528317
04-30-2021,13149,260,12148,1001,1.98,92.39,1.0010658545869813
05-01-2021,13164,263,12148,1016,2.0,92.28,1.001140771161305
05-02-2021,13170,264,12148,1022,2.0,92.24,1.0004557885141294
05-03-2021,13179,264,12151,1028,2.0,92.2,1.0006833712984056
05-04-2021,13193,266,12151,1042,2.02,92.1,1.0010622960770923
05-05-2021,13210,266,12151,1059,2.01,91.98,1.0012885621162737
05-06-2021,13227,266,12154,1073,2.01,91.89,1.0012869038607115
05-07-2021,13245,268,12154,1091,2.02,91.76,1.0013608528010887
05-08-2021,13255,268,12154,1101,2.02,91.69,1.0007550018875047
05-09-2021,13267,269,12154,1113,2.03,91.61,1.0009053187476424
05-10-2021,13268,269,12304,964,2.03,92.73,1.0000753749905782
05-11-2021,13305,271,12304,1001,2.04,92.48,1.0027886644558335
05-12-2021,13353,271,12397,956,2.03,92.84,1.0036076662908682
05-13-2021,13393,271,12397,996,2.02,92.56,1.002995581517262
05-14-2021,13460,271,12414,1046,2.01,92.23,1.0050026133054581
05-15-2021,13520,274,12414,1106,2.03,91.82,1.0044576523031203
05-16-2021,13598,276,12414,1184,2.03,91.29,1.0057692307692307
05-17-2021,13624,276,12435,1189,2.03,91.27,1.0019120458891013
05-18-2021,13668,277,12437,1231,2.03,90.99,1.0032295948326482
05-19-2021,13735,280,12463,1272,2.04,90.74,1.0049019607843137
05-20-2021,13843,283,12463,1380,2.04,90.03,1.0078631234073534
05-21-2021,13906,288,12463,1443,2.07,89.62,1.004551036625009
05-22-2021,14037,292,12479,1558,2.08,88.9,1.0094203940745001
05-23-2021,14128,302,12507,1621,2.14,88.53,1.0064828667094108
05-24-2021,14258,307,12507,1751,2.15,87.72,1.0092015855039638
05-25-2021,14351,309,12509,1842,2.15,87.16,1.0065226539486605
05-26-2021,14453,311,12509,1944,2.15,86.55,1.007107518639816
05-27-2021,14565,317,12509,2056,2.18,85.88,1.0077492562097834
05-28-2021,14711,319,12511,2200,2.17,85.05,1.0100240302094061
05-29-2021,14931,321,12528,2403,2.15,83.91,1.0149547957310856
05-30-2021,15045,321,12528,2517,2.13,83.27,1.0076351215591721
05-31-2021,15123,321,12541,2582,2.12,82.93,1.00518444666002
06-01-2021,15282,323,12552,2730,2.11,82.14,1.0105137869470344
06-02-2021,15435,325,12552,2883,2.11,81.32,1.0100117785630154
06-03-2021,15604,328,12552,3052,2.1,80.44,1.0109491415613865
06-04-2021,15754,330,12552,3202,2.09,79.68,1.009612919764163
06-05-2021,15895,333,12552,3343,2.09,78.97,1.0089501079091026
06-06-2021,16001,342,12552,3449,2.14,78.45,1.0066687637621894
06-07-2021,16079,346,12557,3522,2.15,78.1,1.0048746953315417
06-08-2021,16206,349,12557,3649,2.15,77.48,1.007898501150569
06-09-2021,16356,352,12557,3799,2.15,76.77,1.0092558311736395
06-10-2021,16561,355,12558,4003,2.14,75.83,1.0125336268036194
06-11-2021,16662,358,12560,4102,2.15,75.38,1.0060986655395205
06-12-2021,16775,360,12560,4215,2.15,74.87,1.0067818989317008
06-13-2021,16859,361,12560,4299,2.14,74.5,1.0050074515648286
06-14-2021,16966,365,12563,4403,2.15,74.05,1.006346758407972
06-15-2021,17048,369,12568,4480,2.16,73.72,1.0048331958033714
06-16-2021,17239,373,12568,4671,2.16,72.9,1.0112036602534022
06-17-2021,17371,385,12590,4781,2.22,72.48,1.007657056673821
06-18-2021,17603,388,12612,4991,2.2,71.65,1.013355592654424
06-19-2021,17710,393,12645,5065,2.22,71.4,1.006078509344998
06-20-2021,17902,398,12645,5257,2.22,70.63,1.010841332580463
06-21-2021,17963,400,12667,5296,2.23,70.52,1.0034074405094402
06-22-2021,18073,404,12753,5320,2.24,70.56,1.0061236987140232
06-23-2021,18212,413,12763,5449,2.27,70.08,1.0076910308194544
06-24-2021,18341,415,12777,5564,2.26,69.66,1.007083241818581
06-25-2021,18460,420,12790,5670,2.28,69.28,1.0064881958453737
06-26-2021,18562,425,12802,5760,2.29,68.97,1.0055254604550379
06-27-2021,18658,437,12802,5856,2.34,68.61,1.0051718564809826
06-28-2021,18665,438,12840,5825,2.35,68.79,1.0003751741880158
06-29-2021,18737,443,12842,5895,2.36,68.54,1.0038574872756496
06-30-2021,18844,447,12847,5997,2.37,68.18,1.0057106260340503
07-01-2021,18952,451,12865,6087,2.38,67.88,1.005731267246869
07-02-2021,19053,456,12889,6164,2.39,67.65,1.0053292528493034
07-03-2021,19107,462,12889,6218,2.42,67.46,1.002834199338687
07-04-2021,19172,467,12906,6266,2.44,67.32,1.0034018945936045
07-05-2021,19220,471,12906,6314,2.45,67.15,1.0025036511579386
07-06-2021,19295,482,12915,6380,2.5,66.93,1.0039021852237253
07-07-2021,19374,487,12915,6459,2.51,66.66,1.0040943249546515
07-08-2021,19427,491,12961,6466,2.53,66.72,1.0027356250645194
07-09-2021,19457,496,12961,6496,2.55,66.61,1.0015442425490297
07-10-2021,19512,501,12961,6551,2.57,66.43,1.002826746158195
07-11-2021,19547,508,12961,6586,2.6,66.31,1.0017937679376794
07-12-2021,19563,510,12961,6602,2.61,66.25,1.000818539929401
07-13-2021,19627,512,12961,6666,2.61,66.04,1.0032714818790573
07-14-2021,19682,516,12961,6721,2.62,65.85,1.0028022621898405
07-15-2021,19722,519,12961,6761,2.63,65.72,1.002032313789249
07-16-2021,19762,523,12961,6801,2.65,65.59,1.0020281918669507
07-17-2021,19783,526,12961,6822,2.66,65.52,1.0010626454812266
07-18-2021,19811,526,12961,6850,2.66,65.42,1.0014153566193196
07-19-2021,19817,527,12961,6856,2.66,65.4,1.000302862046338
07-20-2021,19876,528,12961,6915,2.66,65.21,1.0029772417621234
07-21-2021,19918,535,12961,6957,2.69,65.07,1.0021131012276112
07-22-2021,20000,537,12961,7039,2.69,64.81,1.0041168792047395
07-23-2021,20068,543,12961,7107,2.71,64.59,1.0034
07-24-2021,20077,545,12961,7116,2.71,64.56,1.0004484751843732
07-25-2021,20116,552,12961,7155,2.74,64.43,1.001942521293022
07-26-2021,20125,552,12961,7164,2.74,64.4,1.000447405050706
07-27-2021,20157,555,12961,7196,2.75,64.3,1.0015900621118012
07-28-2021,20203,558,12961,7242,2.76,64.15,1.0022820856278216
07-29-2021,20245,558,12961,7284,2.76,64.02,1.00207889917339
07-30-2021,20307,560,12961,7346,2.76,63.83,1.0030624845640899
07-31-2021,20326,563,12961,7365,2.77,63.77,1.0009356379573546
08-01-2021,20345,566,12961,7384,2.78,63.71,1.0009347633572765
08-02-2021,20363,566,12961,7402,2.78,63.65,1.00088473826493
08-03-2021,20389,569,12961,7428,2.79,63.57,1.0012768256150861
08-04-2021,20433,572,12961,7472,2.8,63.43,1.002158026386777
08-05-2021,20477,575,0,20477,2.81,0,1.0021533793373465
08-06-2021,20507,576,0,20507,2.81,0,1.001465058358158
08-07-2021,20541,576,0,20541,2.8,0,1.0016579704491149
08-08-2021,20556,576,0,20556,2.8,0,1.0007302468234263
08-09-2021,20562,576,0,20562,2.8,0,1.0002918855808522
08-10-2021,20585,579,0,20585,2.81,0,1.0011185682326622
08-11-2021,20622,579,0,20622,2.81,0,1.0017974253096915
08-12-2021,20658,580,0,20658,2.81,0,1.001745708466686
08-13-2021,20689,582,0,20689,2.81,0,1.0015006292961564
08-14-2021,20705,583,0,20705,2.82,0,1.0007733578229978
08-15-2021,20719,583,0,20719,2.81,0,1.0006761651774934
08-16-2021,20732,583,0,20732,2.81,0,1.0006274434094309
08-17-2021,20746,583,0,20746,2.81,0,1.0006752845842177
08-18-2021,20768,584,0,20768,2.81,0,1.0010604453870626
08-19-2021,20803,584,0,20803,2.81,0,1.001685285053929
08-20-2021,20803,584,0,20803,2.81,0,1.0
08-21-2021,20845,584,0,20845,2.8,0,1.0020189395760226
08-22-2021,20850,584,0,20850,2.8,0,1.0002398656752218
08-23-2021,20870,584,0,20870,2.8,0,1.000959232613909
08-24-2021,20896,586,0,20896,2.8,0,1.001245807379013
08-25-2021,20916,586,0,20916,2.8,0,1.0009571209800918
08-26-2021,20931,586,0,20931,2.8,0,1.0007171543316122
08-27-2021,20941,586,0,20941,2.8,0,1.0004777602599015
08-28-2021,20962,586,0,20962,2.8,0,1.0010028174394727
08-29-2021,20977,586,0,20977,2.79,0,1.0007155805743726
08-30-2021,21017,586,0,21017,2.79,0,1.001906850359918
08-31-2021,21047,586,0,21047,2.78,0,1.0014274159014132
09-01-2021,21069,588,0,21069,2.79,0,1.0010452796122964
09-02-2021,21094,588,0,21094,2.79,0,1.0011865774360436
09-03-2021,21124,588,0,21124,2.78,0,1.001422205366455
09-04-2021,21139,588,0,21139,2.78,0,1.0007100927854573
09-05-2021,21162,588,0,21162,2.78,0,1.0010880363309522
09-06-2021,21178,591,0,21178,2.79,0,1.0007560722048956
09-07-2021,21192,595,0,21192,2.81,0,1.0006610633676456
09-08-2021,21219,596,0,21219,2.81,0,1.0012740656851642
09-09-2021,21244,596,0,21244,2.81,0,1.0011781893585938
09-10-2021,21271,596,0,21271,2.8,0,1.0012709470909433
09-11-2021,21299,596,0,21299,2.8,0,1.0013163461990504
09-12-2021,21318,596,0,21318,2.8,0,1.0008920606601248
09-13-2021,21330,596,0,21330,2.79,0,1.0005629045876725
09-14-2021,21330,596,0,21330,2.79,0,1.0
09-15-2021,21330,596,0,21330,2.79,0,1.0
09-16-2021,21330,596,0,21330,2.79,0,1.0
09-17-2021,21330,596,0,21330,2.79,0,1.0
09-18-2021,21486,607,0,21486,2.83,0,1.0073136427566807
09-19-2021,21508,607,0,21508,2.82,0,1.0010239225542215
09-20-2021,21540,610,0,21540,2.83,0,1.0014878184861447
09-21-2021,21583,610,0,21583,2.83,0,1.0019962859795728
09-22-2021,21647,610,0,21647,2.82,0,1.00296529676134
09-23-2021,21700,610,0,21700,2.81,0,1.0024483762184135
09-24-2021,21761,611,0,21761,2.81,0,1.0028110599078341
09-25-2021,21873,611,0,21873,2.79,0,1.0051468222967694
09-26-2021,21916,611,0,21916,2.79,0,1.0019658940245966
09-27-2021,21972,615,0,21972,2.8,0,1.0025552108048914
09-28-2021,22041,620,0,22041,2.81,0,1.0031403604587656
09-29-2021,22125,622,0,22125,2.81,0,1.0038110793521164
09-30-2021,22173,626,0,22173,2.82,0,1.0021694915254238
10-01-2021,22273,629,0,22273,2.82,0,1.0045099896270238
10-02-2021,22354,634,0,22354,2.84,0,1.0036366901629776
10-03-2021,22382,636,0,22382,2.84,0,1.0012525722465777
10-04-2021,22447,641,0,22447,2.86,0,1.002904119381646
10-05-2021,22526,641,0,22526,2.85,0,1.0035194012562927
10-06-2021,22614,643,0,22614,2.84,0,1.0039065968214507
10-07-2021,22675,647,0,22675,2.85,0,1.002697444061201
10-08-2021,22731,649,0,22731,2.86,0,1.0024696802646087
10-09-2021,22827,649,0,22827,2.84,0,1.0042233073775901
10-10-2021,22911,654,0,22911,2.85,0,1.0036798528058877
10-11-2021,22933,657,0,22933,2.86,0,1.0009602374405306
10-12-2021,23042,657,0,23042,2.85,0,1.0047529760606986
10-13-2021,23160,658,0,23160,2.84,0,1.005121083239302
10-14-2021,23241,658,0,23241,2.83,0,1.0034974093264248
10-15-2021,23324,658,0,23324,2.82,0,1.0035712749021126
10-16-2021,23406,658,0,23406,2.81,0,1.0035156919910821
10-17-2021,23446,658,0,23446,2.81,0,1.001708963513629
10-18-2021,23490,658,0,23490,2.8,0,1.0018766527339418
10-19-2021,23569,660,0,23569,2.8,0,1.0033631332481907
10-20-2021,23619,662,0,23619,2.8,0,1.0021214306928592
10-21-2021,23726,662,0,23726,2.79,0,1.0045302510690546
10-22-2021,23773,662,0,23773,2.78,0,1.0019809491696872
10-23-2021,23863,662,0,23863,2.77,0,1.0037858074285955
10-24-2021,23909,666,0,23909,2.79,0,1.0019276704521645
10-25-2021,23927,668,0,23927,2.79,0,1.0007528545735915
10-26-2021,23960,671,0,23960,2.8,0,1.0013791950516153
10-27-2021,23981,675,0,23981,2.81,0,1.0008764607679466
10-28-2021,24004,677,0,24004,2.82,0,1.000959092614987
10-29-2021,24032,679,0,24032,2.83,0,1.0011664722546243
10-30-2021,24073,685,0,24073,2.85,0,1.0017060585885487
10-31-2021,24091,686,0,24091,2.85,0,1.0007477256677606
11-01-2021,24104,692,0,24104,2.87,0,1.0005396206052053
11-02-2021,24110,692,0,24110,2.87,0,1.0002489213408563
11-03-2021,24128,698,0,24128,2.89,0,1.0007465781833265
11-04-2021,24233,702,0,24233,2.9,0,1.0043517904509285
11-05-2021,24286,702,0,24286,2.89,0,1.0021871002352165
11-06-2021,24359,705,0,24359,2.89,0,1.0030058469900354
11-07-2021,24383,705,0,24383,2.89,0,1.0009852621207767
11-08-2021,24485,708,0,24485,2.89,0,1.0041832424229997
11-09-2021,24543,708,0,24543,2.88,0,1.0023687972227895
11-10-2021,24599,708,0,24599,2.88,0,1.0022817096524468
11-11-2021,24635,708,0,24635,2.87,0,1.0014634741249644
11-12-2021,24694,711,0,24694,2.88,0,1.0023949665110614
11-13-2021,24710,711,0,24710,2.88,0,1.0006479306714182
11-14-2021,24768,711,0,24768,2.87,0,1.0023472278429786
11-15-2021,24819,715,0,24819,2.88,0,1.0020591085271318
11-16-2021,24883,719,0,24883,2.89,0,1.00257866956767
11-17-2021,24936,719,0,24936,2.88,0,1.0021299682514166
11-18-2021,24950,719,0,24950,2.88,0,1.0005614372794354
11-19-2021,24974,723,0,24974,2.9,0,1.0009619238476954
11-20-2021,24974,723,0,24974,2.9,0,1.0
11-21-2021,25016,725,0,25016,2.9,0,1.0016817490189798
11-22-2021,25027,727,0,25027,2.9,0,1.0004397185801088
11-23-2021,25039,729,0,25039,2.91,0,1.000479482159268
11-24-2021,25062,729,0,25062,2.91,0,1.0009185670354248
11-25-2021,25146,736,0,25146,2.93,0,1.0033516878142208
11-26-2021,25175,738,0,25175,2.93,0,1.0011532649327926
11-27-2021,25202,738,0,25202,2.93,0,1.001072492552135
11-28-2021,25265,738,0,25265,2.92,0,1.0024998016030473
11-29-2021,25296,738,0,25296,2.92,0,1.0012269938650307
11-30-2021,25351,746,0,25351,2.94,0,1.002174256799494
12-01-2021,25463,747,0,25463,2.93,0,1.0044179716776458
12-02-2021,25463,747,0,25463,2.93,0,1.0
12-03-2021,25578,747,0,25578,2.92,0,1.004516357067117
12-04-2021,25638,750,0,25638,2.93,0,1.0023457658925639
12-05-2021,25674,750,0,25674,2.92,0,1.0014041656915516
12-06-2021,25691,754,0,25691,2.93,0,1.0006621484770586
12-07-2021,25705,754,0,25705,2.93,0,1.0005449379160016
12-08-2021,25744,758,0,25744,2.94,0,1.0015172145496984
12-09-2021,25758,761,0,25758,2.95,0,1.0005438160348041
12-10-2021,25794,761,0,25794,2.95,0,1.0013976240391336
12-11-2021,25853,762,0,25853,2.95,0,1.0022873536481351
12-12-2021,25865,762,0,25865,2.95,0,1.0004641627664101
12-13-2021,25879,762,0,25879,2.94,0,1.0005412719891746
12-14-2021,25893,762,0,25893,2.94,0,1.000540979172302
12-15-2021,25907,765,0,25907,2.95,0,1.0005406866720736
12-16-2021,25917,765,0,25917,2.95,0,1.00038599606284
12-17-2021,25920,765,0,25920,2.95,0,1.0001157541382104
12-18-2021,25923,765,0,25923,2.95,0,1.0001157407407408
12-19-2021,25934,765,0,25934,2.95,0,1.0004243336033638
12-20-2021,25941,765,0,25941,2.95,0,1.0002699159404642
12-21-2021,25945,765,0,25945,2.95,0,1.0001541960602907
12-22-2021,25945,765,0,25945,2.95,0,1.0
12-23-2021,25945,765,0,25945,2.95,0,1.0
12-24-2021,25972,766,0,25972,2.95,0,1.0010406629408364
12-25-2021,25974,766,0,25974,2.95,0,1.0000770060064685
12-26-2021,25974,766,0,25974,2.95,0,1.0
12-27-2021,25985,766,0,25985,2.95,0,1.0004235004235005
12-28-2021,25996,766,0,25996,2.95,0,1.0004233211468154
12-29-2021,26024,766,0,26024,2.94,0,1.0010770887828897
12-30-2021,26056,766,0,26056,2.94,0,1.0012296341838303
12-31-2021,26169,773,0,26169,2.95,0,1.0043368130181147
01-01-2022,26213,773,0,26213,2.95,0,1.001681378730559
01-02-2022,26255,773,0,26255,2.94,0,1.001602258421394
01-03-2022,26259,774,0,26259,2.95,0,1.0001523519329651
01-04-2022,26259,774,0,26259,2.95,0,1.0
01-05-2022,26304,774,0,26304,2.94,0,1.0017136981606307
01-06-2022,26406,780,0,26406,2.95,0,1.0038777372262773
01-07-2022,26509,780,0,26509,2.94,0,1.003900628645005
01-08-2022,26654,780,0,26654,2.93,0,1.0054698404315516
01-09-2022,26807,780,0,26807,2.91,0,1.0057402266076387
01-10-2022,27000,780,0,27000,2.89,0,1.0071996120416309
01-11-2022,27082,780,0,27082,2.88,0,1.003037037037037
01-12-2022,27318,780,0,27318,2.86,0,1.0087142751643159
01-13-2022,27490,780,0,27490,2.84,0,1.00629621494985
01-14-2022,27619,780,0,27619,2.82,0,1.004692615496544
01-15-2022,27819,780,0,27819,2.8,0,1.0072413917955032
01-16-2022,27973,780,0,27973,2.79,0,1.0055357848952156
01-17-2022,28030,780,0,28030,2.78,0,1.0020376791906482
01-18-2022,28117,780,0,28117,2.77,0,1.0031038173385658
01-19-2022,28250,780,0,28250,2.76,0,1.0047302343777786
01-20-2022,28352,783,0,28352,2.76,0,1.0036106194690266
01-21-2022,28471,783,0,28471,2.75,0,1.0041972347629797
01-22-2022,28561,783,0,28561,2.74,0,1.0031611113062415
01-23-2022,28709,783,0,28709,2.73,0,1.0051818913903574
01-24-2022,28743,783,0,28743,2.72,0,1.0011842976070222
01-25-2022,28875,784,0,28875,2.72,0,1.0045924225028702
01-26-2022,29053,784,0,29053,2.7,0,1.0061645021645023
01-27-2022,29123,784,0,29123,2.69,0,1.0024093897359998
01-28-2022,29217,786,0,29217,2.69,0,1.0032276894550698
01-29-2022,29323,792,0,29323,2.7,0,1.0036280247800937
01-30-2022,29444,799,0,29444,2.71,0,1.0041264536370766
01-31-2022,29477,804,0,29477,2.73,0,1.001120771634289
02-01-2022,29549,804,0,29549,2.72,0,1.0024425823523424
02-02-2022,29549,804,0,29549,2.72,0,1.0
02-03-2022,29715,804,0,29715,2.71,0,1.0056177874039731
02-04-2022,29779,804,0,29779,2.7,0,1.0021537943799428
02-05-2022,29832,804,0,29832,2.7,0,1.0017797776956916
02-06-2022,29848,804,0,29848,2.69,0,1.0005363368195226
02-07-2022,29879,806,0,29879,2.7,0,1.0010385955507908
02-08-2022,29888,806,0,29888,2.7,0,1.0003012149000972
02-09-2022,29907,807,0,29907,2.7,0,1.0006357066381157
02-10-2022,29907,807,0,29907,2.7,0,1.0
02-11-2022,29907,807,0,29907,2.7,0,1.0
02-12-2022,30055,809,0,30055,2.69,0,1.004948674223426
02-13-2022,30055,809,0,30055,2.69,0,1.0
02-14-2022,30102,809,0,30102,2.69,0,1.001563799700549
02-15-2022,30121,809,0,30121,2.69,0,1.0006311872965252
02-16-2022,30162,814,0,30162,2.7,0,1.0013611765877626
02-17-2022,30208,819,0,30208,2.71,0,1.0015250978051853
02-18-2022,30226,819,0,30226,2.71,0,1.0005958686440677
02-19-2022,30260,819,0,30260,2.71,0,1.001124859392576
02-20-2022,30273,819,0,30273,2.71,0,1.0004296100462657
02-21-2022,30287,819,0,30287,2.7,0,1.0004624582961714
02-22-2022,30299,820,0,30299,2.71,0,1.0003962095948757
02-23-2022,30314,820,0,30314,2.71,0,1.0004950658437572
02-24-2022,30336,820,0,30336,2.7,0,1.0007257372831035
02-25-2022,30340,820,0,30340,2.7,0,1.0001318565400843
02-26-2022,30342,820,0,30342,2.7,0,1.0000659195781147
02-27-2022,30342,820,0,30342,2.7,0,1.0
02-28-2022,30350,820,0,30350,2.7,0,1.0002636609320414
03-01-2022,30353,820,0,30353,2.7,0,1.0000988467874794
03-02-2022,30375,820,0,30375,2.7,0,1.00072480479689
03-03-2022,30382,820,0,30382,2.7,0,1.000230452674897
03-04-2022,30385,823,0,30385,2.71,0,1.0000987426765848
03-05-2022,30400,825,0,30400,2.71,0,1.0004936646371565
03-06-2022,30430,827,0,30430,2.72,0,1.0009868421052632
03-07-2022,30430,827,0,30430,2.72,0,1.0
03-08-2022,30432,827,0,30432,2.72,0,1.000065724613868
03-09-2022,30433,827,0,30433,2.72,0,1.0000328601472135
03-10-2022,30438,827,0,30438,2.72,0,1.0001642953372982
03-11-2022,30446,827,0,30446,2.72,0,1.0002628293580393
03-12-2022,30461,827,0,30461,2.71,0,1.0004926755567234
03-13-2022,30473,827,0,30473,2.71,0,1.0003939463576377
03-14-2022,30473,827,0,30473,2.71,0,1.0
03-15-2022,30478,827,0,30478,2.71,0,1.0001640796770912
03-16-2022,30487,827,0,30487,2.71,0,1.0002952949668613
03-17-2022,30488,827,0,30488,2.71,0,1.000032800865943
03-18-2022,30494,827,0,30494,2.71,0,1.000196798740488
03-19-2022,30496,827,0,30496,2.71,0,1.000065586672788
03-20-2022,30509,827,0,30509,2.71,0,1.0004262854144805
03-21-2022,30511,827,0,30511,2.71,0,1.0000655544265626
03-22-2022,30511,827,0,30511,2.71,0,1.0
03-23-2022,30515,827,0,30515,2.71,0,1.000131100258923
03-24-2022,30522,829,0,30522,2.72,0,1.0002293953793215
03-25-2022,30528,833,0,30528,2.73,0,1.0001965795164145
03-26-2022,30528,833,0,30528,2.73,0,1.0
03-27-2022,30528,833,0,30528,2.73,0,1.0
03-28-2022,30545,833,0,30545,2.73,0,1.0005568658280923
03-29-2022,30545,833,0,30545,2.73,0,1.0
03-30-2022,30545,833,0,30545,2.73,0,1.0
03-31-2022,30563,833,0,30563,2.73,0,1.0005892944835488
04-01-2022,30567,833,0,30567,2.73,0,1.0001308772044628
04-02-2022,30571,833,0,30571,2.72,0,1.0001308600778618
04-03-2022,30575,833,0,30575,2.72,0,1.0001308429557423
04-04-2022,30575,833,0,30575,2.72,0,1.0
04-05-2022,30576,834,0,30576,2.73,0,1.0000327064595258
04-06-2022,30578,834,0,30578,2.73,0,1.0000654107796965
04-07-2022,30578,834,0,30578,2.73,0,1.0
04-08-2022,30585,835,0,30585,2.73,0,1.000228922754922
04-09-2022,30586,835,0,30586,2.73,0,1.0000326957658983
04-10-2022,30586,835,0,30586,2.73,0,1.0
04-11-2022,30587,835,0,30587,2.73,0,1.0000326946969202
04-12-2022,30594,835,0,30594,2.73,0,1.0002288553960832
04-13-2022,30610,835,0,30610,2.73,0,1.0005229783617702
04-14-2022,30612,835,0,30612,2.73,0,1.000065338124796
04-15-2022,30615,835,0,30615,2.73,0,1.0000980007840063
04-16-2022,30623,835,0,30623,2.73,0,1.00026130981545
04-17-2022,30640,835,0,30640,2.73,0,1.0005551382947457
04-18-2022,30643,835,0,30643,2.72,0,1.000097911227154
04-19-2022,30648,835,0,30648,2.72,0,1.0001631694024737
04-20-2022,30649,835,0,30649,2.72,0,1.0000326285565126
04-21-2022,30650,835,0,30650,2.72,0,1.0000326274919247
04-22-2022,30655,835,0,30655,2.72,0,1.000163132137031
04-23-2022,30659,835,0,30659,2.72,0,1.000130484423422
04-24-2022,30659,835,0,30659,2.72,0,1.0
04-25-2022,30690,835,0,30690,2.72,0,1.0010111223458038
04-26-2022,30690,835,0,30690,2.72,0,1.0
04-27-2022,30697,835,0,30697,2.72,0,1.0002280873248615
04-28-2022,30699,835,0,30699,2.72,0,1.000065152946542
04-29-2022,30702,835,0,30702,2.72,0,1.0000977230528683
04-30-2022,30703,835,0,30703,2.72,0,1.000032571168002
05-01-2022,30704,835,0,30704,2.72,0,1.0000325701071557
05-02-2022,30705,835,0,30705,2.72,0,1.0000325690463783
05-03-2022,30707,835,0,30707,2.72,0,1.0000651359713402
05-04-2022,30707,835,0,30707,2.72,0,1.0
05-05-2022,30707,835,0,30707,2.72,0,1.0
05-06-2022,30707,835,0,30707,2.72,0,1.0
05-07-2022,30712,835,0,30712,2.72,0,1.0001628293223044
05-08-2022,30713,835,0,30713,2.72,0,1.0000325605626466
05-09-2022,30713,835,0,30713,2.72,0,1.0
05-10-2022,30713,835,0,30713,2.72,0,1.0
05-11-2022,30725,835,0,30725,2.72,0,1.0003907140298895
05-12-2022,30730,835,0,30730,2.72,0,1.0001627339300243
05-13-2022,30734,835,0,30734,2.72,0,1.000130165961601
05-14-2022,30740,835,0,30740,2.72,0,1.000195223530943
05-15-2022,30746,835,0,30746,2.72,0,1.0001951854261548
05-16-2022,30754,835,0,30754,2.72,0,1.0002601964483184
05-17-2022,30760,835,0,30760,2.71,0,1.0001950965728035
05-18-2022,30771,835,0,30771,2.71,0,1.0003576072821847
05-19-2022,30781,835,0,30781,2.71,0,1.0003249813135744
05-20-2022,30781,835,0,30781,2.71,0,1.0
05-21-2022,30789,835,0,30789,2.71,0,1.000259900588025
05-22-2022,30789,835,0,30789,2.71,0,1.0
05-23-2022,30803,835,0,30803,2.71,0,1.0004547078502062
05-24-2022,30805,835,0,30805,2.71,0,1.000064928740707
05-25-2022,30818,835,0,30818,2.71,0,1.0004220094140561
05-26-2022,30818,835,0,30818,2.71,0,1.0
05-27-2022,30818,835,0,30818,2.71,0,1.0
05-28-2022,30818,835,0,30818,2.71,0,1.0
05-29-2022,30818,835,0,30818,2.71,0,1.0
05-30-2022,30818,835,0,30818,2.71,0,1.0
05-31-2022,30892,835,0,30892,2.7,0,1.0024011941073399
06-01-2022,30905,835,0,30905,2.7,0,1.0004208209245111
06-02-2022,30924,835,0,30924,2.7,0,1.0006147872512539
06-03-2022,30940,835,0,30940,2.7,0,1.000517397490622
06-04-2022,30952,835,0,30952,2.7,0,1.000387847446671
06-05-2022,30963,835,0,30963,2.7,0,1.000355388989403
06-06-2022,30970,835,0,30970,2.7,0,1.0002260762845978
06-07-2022,30985,837,0,30985,2.7,0,1.0004843396835648
06-08-2022,31004,837,0,31004,2.7,0,1.0006131999354526
06-09-2022,31025,837,0,31025,2.7,0,1.000677331957167
06-10-2022,31034,837,0,31034,2.7,0,1.000290088638195
06-11-2022,31054,837,0,31054,2.7,0,1.0006444544692918
06-12-2022,31075,837,0,31075,2.69,0,1.0006762413859729
06-13-2022,31092,837,0,31092,2.69,0,1.000547063555913
06-14-2022,31115,837,0,31115,2.69,0,1.0007397401260774
06-15-2022,31133,837,0,31133,2.69,0,1.000578499116182
06-16-2022,31163,837,0,31163,2.69,0,1.0009636077474062
06-17-2022,31195,837,0,31195,2.68,0,1.0010268587748292
06-18-2022,31200,837,0,31200,2.68,0,1.0001602820964899
06-19-2022,31226,837,0,31226,2.68,0,1.0008333333333332
06-20-2022,31242,837,0,31242,2.68,0,1.000512393518222
06-21-2022,31248,837,0,31248,2.68,0,1.0001920491645861
06-22-2022,31301,837,0,31301,2.67,0,1.0016961085509473
06-23-2022,31355,837,0,31355,2.67,0,1.0017251844988977
06-24-2022,31410,837,0,31410,2.66,0,1.0017541062031574
06-25-2022,31470,837,0,31470,2.66,0,1.0019102196752627
06-26-2022,31470,837,0,31470,2.66,0,1.0
06-27-2022,31550,837,0,31550,2.65,0,1.0025421035907214
06-28-2022,31603,837,0,31603,2.65,0,1.0016798732171157
06-29-2022,31656,837,0,31656,2.64,0,1.0016770559756984
06-30-2022,31677,837,0,31677,2.64,0,1.0006633813495072
07-01-2022,31703,837,0,31703,2.64,0,1.00082078479654
07-02-2022,31767,837,0,31767,2.63,0,1.0020187363971864
07-03-2022,31795,837,0,31795,2.63,0,1.0008814178235275
07-04-2022,31843,837,0,31843,2.63,0,1.0015096713319704
07-05-2022,31884,837,0,31884,2.63,0,1.001287567126213
07-06-2022,31908,837,0,31908,2.62,0,1.0007527286413247
07-07-2022,31931,837,0,31931,2.62,0,1.0007208223642974
07-08-2022,31980,837,0,31980,2.62,0,1.0015345588926121
07-09-2022,31980,837,0,31980,2.62,0,1.0
07-10-2022,31980,837,0,31980,2.62,0,1.0
07-11-2022,31980,837,0,31980,2.62,0,1.0
07-12-2022,32103,837,0,32103,2.61,0,1.0038461538461538
07-13-2022,32103,837,0,32103,2.61,0,1.0
07-14-2022,32131,838,0,32131,2.61,0,1.0008721926299722
07-15-2022,32145,838,0,32145,2.61,0,1.0004357162864523
07-16-2022,32155,838,0,32155,2.61,0,1.000311090371753
07-17-2022,32178,838,0,32178,2.6,0,1.0007152853366506
07-18-2022,32197,838,0,32197,2.6,0,1.000590465535459
07-19-2022,32223,838,0,32223,2.6,0,1.0008075286517377
07-20-2022,32223,838,0,32223,2.6,0,1.0
07-21-2022,32223,838,0,32223,2.6,0,1.0
07-22-2022,32223,838,0,32223,2.6,0,1.0
07-23-2022,32223,838,0,32223,2.6,0,1.0
07-24-2022,32263,838,0,32263,2.6,0,1.0012413493467398
07-25-2022,32263,838,0,32263,2.6,0,1.0
07-26-2022,32272,838,0,32272,2.6,0,1.00027895731953
07-27-2022,32285,838,0,32285,2.6,0,1.000402825979177
07-28-2022,32296,838,0,32296,2.59,0,1.0003407155025554
07-29-2022,32314,838,0,32314,2.59,0,1.0005573445627942
07-30-2022,32361,838,0,32361,2.59,0,1.0014544779352603
07-31-2022,32405,838,0,32405,2.59,0,1.0013596613207256
08-01-2022,32464,838,0,32464,2.58,0,1.0018207066810678
08-02-2022,32516,838,0,32516,2.58,0,1.001601774273041
08-03-2022,32516,838,0,32516,2.58,0,1.0
08-04-2022,32516,838,0,32516,2.58,0,1.0
08-05-2022,32516,838,0,32516,2.58,0,1.0
08-06-2022,32516,838,0,32516,2.58,0,1.0
08-07-2022,32703,838,0,32703,2.56,0,1.0057510148849798
08-08-2022,32715,838,0,32715,2.56,0,1.000366938812953
08-09-2022,32738,838,0,32738,2.56,0,1.0007030414183096
08-10-2022,32791,838,0,32791,2.56,0,1.0016189138004765
08-11-2022,32809,838,0,32809,2.55,0,1.0005489311091458
08-12-2022,32843,840,0,32843,2.56,0,1.0010363010149654
08-13-2022,32873,840,0,32873,2.56,0,1.000913436653168
08-14-2022,32942,840,0,32942,2.55,0,1.0020989870106165
08-15-2022,32961,840,0,32961,2.55,0,1.0005767712950033
08-16-2022,32994,840,0,32994,2.55,0,1.0010011832165286
08-17-2022,33017,840,0,33017,2.54,0,1.0006970964417774
08-18-2022,33043,841,0,33043,2.55,0,1.000787473119908
08-19-2022,33070,841,0,33070,2.54,0,1.0008171170898525
08-20-2022,33133,841,0,33133,2.54,0,1.001905049894164
08-21-2022,33189,841,0,33189,2.53,0,1.0016901578486705
08-22-2022,33239,841,0,33239,2.53,0,1.0015065232456537
08-23-2022,33295,841,0,33295,2.53,0,1.0016847678931375
08-24-2022,33331,841,0,33331,2.52,0,1.0010812434299445
08-25-2022,33360,841,0,33360,2.52,0,1.0008700609042633
08-26-2022,33381,841,0,33381,2.52,0,1.0006294964028777
08-27-2022,33400,841,0,33400,2.52,0,1.0005691860639285
08-28-2022,33442,841,0,33442,2.51,0,1.00125748502994
08-29-2022,33468,841,0,33468,2.51,0,1.000777465462592
08-30-2022,33520,841,0,33520,2.51,0,1.0015537229592446
08-31-2022,33551,841,0,33551,2.51,0,1.0009248210023867
09-01-2022,33551,841,0,33551,2.51,0,1.0
09-02-2022,33551,841,0,33551,2.51,0,1.0
09-03-2022,33551,841,0,33551,2.51,0,1.0
09-04-2022,33551,841,0,33551,2.51,0,1.0
09-05-2022,33551,841,0,33551,2.51,0,1.0
09-06-2022,33551,841,0,33551,2.51,0,1.0
09-07-2022,33551,841,0,33551,2.51,0,1.0
09-08-2022,33551,841,0,33551,2.51,0,1.0
09-09-2022,33658,851,0,33658,2.53,0,1.003189174689279
09-10-2022,33658,851,0,33658,2.53,0,1.0
09-11-2022,33658,851,0,33658,2.53,0,1.0
09-12-2022,33702,857,0,33702,2.54,0,1.0013072672173036
09-13-2022,33702,857,0,33702,2.54,0,1.0
09-14-2022,33702,857,0,33702,2.54,0,1.0
09-15-2022,33721,857,0,33721,2.54,0,1.0005637647617351
09-16-2022,33721,857,0,33721,2.54,0,1.0
09-17-2022,33721,857,0,33721,2.54,0,1.0
09-18-2022,33721,857,0,33721,2.54,0,1.0
09-19-2022,33721,857,0,33721,2.54,0,1.0
09-20-2022,33721,857,0,33721,2.54,0,1.0
09-21-2022,33721,857,0,33721,2.54,0,1.0
09-22-2022,33733,857,0,33733,2.54,0,1.0003558613327006
09-23-2022,33733,857,0,33733,2.54,0,1.0
09-24-2022,33733,857,0,33733,2.54,0,1.0
09-25-2022,33733,857,0,33733,2.54,0,1.0
09-26-2022,33733,857,0,33733,2.54,0,1.0
09-27-2022,33733,857,0,33733,2.54,0,1.0
09-28-2022,33733,857,0,33733,2.54,0,1.0
09-29-2022,33733,857,0,33733,2.54,0,1.0
09-30-2022,33733,857,0,33733,2.54,0,1.0
10-01-2022,33756,857,0,33756,2.54,0,1.0006818249192186
10-02-2022,33756,857,0,33756,2.54,0,1.0
10-03-2022,33756,857,0,33756,2.54,0,1.0
10-04-2022,33756,857,0,33756,2.54,0,1.0
10-05-2022,33756,857,0,33756,2.54,0,1.0
10-06-2022,33756,857,0,33756,2.54,0,1.0
10-07-2022,33756,857,0,33756,2.54,0,1.0
10-08-2022,33756,857,0,33756,2.54,0,1.0
10-09-2022,33756,857,0,33756,2.54,0,1.0
10-10-2022,33756,857,0,33756,2.54,0,1.0
10-11-2022,33756,857,0,33756,2.54,0,1.0
10-12-2022,33761,857,0,33761,2.54,0,1.000148121815381
10-13-2022,33764,857,0,33764,2.54,0,1.000088859927135
10-14-2022,33764,857,0,33764,2.54,0,1.0
10-15-2022,33764,857,0,33764,2.54,0,1.0
10-16-2022,33764,857,0,33764,2.54,0,1.0
10-17-2022,33764,857,0,33764,2.54,0,1.0
10-18-2022,33764,857,0,33764,2.54,0,1.0
10-19-2022,33764,857,0,33764,2.54,0,1.0
10-20-2022,33764,857,0,33764,2.54,0,1.0
10-21-2022,33764,857,0,33764,2.54,0,1.0
10-22-2022,33764,857,0,33764,2.54,0,1.0
10-23-2022,33764,857,0,33764,2.54,0,1.0
10-24-2022,33764,857,0,33764,2.54,0,1.0
10-25-2022,33764,857,0,33764,2.54,0,1.0
10-26-2022,33811,857,0,33811,2.53,0,1.00139201516408
10-27-2022,33811,857,0,33811,2.53,0,1.0
10-28-2022,33811,857,0,33811,2.53,0,1.0
10-29-2022,33811,857,0,33811,2.53,0,1.0
10-30-2022,33811,857,0,33811,2.53,0,1.0
10-31-2022,33811,857,0,33811,2.53,0,1.0
11-01-2022,33811,857,0,33811,2.53,0,1.0
11-02-2022,33811,857,0,33811,2.53,0,1.0
11-03-2022,33828,860,0,33828,2.54,0,1.0005027949483896
11-04-2022,33828,860,0,33828,2.54,0,1.0
11-05-2022,33828,860,0,33828,2.54,0,1.0
11-06-2022,33828,860,0,33828,2.54,0,1.0
11-07-2022,33828,860,0,33828,2.54,0,1.0
11-08-2022,33828,860,0,33828,2.54,0,1.0
11-09-2022,33828,860,0,33828,2.54,0,1.0
11-10-2022,33828,860,0,33828,2.54,0,1.0
11-11-2022,33828,860,0,33828,2.54,0,1.0
11-12-2022,33828,860,0,33828,2.54,0,1.0
11-13-2022,33832,860,0,33832,2.54,0,1.000118245240629
11-14-2022,33832,860,0,33832,2.54,0,1.0
11-15-2022,33832,860,0,33832,2.54,0,1.0
11-16-2022,33832,860,0,33832,2.54,0,1.0
11-17-2022,33837,860,0,33837,2.54,0,1.0001477890754316
11-18-2022,33837,860,0,33837,2.54,0,1.0
11-19-2022,33837,860,0,33837,2.54,0,1.0
11-20-2022,33837,860,0,33837,2.54,0,1.0
11-21-2022,33837,860,0,33837,2.54,0,1.0
11-22-2022,33837,860,0,33837,2.54,0,1.0
11-23-2022,33837,860,0,33837,2.54,0,1.0
11-24-2022,33846,860,0,33846,2.54,0,1.0002659810266867
11-25-2022,33846,860,0,33846,2.54,0,1.0
11-26-2022,33846,860,0,33846,2.54,0,1.0
11-27-2022,33846,860,0,33846,2.54,0,1.0
11-28-2022,33846,860,0,33846,2.54,0,1.0
11-29-2022,33846,860,0,33846,2.54,0,1.0
11-30-2022,33846,860,0,33846,2.54,0,1.0
12-01-2022,33862,860,0,33862,2.54,0,1.0004727294214975
12-02-2022,33862,860,0,33862,2.54,0,1.0
12-03-2022,33862,860,0,33862,2.54,0,1.0
12-04-2022,33862,860,0,33862,2.54,0,1.0
12-05-2022,33862,860,0,33862,2.54,0,1.0
12-06-2022,33862,860,0,33862,2.54,0,1.0
12-07-2022,33862,860,0,33862,2.54,0,1.0
12-08-2022,33862,860,0,33862,2.54,0,1.0
12-09-2022,33874,860,0,33874,2.54,0,1.000354379540488
12-10-2022,33874,860,0,33874,2.54,0,1.0
12-11-2022,33874,860,0,33874,2.54,0,1.0
12-12-2022,33874,860,0,33874,2.54,0,1.0
12-13-2022,33874,860,0,33874,2.54,0,1.0
12-14-2022,33874,860,0,33874,2.54,0,1.0
12-15-2022,33876,860,0,33876,2.54,0,1.000059042333353
12-16-2022,33876,860,0,33876,2.54,0,1.0
12-17-2022,33876,860,0,33876,2.54,0,1.0
12-18-2022,33876,860,0,33876,2.54,0,1.0
12-19-2022,33876,860,0,33876,2.54,0,1.0
12-20-2022,33876,860,0,33876,2.54,0,1.0
12-21-2022,33876,860,0,33876,2.54,0,1.0
12-22-2022,33893,860,0,33893,2.54,0,1.0005018302042745
12-23-2022,33893,860,0,33893,2.54,0,1.0
12-24-2022,33893,860,0,33893,2.54,0,1.0
12-25-2022,33893,860,0,33893,2.54,0,1.0
12-26-2022,33893,860,0,33893,2.54,0,1.0
12-27-2022,33893,860,0,33893,2.54,0,1.0
12-28-2022,33893,860,0,33893,2.54,0,1.0
12-29-2022,33893,860,0,33893,2.54,0,1.0
12-30-2022,33893,860,0,33893,2.54,0,1.0
12-31-2022,33893,860,0,33893,2.54,0,1.0
01-01-2023,33904,860,0,33904,2.54,0,1.000324550792199
01-02-2023,33904,860,0,33904,2.54,0,1.0
01-03-2023,33904,860,0,33904,2.54,0,1.0
01-04-2023,33904,860,0,33904,2.54,0,1.0
01-05-2023,33912,860,0,33912,2.54,0,1.0002359603586597
01-06-2023,33912,860,0,33912,2.54,0,1.0
01-07-2023,33912,860,0,33912,2.54,0,1.0
01-08-2023,33912,860,0,33912,2.54,0,1.0
01-09-2023,33912,860,0,33912,2.54,0,1.0
01-10-2023,33969,860,0,33969,2.53,0,1.0016808209483368
01-11-2023,33969,860,0,33969,2.53,0,1.0
01-12-2023,33969,860,0,33969,2.53,0,1.0
01-13-2023,33969,860,0,33969,2.53,0,1.0
01-14-2023,33969,860,0,33969,2.53,0,1.0
01-15-2023,33969,860,0,33969,2.53,0,1.0
01-16-2023,33969,860,0,33969,2.53,0,1.0
01-17-2023,33969,860,0,33969,2.53,0,1.0
01-18-2023,33969,860,0,33969,2.53,0,1.0
01-19-2023,33969,860,0,33969,2.53,0,1.0
01-20-2023,33969,860,0,33969,2.53,0,1.0
01-21-2023,34008,860,0,34008,2.53,0,1.0011481056257177
01-22-2023,34008,860,0,34008,2.53,0,1.0
01-23-2023,34008,860,0,34008,2.53,0,1.0
01-24-2023,34008,860,0,34008,2.53,0,1.0
01-25-2023,34008,860,0,34008,2.53,0,1.0
01-26-2023,34008,860,0,34008,2.53,0,1.0
01-27-2023,34008,860,0,34008,2.53,0,1.0
01-28-2023,34008,860,0,34008,2.53,0,1.0
01-29-2023,34008,860,0,34008,2.53,0,1.0
01-30-2023,34008,860,0,34008,2.53,0,1.0
01-31-2023,34076,860,0,34076,2.52,0,1.0019995295224653
02-01-2023,34076,860,0,34076,2.52,0,1.0
02-02-2023,34076,860,0,34076,2.52,0,1.0
02-03-2023,34076,860,0,34076,2.52,0,1.0
02-04-2023,34076,860,0,34076,2.52,0,1.0
02-05-2023,34076,860,0,34076,2.52,0,1.0
02-06-2023,34076,860,0,34076,2.52,0,1.0
02-07-2023,34076,860,0,34076,2.52,0,1.0
02-08-2023,34076,860,0,34076,2.52,0,1.0
02-09-2023,34076,860,0,34076,2.52,0,1.0
02-10-2023,34076,860,0,34076,2.52,0,1.0
02-11-2023,34076,860,0,34076,2.52,0,1.0
02-12-2023,34076,860,0,34076,2.52,0,1.0
02-13-2023,34076,860,0,34076,2.52,0,1.0
02-14-2023,34076,860,0,34076,2.52,0,1.0
02-15-2023,34076,860,0,34076,2.52,0,1.0
02-16-2023,34143,860,0,34143,2.52,0,1.001966193215166
02-17-2023,34143,860,0,34143,2.52,0,1.0
02-18-2023,34143,860,0,34143,2.52,0,1.0
02-19-2023,34143,860,0,34143,2.52,0,1.0
02-20-2023,34143,860,0,34143,2.52,0,1.0
02-21-2023,34143,860,0,34143,2.52,0,1.0
02-22-2023,34143,860,0,34143,2.52,0,1.0
02-23-2023,34143,860,0,34143,2.52,0,1.0
02-24-2023,34143,860,0,34143,2.52,0,1.0
02-25-2023,34143,860,0,34143,2.52,0,1.0
02-26-2023,34143,860,0,34143,2.52,0,1.0
02-27-2023,34143,860,0,34143,2.52,0,1.0
02-28-2023,34143,860,0,34143,2.52,0,1.0
03-01-2023,34143,860,0,34143,2.52,0,1.0
03-02-2023,34143,860,0,34143,2.52,0,1.0
03-03-2023,34143,860,0,34143,2.52,0,1.0
03-04-2023,34202,860,0,34202,2.51,0,1.001728026242568
03-05-2023,34202,860,0,34202,2.51,0,1.0
03-06-2023,34202,860,0,34202,2.51,0,1.0
03-07-2023,34202,860,0,34202,2.51,0,1.0
03-08-2023,34202,860,0,34202,2.51,0,1.0
03-09-2023,34202,860,0,34202,2.51,0,1.0
