date,total_confirmed,total_deaths,total_recovered,total_infected,mortality_rate,recovery_rate,daily_growth_rate
03-11-2020,1,0,0,1,0.0,0.0,1
03-12-2020,2,0,0,2,0.0,0.0,2.0
03-13-2020,8,0,0,8,0.0,0.0,4.0
03-14-2020,8,0,0,8,0.0,0.0,1.0
03-15-2020,10,0,0,10,0.0,0.0,1.25
03-16-2020,10,0,2,8,0.0,20.0,1.0
03-17-2020,12,0,2,10,0.0,16.67,1.2
03-18-2020,13,0,2,11,0.0,15.38,1.0833333333333333
03-19-2020,15,1,2,13,6.67,13.33,1.1538461538461537
03-20-2020,16,1,2,14,6.25,12.5,1.0666666666666667
03-21-2020,16,1,2,14,6.25,12.5,1.0
03-22-2020,19,1,2,17,5.26,10.53,1.1875
03-23-2020,19,1,2,17,5.26,10.53,1.0
03-24-2020,21,1,2,19,4.76,9.52,1.1052631578947367
03-25-2020,26,1,2,24,3.85,7.69,1.2380952380952381
03-26-2020,26,1,2,24,3.85,7.69,1.0
03-27-2020,26,1,2,24,3.85,7.69,1.0
03-28-2020,30,1,2,28,3.33,6.67,1.1538461538461537
03-29-2020,32,1,2,30,3.13,6.25,1.0666666666666667
03-30-2020,36,1,2,34,2.78,5.56,1.125
03-31-2020,36,1,2,34,2.78,5.56,1.0
04-01-2020,44,3,2,42,6.82,4.55,1.2222222222222223
04-02-2020,47,3,2,45,6.38,4.26,1.0681818181818181
04-03-2020,47,3,2,45,6.38,4.26,1.0
04-04-2020,53,3,7,46,5.66,13.21,1.127659574468085
04-05-2020,58,3,8,50,5.17,13.79,1.0943396226415094
04-06-2020,58,3,8,50,5.17,13.79,1.0
04-07-2020,63,3,8,55,4.76,12.7,1.0862068965517242
04-08-2020,63,4,10,53,6.35,15.87,1.0
04-09-2020,63,4,12,51,6.35,19.05,1.0
04-10-2020,63,4,13,50,6.35,20.63,1.0
04-11-2020,65,4,13,52,6.15,20.0,1.0317460317460316
04-12-2020,69,4,13,56,5.8,18.84,1.0615384615384615
04-13-2020,73,4,19,54,5.48,26.03,1.0579710144927537
04-14-2020,73,4,19,54,5.48,26.03,1.0
04-15-2020,125,5,21,104,4.0,16.8,1.7123287671232876
04-16-2020,143,5,21,122,3.5,14.69,1.144
04-17-2020,143,5,25,118,3.5,17.48,1.0
04-18-2020,163,5,25,138,3.07,15.34,1.1398601398601398
04-19-2020,173,5,27,146,2.89,15.61,1.0613496932515338
04-20-2020,223,5,27,196,2.24,12.11,1.2890173410404624
04-21-2020,223,6,27,196,2.69,12.11,1.0
04-22-2020,233,6,27,206,2.58,11.59,1.0448430493273542
04-23-2020,257,6,28,229,2.33,10.89,1.1030042918454936
04-24-2020,288,7,28,260,2.43,9.72,1.1206225680933852
04-25-2020,305,7,28,277,2.3,9.18,1.0590277777777777
04-26-2020,350,7,28,322,2.0,8.0,1.1475409836065573
04-27-2020,364,7,29,335,1.92,7.97,1.04
04-28-2020,364,7,29,335,1.92,7.97,1.0
04-29-2020,396,7,29,367,1.77,7.32,1.0879120879120878
04-30-2020,422,8,29,393,1.9,6.87,1.0656565656565657
05-01-2020,432,8,31,401,1.85,7.18,1.0236966824644549
05-02-2020,463,8,33,430,1.73,7.13,1.0717592592592593
05-03-2020,469,9,38,431,1.92,8.1,1.0129589632829374
05-04-2020,471,9,38,433,1.91,8.07,1.004264392324094
05-05-2020,473,9,56,417,1.9,11.84,1.0042462845010616
05-06-2020,478,9,57,421,1.88,11.92,1.0105708245243128
05-07-2020,488,9,58,430,1.84,11.89,1.0209205020920502
05-08-2020,490,9,62,428,1.84,12.65,1.0040983606557377
05-09-2020,490,9,62,428,1.84,12.65,1.0
05-10-2020,502,9,90,412,1.79,17.93,1.0244897959183674
05-11-2020,505,9,90,415,1.78,17.82,1.0059760956175299
05-12-2020,507,9,100,407,1.78,19.72,1.003960396039604
05-13-2020,509,9,113,396,1.77,22.2,1.0039447731755424
05-14-2020,509,9,118,391,1.77,23.18,1.0
05-15-2020,511,9,121,390,1.76,23.68,1.0039292730844793
05-16-2020,517,9,121,396,1.74,23.4,1.0117416829745598
05-17-2020,520,9,127,393,1.73,24.42,1.0058027079303675
05-18-2020,520,9,131,389,1.73,25.19,1.0
05-19-2020,520,9,145,375,1.73,27.88,1.0
05-20-2020,529,9,171,358,1.7,32.33,1.0173076923076922
05-21-2020,534,9,181,353,1.69,33.9,1.00945179584121
05-22-2020,544,9,191,353,1.65,35.11,1.0187265917602997
05-23-2020,550,9,200,350,1.64,36.36,1.0110294117647058
05-24-2020,552,9,211,341,1.63,38.22,1.0036363636363637
05-25-2020,556,9,238,318,1.62,42.81,1.0072463768115942
05-26-2020,564,9,267,297,1.6,47.34,1.014388489208633
05-27-2020,569,9,279,290,1.58,49.03,1.0088652482269505
05-28-2020,569,9,284,285,1.58,49.91,1.0
05-29-2020,575,9,289,286,1.57,50.26,1.0105448154657293
05-30-2020,581,9,290,291,1.55,49.91,1.0104347826086957
05-31-2020,586,9,311,275,1.54,53.07,1.008605851979346
06-01-2020,588,9,322,266,1.53,54.76,1.0034129692832765
06-02-2020,590,9,356,234,1.53,60.34,1.0034013605442176
06-03-2020,591,10,361,230,1.69,61.08,1.0016949152542374
06-04-2020,591,10,368,223,1.69,62.27,1.0
06-05-2020,595,10,385,210,1.68,64.71,1.0067681895093064
06-06-2020,596,10,404,192,1.68,67.79,1.0016806722689076
06-07-2020,598,10,405,193,1.67,67.73,1.0033557046979866
06-08-2020,599,10,405,194,1.67,67.61,1.0016722408026757
06-09-2020,605,10,405,200,1.65,66.94,1.010016694490818
06-10-2020,605,10,407,198,1.65,67.27,1.0
06-11-2020,611,10,408,203,1.64,66.78,1.0099173553719007
06-12-2020,614,10,417,197,1.63,67.92,1.004909983633388
06-13-2020,615,10,420,195,1.63,68.29,1.001628664495114
06-14-2020,617,10,420,197,1.62,68.07,1.0032520325203251
06-15-2020,621,10,430,191,1.61,69.24,1.006482982171799
06-16-2020,621,10,449,172,1.61,72.3,1.0
06-17-2020,626,10,451,175,1.6,72.04,1.0080515297906603
06-18-2020,638,10,458,180,1.57,71.79,1.0191693290734825
06-19-2020,652,10,458,194,1.53,70.25,1.0219435736677116
06-20-2020,657,10,462,195,1.52,70.32,1.0076687116564418
06-21-2020,659,10,516,143,1.52,78.3,1.0030441400304415
06-22-2020,665,10,516,149,1.5,77.59,1.0091047040971168
06-23-2020,670,10,518,152,1.49,77.31,1.0075187969924813
06-24-2020,678,10,521,157,1.47,76.84,1.0119402985074626
06-25-2020,684,10,526,158,1.46,76.9,1.008849557522124
06-26-2020,686,10,539,147,1.46,78.57,1.0029239766081872
06-27-2020,690,10,552,138,1.45,80.0,1.0058309037900874
06-28-2020,696,10,552,144,1.44,79.31,1.008695652173913
06-29-2020,698,10,553,145,1.43,79.23,1.0028735632183907
06-30-2020,702,10,553,149,1.42,78.77,1.005730659025788
07-01-2020,707,10,555,152,1.41,78.5,1.0071225071225072
07-02-2020,715,10,560,155,1.4,78.32,1.0113154172560113
07-03-2020,721,10,565,156,1.39,78.36,1.0083916083916085
07-04-2020,728,10,569,159,1.37,78.16,1.0097087378640777
07-05-2020,732,10,584,148,1.37,79.78,1.0054945054945055
07-06-2020,737,10,591,146,1.36,80.19,1.0068306010928962
07-07-2020,745,10,599,146,1.34,80.4,1.010854816824966
07-08-2020,751,10,600,151,1.33,79.89,1.0080536912751679
07-09-2020,753,10,603,150,1.33,80.08,1.0026631158455392
07-10-2020,753,10,605,148,1.33,80.35,1.0
07-11-2020,758,10,615,143,1.32,81.13,1.0066401062416999
07-12-2020,758,10,620,138,1.32,81.79,1.0
07-13-2020,759,10,628,131,1.32,82.74,1.0013192612137203
07-14-2020,762,10,643,119,1.31,84.38,1.0039525691699605
07-15-2020,763,10,647,116,1.31,84.8,1.0013123359580052
07-16-2020,765,10,647,118,1.31,84.58,1.0026212319790302
07-17-2020,768,10,678,90,1.3,88.28,1.003921568627451
07-18-2020,774,10,679,95,1.29,87.73,1.0078125
07-19-2020,790,10,693,97,1.27,87.72,1.020671834625323
07-20-2020,809,10,706,103,1.24,87.27,1.0240506329113923
07-21-2020,810,10,709,101,1.23,87.53,1.0012360939431397
07-22-2020,816,10,710,106,1.23,87.01,1.0074074074074073
07-23-2020,821,10,711,110,1.22,86.6,1.0061274509803921
07-24-2020,831,10,711,120,1.2,85.56,1.0121802679658953
07-25-2020,837,10,711,126,1.19,84.95,1.0072202166064983
07-26-2020,842,10,714,128,1.19,84.8,1.005973715651135
07-27-2020,853,10,714,139,1.17,83.7,1.013064133016627
07-28-2020,855,10,724,131,1.17,84.68,1.0023446658851114
07-29-2020,856,10,724,132,1.17,84.58,1.001169590643275
07-30-2020,864,10,724,140,1.16,83.8,1.0093457943925233
07-31-2020,878,10,726,152,1.14,82.69,1.0162037037037037
08-01-2020,883,10,743,140,1.13,84.14,1.0056947608200455
08-02-2020,894,12,743,151,1.34,83.11,1.012457531143828
08-03-2020,905,12,743,162,1.33,82.1,1.012304250559284
08-04-2020,920,12,745,175,1.3,80.98,1.0165745856353592
08-05-2020,928,12,745,183,1.29,80.28,1.008695652173913
08-06-2020,958,12,745,213,1.25,77.77,1.0323275862068966
08-07-2020,987,13,745,242,1.32,75.48,1.0302713987473904
08-08-2020,1003,13,745,258,1.3,74.28,1.0162107396149949
08-09-2020,1023,14,745,278,1.37,72.83,1.0199401794616152
08-10-2020,1031,14,745,286,1.36,72.26,1.007820136852395
08-11-2020,1047,14,753,294,1.34,71.92,1.0155189136760427
08-12-2020,1065,14,753,312,1.31,70.7,1.0171919770773639
08-13-2020,1071,14,754,317,1.31,70.4,1.0056338028169014
08-14-2020,1082,14,761,321,1.29,70.33,1.0102707749766573
08-15-2020,1082,14,761,321,1.29,70.33,1.0
08-16-2020,1113,14,764,349,1.26,68.64,1.0286506469500925
08-17-2020,1129,14,764,365,1.24,67.67,1.014375561545373
08-18-2020,1146,14,770,376,1.22,67.19,1.0150575730735163
08-19-2020,1192,14,772,420,1.17,64.77,1.0401396160558465
08-20-2020,1290,15,788,502,1.16,61.09,1.082214765100671
08-21-2020,1346,16,788,558,1.19,58.54,1.0434108527131782
08-22-2020,1346,16,788,558,1.19,58.54,1.0
08-23-2020,1529,16,819,710,1.05,53.56,1.1359583952451708
08-24-2020,1612,16,819,793,0.99,50.81,1.0542838456507522
08-25-2020,1732,19,840,892,1.1,48.5,1.0744416873449132
08-26-2020,1804,19,846,958,1.05,46.9,1.0415704387990763
08-27-2020,1870,19,846,1024,1.02,45.24,1.0365853658536586
08-28-2020,2011,19,888,1123,0.94,44.16,1.0754010695187166
08-29-2020,2113,20,890,1223,0.95,42.12,1.0507210343112878
08-30-2020,2357,21,890,1467,0.89,37.76,1.115475627070516
08-31-2020,2459,21,890,1569,0.85,36.19,1.0432753500212133
09-01-2020,2459,21,890,1569,0.85,36.19,1.0
09-02-2020,2683,24,898,1785,0.89,33.47,1.0910939406262707
09-03-2020,2896,29,921,1975,1.0,31.8,1.079388743943347
09-04-2020,2964,30,922,2042,1.01,31.11,1.0234806629834254
09-05-2020,3024,32,950,2074,1.06,31.42,1.0202429149797572
09-06-2020,3103,33,958,2145,1.06,30.87,1.0261243386243386
09-07-2020,3183,34,974,2209,1.07,30.6,1.0257815017724783
09-08-2020,3323,36,992,2331,1.08,29.85,1.0439836632108075
09-09-2020,3437,38,1019,2418,1.11,29.65,1.0343063496840204
09-10-2020,3511,40,1019,2492,1.14,29.02,1.0215304044224613
09-11-2020,3511,40,1019,2492,1.14,29.02,1.0
09-12-2020,3623,40,1072,2551,1.1,29.59,1.0318997436627741
09-13-2020,3771,42,1149,2622,1.11,30.47,1.0408501242064587
09-14-2020,3933,44,1161,2772,1.12,29.52,1.0429594272076372
09-15-2020,4042,46,1163,2879,1.14,28.77,1.027714213068904
09-16-2020,4164,46,1180,2984,1.1,28.34,1.0301830776843146
09-17-2020,4374,51,1225,3149,1.17,28.01,1.0504322766570606
09-18-2020,4571,55,1264,3307,1.2,27.65,1.0450388660265204
09-19-2020,4758,60,1327,3431,1.26,27.89,1.040910085320499
09-20-2020,4988,67,1350,3638,1.34,27.06,1.048339638503573
09-21-2020,5143,70,1407,3736,1.36,27.36,1.031074578989575
09-22-2020,5270,75,1444,3826,1.42,27.4,1.0246937585067082
09-23-2020,5395,76,1444,3951,1.41,26.77,1.023719165085389
09-24-2020,5588,77,1490,4098,1.38,26.66,1.0357738646895274
09-25-2020,5723,80,1496,4227,1.4,26.14,1.0241589119541876
09-26-2020,5854,88,1624,4230,1.5,27.74,1.0228900926087716
09-27-2020,6017,89,1706,4311,1.48,28.35,1.0278442090878033
09-28-2020,6170,93,1741,4429,1.51,28.22,1.0254279541299651
09-29-2020,6408,101,1770,4638,1.58,27.62,1.0385737439222043
09-30-2020,6482,107,1867,4615,1.65,28.8,1.0115480649188515
10-01-2020,6555,111,1991,4564,1.69,30.37,1.0112619561863623
10-02-2020,6704,116,2112,4592,1.73,31.5,1.0227307398932113
10-03-2020,6795,119,2345,4450,1.75,34.51,1.0135739856801909
10-04-2020,6895,120,2460,4435,1.74,35.68,1.0147167034584252
10-05-2020,7012,120,2635,4377,1.71,37.58,1.0169688179840464
10-06-2020,7109,123,2674,4435,1.73,37.61,1.0138334284084427
10-07-2020,7191,126,2700,4491,1.75,37.55,1.0115346743564495
10-08-2020,7273,128,2732,4541,1.76,37.56,1.0114031428174106
10-09-2020,7363,132,3102,4261,1.79,42.13,1.0123745359549017
10-10-2020,7559,138,3142,4417,1.83,41.57,1.026619584408529
10-11-2020,7718,139,3162,4556,1.8,40.97,1.0210345283767694
10-12-2020,7813,146,3237,4576,1.87,41.43,1.0123088883130344
10-13-2020,7910,146,3303,4607,1.85,41.76,1.0124152054268527
10-14-2020,7989,151,3431,4558,1.89,42.95,1.0099873577749683
10-15-2020,8067,160,3481,4586,1.98,43.15,1.0097634247089748
10-16-2020,8132,162,3653,4479,1.99,44.92,1.0080575182843685
10-17-2020,8195,168,3653,4542,2.05,44.58,1.0077471716674864
10-18-2020,8274,171,3859,4415,2.07,46.64,1.0096400244051251
10-19-2020,8321,173,3951,4370,2.08,47.48,1.0056804447667391
10-20-2020,8374,174,4002,4372,2.08,47.79,1.0063694267515924
10-21-2020,8445,174,4016,4429,2.06,47.55,1.0084786243133508
10-22-2020,8600,179,4095,4505,2.08,47.62,1.0183540556542332
10-23-2020,8638,182,4156,4482,2.11,48.11,1.0044186046511627
10-24-2020,8670,186,4209,4461,2.15,48.55,1.003704561241028
10-25-2020,8714,188,4282,4432,2.16,49.14,1.0050749711649365
10-26-2020,8749,192,4303,4446,2.19,49.18,1.0040165251319715
10-27-2020,8787,196,4347,4440,2.23,49.47,1.0043433535261173
10-28-2020,8851,198,4379,4472,2.24,49.47,1.0072834869693865
10-29-2020,8927,202,4429,4498,2.26,49.61,1.0085866003841373
10-30-2020,9005,205,4442,4563,2.28,49.33,1.0087375378066539
10-31-2020,9094,206,4510,4584,2.27,49.59,1.00988339811216
11-01-2020,9131,208,4617,4514,2.28,50.56,1.004068616670332
11-02-2020,9257,210,4637,4620,2.27,50.09,1.013799145767167
11-03-2020,9296,214,4666,4630,2.3,50.19,1.0042130279788268
11-04-2020,9326,215,4704,4622,2.31,50.44,1.0032271944922548
11-05-2020,9373,217,4745,4628,2.32,50.62,1.0050396740295946
11-06-2020,9426,218,4801,4625,2.31,50.93,1.0056545396351222
11-07-2020,9472,218,4878,4594,2.3,51.5,1.0048801188202843
11-08-2020,9506,221,4934,4572,2.32,51.9,1.003589527027027
11-09-2020,9542,221,4952,4590,2.32,51.9,1.0037870818430465
11-10-2020,9573,224,4987,4586,2.34,52.09,1.0032487948019284
11-11-2020,9581,225,4995,4586,2.35,52.13,1.000835683693722
11-12-2020,9634,225,5043,4591,2.34,52.35,1.0055317816511846
11-13-2020,9723,227,5168,4555,2.33,53.15,1.009238115009342
11-14-2020,9780,229,5228,4552,2.34,53.46,1.005862388151805
11-15-2020,9884,231,5248,4636,2.34,53.1,1.0106339468302659
11-16-2020,9929,231,5330,4599,2.33,53.68,1.0045528126264671
11-17-2020,9959,231,5338,4621,2.32,53.6,1.003021452311411
11-18-2020,10019,233,5369,4650,2.33,53.59,1.0060247012752284
11-19-2020,10088,235,5407,4681,2.33,53.6,1.0068869148617627
11-20-2020,10151,235,5432,4719,2.32,53.51,1.0062450436161776
11-21-2020,10240,237,5481,4759,2.31,53.53,1.0087676091025515
11-22-2020,10284,238,5505,4779,2.31,53.53,1.004296875
11-23-2020,10343,239,5518,4825,2.31,53.35,1.0057370672889927
11-24-2020,10422,243,5572,4850,2.33,53.46,1.007638016049502
11-25-2020,10488,247,5623,4865,2.36,53.61,1.0063327576280945
11-26-2020,10541,248,5721,4820,2.35,54.27,1.0050533943554538
11-27-2020,10600,250,5829,4771,2.36,54.99,1.0055971919172755
11-28-2020,10669,251,5953,4716,2.35,55.8,1.0065094339622642
11-29-2020,10709,256,6066,4643,2.39,56.64,1.003749179866904
11-30-2020,10763,257,6219,4544,2.39,57.78,1.0050424876272295
12-01-2020,10810,258,6364,4446,2.39,58.87,1.0043668122270741
12-02-2020,10864,258,6500,4364,2.37,59.83,1.004995374653099
12-03-2020,10911,259,6614,4297,2.37,60.62,1.0043262150220913
12-04-2020,10987,260,6730,4257,2.37,61.25,1.0069654477133168
12-05-2020,11063,261,6866,4197,2.36,62.06,1.0069172658596524
12-06-2020,11120,265,6998,4122,2.38,62.93,1.0051523095001356
12-07-2020,11184,265,7146,4038,2.37,63.89,1.0057553956834533
12-08-2020,11271,265,7292,3979,2.35,64.7,1.0077789699570816
12-09-2020,11369,266,7390,3979,2.34,65.0,1.008694880667199
12-10-2020,11443,270,7522,3921,2.36,65.73,1.006508927786085
12-11-2020,11509,270,7667,3842,2.35,66.62,1.005767718255702
12-12-2020,11608,271,7799,3809,2.33,67.19,1.0086019636805978
12-13-2020,11710,273,7954,3756,2.33,67.92,1.0087870434183321
12-14-2020,11792,273,8098,3694,2.32,68.67,1.007002561912895
12-15-2020,11875,276,8212,3663,2.32,69.15,1.007038670284939
12-16-2020,11907,276,8371,3536,2.32,70.3,1.0026947368421053
12-17-2020,11968,279,8525,3443,2.33,71.23,1.0051230368690687
12-18-2020,12039,283,8668,3371,2.35,72.0,1.005932486631016
12-19-2020,12135,285,8812,3323,2.35,72.62,1.0079740842262646
12-20-2020,12224,286,8966,3258,2.34,73.35,1.007334157395962
12-21-2020,12289,286,9113,3176,2.33,74.16,1.0053174083769634
12-22-2020,12354,288,9266,3088,2.33,75.0,1.0052892830987061
12-23-2020,12423,290,9416,3007,2.33,75.79,1.0055852355512385
12-24-2020,12519,292,9579,2940,2.33,76.52,1.0077276020284955
12-25-2020,12597,294,9737,2860,2.33,77.3,1.0062305295950156
12-26-2020,12684,294,9881,2803,2.32,77.9,1.0069064062872113
12-27-2020,12723,295,10019,2704,2.32,78.75,1.0030747398297066
12-28-2020,12732,298,10161,2571,2.34,79.81,1.0007073803348268
12-29-2020,12752,298,10207,2545,2.34,80.04,1.0015708451146716
12-30-2020,12793,302,10319,2474,2.36,80.66,1.003215181932246
12-31-2020,12827,302,10383,2444,2.35,80.95,1.0026577034315642
01-01-2021,12915,303,10532,2383,2.35,81.55,1.0068605285725423
01-02-2021,12931,303,10679,2252,2.34,82.58,1.0012388695315524
01-03-2021,13049,304,10833,2216,2.33,83.02,1.0091253576676205
01-04-2021,13203,304,10973,2230,2.3,83.11,1.0118016706261017
01-05-2021,13246,305,11106,2140,2.3,83.84,1.003256835567674
01-06-2021,13330,306,11182,2148,2.3,83.89,1.006341537067794
01-07-2021,13368,306,11253,2115,2.29,84.18,1.0028507126781696
01-08-2021,13411,307,11323,2088,2.29,84.43,1.0032166367444644
01-09-2021,13455,311,11379,2076,2.31,84.57,1.0032808888226084
01-10-2021,13548,312,11429,2119,2.3,84.36,1.006911928651059
01-11-2021,13637,313,11506,2131,2.3,84.37,1.006569235311485
01-12-2021,13760,315,11526,2234,2.29,83.76,1.0090195790863092
01-13-2021,13852,317,11568,2284,2.29,83.51,1.0066860465116279
01-14-2021,13915,322,11592,2323,2.31,83.31,1.0045480796996824
01-15-2021,13992,323,11630,2362,2.31,83.12,1.0055335968379446
01-16-2021,14096,323,11674,2422,2.29,82.82,1.0074328187535735
01-17-2021,14161,324,11709,2452,2.29,82.68,1.00461123723042
01-18-2021,14274,326,11727,2547,2.28,82.16,1.0079796624532167
01-19-2021,14419,329,11743,2676,2.28,81.44,1.010158329830461
01-20-2021,14487,331,11777,2710,2.28,81.29,1.0047159997225883
01-21-2021,14550,331,11809,2741,2.27,81.16,1.0043487264443984
01-22-2021,14658,332,11833,2825,2.26,80.73,1.0074226804123712
01-23-2021,14772,336,11850,2922,2.27,80.22,1.0077773229635694
01-24-2021,14879,336,11870,3009,2.26,79.78,1.007243433522881
01-25-2021,15012,338,11889,3123,2.25,79.2,1.008938772766987
01-26-2021,15153,339,11911,3242,2.24,78.6,1.0093924860111911
01-27-2021,15241,342,11942,3299,2.24,78.35,1.0058074308717746
01-28-2021,15435,344,11961,3474,2.23,77.49,1.0127288235680074
01-29-2021,15462,345,11981,3481,2.23,77.49,1.0017492711370262
01-30-2021,15527,348,12004,3523,2.24,77.31,1.0042038546113052
01-31-2021,15653,350,12043,3610,2.24,76.94,1.0081148966316738
02-01-2021,15778,352,12068,3710,2.23,76.49,1.0079856896441577
02-02-2021,15973,353,12108,3865,2.21,75.8,1.0123589808594244
02-03-2021,16073,355,12137,3936,2.21,75.51,1.0062605647029361
02-04-2021,16250,355,12174,4076,2.18,74.92,1.0110122565793567
02-05-2021,16513,357,12174,4339,2.16,73.72,1.0161846153846155
02-06-2021,16841,357,12225,4616,2.12,72.59,1.0198631381335916
02-07-2021,17085,358,12271,4814,2.1,71.82,1.014488450804584
02-08-2021,17298,358,12318,4980,2.07,71.21,1.0124670763827919
02-09-2021,17701,359,12362,5339,2.03,69.84,1.0232974910394266
02-10-2021,17908,362,12406,5502,2.02,69.28,1.0116942545618892
02-11-2021,18237,363,12456,5781,1.99,68.3,1.0183716774625866
02-12-2021,18527,368,12504,6023,1.99,67.49,1.0159017382244886
02-13-2021,18830,372,12545,6285,1.98,66.62,1.0163545096345874
02-14-2021,19035,374,12593,6442,1.96,66.16,1.0108868826340944
02-15-2021,19305,378,12635,6670,1.96,65.45,1.0141843971631206
02-16-2021,19773,378,12684,7089,1.91,64.15,1.0242424242424242
02-17-2021,20016,381,12735,7281,1.9,63.62,1.0122894856622666
02-18-2021,20310,384,12781,7529,1.89,62.93,1.0146882494004796
02-19-2021,20581,391,12828,7753,1.9,62.33,1.013343180699163
02-20-2021,20924,391,12883,8041,1.87,61.57,1.0166658568582674
02-21-2021,21382,396,12931,8451,1.85,60.48,1.0218887402026382
02-22-2021,21679,399,12988,8691,1.84,59.91,1.0138901880086053
02-23-2021,21826,405,13046,8780,1.86,59.77,1.0067807555699064
02-24-2021,22019,406,13107,8912,1.84,59.53,1.0088426647118116
02-25-2021,22267,410,13173,9094,1.84,59.16,1.011263000136246
02-26-2021,22471,413,13231,9240,1.84,58.88,1.0091615394979117
02-27-2021,22817,417,13318,9499,1.83,58.37,1.0153976236037559
02-28-2021,23263,422,13410,9853,1.81,57.65,1.0195468291186396
03-01-2021,23599,425,13502,10097,1.8,57.21,1.0144435369470834
03-02-2021,23838,432,13625,10213,1.81,57.16,1.0101275477774483
03-03-2021,24103,435,13745,10358,1.8,57.03,1.011116704421512
03-04-2021,24444,436,13869,10575,1.78,56.74,1.0141476164792764
03-05-2021,24776,443,14012,10764,1.79,56.55,1.0135820651284568
03-06-2021,25303,446,14159,11144,1.76,55.96,1.0212705844365515
03-07-2021,26026,453,14301,11725,1.74,54.95,1.0285736869145952
03-08-2021,26904,454,14447,12457,1.69,53.7,1.0337354952739568
03-09-2021,27465,460,14595,12870,1.67,53.14,1.0208519179304192
03-10-2021,28273,463,14645,13628,1.64,51.8,1.0294192608774804
03-11-2021,28968,475,14781,14187,1.64,51.03,1.0245817564460793
03-12-2021,29387,480,14912,14475,1.63,50.74,1.0144642363987848
03-13-2021,29912,484,15059,14853,1.62,50.34,1.0178650423656719
03-14-2021,30499,485,15139,15360,1.59,49.64,1.0196242310778283
03-15-2021,31305,492,15253,16052,1.57,48.72,1.0264270959703596
03-16-2021,31907,494,15371,16536,1.55,48.17,1.019230154927328
03-17-2021,32728,507,15473,17255,1.55,47.28,1.0257310308082865
03-18-2021,33366,511,15615,17751,1.53,46.8,1.0194940112441946
03-19-2021,33970,519,15810,18160,1.53,46.54,1.0181022597854104
03-20-2021,34665,524,15939,18726,1.51,45.98,1.0204592287312335
03-21-2021,35338,533,16130,19208,1.51,45.64,1.019414394922833
03-22-2021,35896,536,16309,19587,1.49,45.43,1.015790367309978
03-23-2021,36231,542,16490,19741,1.5,45.51,1.009332516157789
03-24-2021,36670,545,16618,20052,1.49,45.32,1.0121166956473737
03-25-2021,37128,546,16739,20389,1.47,45.08,1.0124897736569403
03-26-2021,37458,557,16848,20610,1.49,44.98,1.0088881706528765
03-27-2021,37747,566,17016,20731,1.5,45.08,1.0077153078114154
03-28-2021,38227,570,17197,21030,1.49,44.99,1.0127162423503855
03-29-2021,38514,586,17334,21180,1.52,45.01,1.0075077824574254
03-30-2021,38848,587,17474,21374,1.51,44.98,1.0086721711585398
03-31-2021,39237,596,17598,21639,1.52,44.85,1.010013385502471
04-01-2021,39543,599,17725,21818,1.51,44.82,1.0077987613731936
04-02-2021,39967,607,17861,22106,1.52,44.69,1.010722504615229
04-03-2021,40449,613,18014,22435,1.52,44.54,1.0120599494583031
04-04-2021,40663,615,18149,22514,1.51,44.63,1.0052906128705283
04-05-2021,41013,618,18297,22716,1.51,44.61,1.0086073334480978
04-06-2021,41328,622,18444,22884,1.51,44.63,1.0076804915514592
04-07-2021,41400,631,18444,22956,1.52,44.55,1.0017421602787457
04-08-2021,41604,646,18566,23038,1.55,44.63,1.0049275362318841
04-09-2021,41843,661,18690,23153,1.58,44.67,1.0057446399384675
04-10-2021,42119,669,18785,23334,1.59,44.6,1.006596085366728
04-11-2021,42500,672,18896,23604,1.58,44.46,1.009045798808139
04-12-2021,42763,676,19017,23746,1.58,44.47,1.0061882352941176
04-13-2021,42924,682,19136,23788,1.59,44.58,1.0037649369782289
04-14-2021,43054,692,19248,23806,1.61,44.71,1.0030286087037554
04-15-2021,43240,697,19369,23871,1.61,44.79,1.0043201560830586
04-16-2021,43473,713,19472,24001,1.64,44.79,1.0053885291396856
04-17-2021,43684,721,19599,24085,1.65,44.87,1.0048535872840614
04-18-2021,43890,723,19710,24180,1.65,44.91,1.004715685376797
04-19-2021,44136,727,19832,24304,1.65,44.93,1.0056049213943952
04-20-2021,44254,738,19962,24292,1.67,45.11,1.0026735544680079
04-21-2021,44337,744,20070,24267,1.68,45.27,1.0018755366746508
04-22-2021,44502,751,20170,24332,1.69,45.32,1.0037214967183166
04-23-2021,44642,752,20275,24367,1.68,45.42,1.0031459260257967
04-24-2021,44867,756,20391,24476,1.68,45.45,1.005040096769858
04-25-2021,45004,760,20519,24485,1.69,45.59,1.0030534691421311
04-26-2021,45145,761,20626,24519,1.69,45.69,1.0031330548395698
04-27-2021,45212,767,20729,24483,1.7,45.85,1.0014841067670839
04-28-2021,45292,770,20842,24450,1.7,46.02,1.0017694417411307
04-29-2021,45414,770,20945,24469,1.7,46.12,1.002693632429568
