date,total_confirmed,total_deaths,total_recovered,total_infected,mortality_rate,recovery_rate,daily_growth_rate
02-25-2020,2,0,0,2,0,0,1
02-26-2020,2,0,0,2,0,0,1.0
02-27-2020,3,0,0,3,0,0,1.5
02-28-2020,3,0,0,3,0,0,1.0
02-29-2020,9,0,0,9,0,0,3.0
03-01-2020,14,0,0,14,0,0,1.5555555555555556
03-02-2020,18,0,0,18,0,0,1.2857142857142856
03-03-2020,21,0,0,21,0,0,1.1666666666666667
03-04-2020,29,0,0,29,0,0,1.380952380952381
03-05-2020,41,0,0,41,0,0,1.4137931034482758
03-06-2020,55,0,0,55,0,0,1.3414634146341464
03-07-2020,79,0,0,79,0,0,1.4363636363636363
03-08-2020,104,0,0,104,0,0,1.3164556962025316
03-09-2020,131,0,2,129,0,1.53,1.2596153846153846
03-10-2020,182,0,4,178,0,2.2,1.3893129770992365
03-11-2020,246,0,4,242,0,1.63,1.3516483516483517
03-12-2020,302,1,4,298,0.33,1.32,1.2276422764227641
03-13-2020,504,1,6,498,0.2,1.19,1.6688741721854305
03-14-2020,655,1,6,649,0.15,0.92,1.2996031746031746
03-15-2020,860,1,6,854,0.12,0.7,1.3129770992366412
03-16-2020,1018,3,6,1012,0.29,0.59,1.1837209302325582
03-17-2020,1332,3,1,1331,0.23,0.08,1.3084479371316307
03-18-2020,1646,4,9,1637,0.24,0.55,1.2357357357357357
03-19-2020,2013,6,9,2004,0.3,0.45,1.2229647630619684
03-20-2020,2388,6,9,2379,0.25,0.38,1.1862891207153503
03-21-2020,2814,8,9,2805,0.28,0.32,1.178391959798995
03-22-2020,3580,16,9,3571,0.45,0.25,1.2722103766879886
03-23-2020,4474,21,9,4465,0.47,0.2,1.2497206703910615
03-24-2020,5283,28,9,5274,0.53,0.17,1.1808225301743407
03-25-2020,5588,30,9,5579,0.54,0.16,1.0577323490441037
03-26-2020,6909,49,112,6797,0.71,1.62,1.2363994273443093
03-27-2020,7657,58,225,7432,0.76,2.94,1.108264582428716
03-28-2020,8271,68,225,8046,0.82,2.72,1.0801880632101346
03-29-2020,8788,86,479,8309,0.98,5.45,1.0625075565227904
03-30-2020,9618,108,636,8982,1.12,6.61,1.094446973145198
03-31-2020,10180,128,1095,9085,1.26,10.76,1.058432106467041
04-01-2020,10711,146,1436,9275,1.36,13.41,1.0521611001964637
04-02-2020,11129,158,1749,9380,1.42,15.72,1.039025301092335
04-03-2020,11524,168,2022,9502,1.46,17.55,1.0354928565010333
04-04-2020,11781,186,2507,9274,1.58,21.28,1.0223012842762929
04-05-2020,12051,204,2998,9053,1.69,24.88,1.022918258212376
04-06-2020,12297,220,3463,8834,1.79,28.16,1.0204132437142146
04-07-2020,12639,243,4046,8593,1.92,32.01,1.0278116613808246
04-08-2020,12942,273,4512,8430,2.11,34.86,1.0239734156183242
04-09-2020,13244,295,5240,8004,2.23,39.57,1.023334878689538
04-10-2020,13555,319,6064,7491,2.35,44.74,1.0234823316218664
04-11-2020,13806,337,6604,7202,2.44,47.83,1.018517152342309
04-12-2020,13945,350,6987,6958,2.51,50.1,1.0100680863392728
04-13-2020,14041,368,7343,6698,2.62,52.3,1.006884187880961
04-14-2020,14226,384,7633,6593,2.7,53.66,1.013175699736486
04-15-2020,14336,393,8098,6238,2.74,56.49,1.0077323211022071
04-16-2020,14476,410,8986,5490,2.83,62.08,1.009765625
04-17-2020,14595,431,9704,4891,2.95,66.49,1.008220502901354
04-18-2020,14671,443,10214,4457,3.02,69.62,1.0052072627612196
04-19-2020,14749,452,10501,4248,3.06,71.2,1.005316611001295
04-20-2020,14795,470,10631,4164,3.18,71.86,1.003118855515628
04-21-2020,14873,491,10971,3902,3.3,73.76,1.0052720513687057
04-22-2020,14925,510,11328,3597,3.42,75.9,1.0034962684058362
04-23-2020,15002,522,11694,3308,3.48,77.95,1.0051591289782245
04-24-2020,15071,530,11872,3199,3.52,78.77,1.0045993867484335
04-25-2020,15148,536,12103,3045,3.54,79.9,1.0051091500232234
04-26-2020,15225,542,12282,2943,3.56,80.67,1.005083179297597
04-27-2020,15274,549,12362,2912,3.59,80.93,1.0032183908045977
04-28-2020,15357,569,12580,2777,3.71,81.92,1.0054340709702763
04-29-2020,15402,580,12779,2623,3.77,82.97,1.0029302598163703
04-30-2020,15452,584,12907,2545,3.78,83.53,1.003246331645241
05-01-2020,15531,589,13110,2421,3.79,84.41,1.0051126067822935
05-02-2020,15558,596,13180,2378,3.83,84.72,1.0017384585667375
05-03-2020,15597,598,13228,2369,3.83,84.81,1.0025067489394524
05-04-2020,15621,600,13316,2305,3.84,85.24,1.0015387574533565
05-05-2020,15650,606,13462,2188,3.87,86.02,1.001856475257666
05-06-2020,15684,608,13639,2045,3.88,86.96,1.0021725239616612
05-07-2020,15752,609,13698,2054,3.87,86.96,1.0043356286661567
05-08-2020,15774,614,13836,1938,3.89,87.71,1.0013966480446927
05-09-2020,15833,615,13928,1905,3.88,87.97,1.0037403321922151
05-10-2020,15871,618,13991,1880,3.89,88.15,1.0024000505273796
05-11-2020,15882,620,14061,1821,3.9,88.53,1.0006930880221787
05-12-2020,15961,623,14148,1813,3.9,88.64,1.00497418461151
05-13-2020,15997,624,14304,1693,3.9,89.42,1.0022554977758287
05-14-2020,16058,626,14405,1653,3.9,89.71,1.0038132149778083
05-15-2020,16109,628,14471,1638,3.9,89.83,1.0031759870469548
05-16-2020,16201,629,14524,1677,3.88,89.65,1.0057110931777267
05-17-2020,16242,629,14563,1679,3.87,89.66,1.0025307079809889
05-18-2020,16269,629,14614,1655,3.87,89.83,1.0016623568526044
05-19-2020,16321,632,14678,1643,3.87,89.93,1.0031962628311513
05-20-2020,16353,633,14882,1471,3.87,91.0,1.0019606641749892
05-21-2020,16404,633,14951,1453,3.86,91.14,1.0031186938176482
05-22-2020,16436,635,15005,1431,3.86,91.29,1.0019507437210438
05-23-2020,16486,639,15037,1449,3.88,91.21,1.0030421027013872
05-24-2020,16503,640,15063,1440,3.88,91.27,1.001031177969186
05-25-2020,16539,641,15138,1401,3.88,91.53,1.0021814215597165
05-26-2020,16557,643,15182,1375,3.88,91.7,1.0010883366588064
05-27-2020,16591,645,15228,1363,3.89,91.78,1.0020535121096816
05-28-2020,16628,668,15286,1342,4.02,91.93,1.0022301247664396
05-29-2020,16655,668,15347,1308,4.01,92.15,1.0016237671397643
05-30-2020,16685,668,15520,1165,4.0,93.02,1.001801260882618
05-31-2020,16731,668,15593,1138,3.99,93.2,1.0027569673359304
06-01-2020,16733,668,15596,1137,3.99,93.21,1.000119538581077
06-02-2020,16759,669,15629,1130,3.99,93.26,1.001553815813064
06-03-2020,16771,670,15672,1099,3.99,93.45,1.0007160331762037
06-04-2020,16805,670,15717,1088,3.99,93.53,1.002027309045376
06-05-2020,16843,672,15742,1101,3.99,93.46,1.0022612317762571
06-06-2020,16898,672,15789,1109,3.98,93.44,1.0032654515228878
06-07-2020,16902,672,15793,1109,3.98,93.44,1.0002367144040716
06-08-2020,16968,672,15839,1129,3.96,93.35,1.0039048633297833
06-09-2020,16979,672,15875,1104,3.96,93.5,1.0006482791136257
06-10-2020,17005,673,15910,1095,3.96,93.56,1.001531303374757
06-11-2020,17034,674,15949,1085,3.96,93.63,1.0017053807703618
06-12-2020,17064,675,15985,1079,3.96,93.68,1.0017611835153224
06-13-2020,17078,677,16012,1066,3.96,93.76,1.0008204406938583
06-14-2020,17109,677,16059,1050,3.96,93.86,1.00181520084319
06-15-2020,17135,678,16066,1069,3.96,93.76,1.0015196680109884
06-16-2020,17189,681,16089,1100,3.96,93.6,1.0031514444120222
06-17-2020,17203,687,16099,1104,3.99,93.58,1.0008144743731455
06-18-2020,17223,688,16101,1122,3.99,93.49,1.0011625879207116
06-19-2020,17271,688,16141,1130,3.98,93.46,1.0027869709109911
06-20-2020,17323,688,16175,1148,3.97,93.37,1.0030108273985294
06-21-2020,17341,690,16197,1144,3.98,93.4,1.0010390809905905
06-22-2020,17380,690,16241,1139,3.97,93.45,1.002249005247679
06-23-2020,17408,693,16261,1147,3.98,93.41,1.0016110471806674
06-24-2020,17449,693,16282,1167,3.97,93.31,1.0023552389705883
06-25-2020,17477,698,16320,1157,3.99,93.38,1.0016046764857585
06-26-2020,17522,698,16348,1174,3.98,93.3,1.00257481261086
06-27-2020,17580,700,16371,1209,3.98,93.12,1.003310124415021
06-28-2020,17654,702,16401,1253,3.98,92.9,1.0042093287827076
06-29-2020,17723,703,16420,1303,3.97,92.65,1.0039084626713493
06-30-2020,17766,705,16478,1288,3.97,92.75,1.0024262258082717
07-01-2020,17873,705,16491,1382,3.94,92.27,1.0060227400652932
07-02-2020,17941,705,16514,1427,3.93,92.05,1.0038046214961114
07-03-2020,18050,705,16558,1492,3.91,91.73,1.006075469594783
07-04-2020,18165,705,16607,1558,3.88,91.42,1.006371191135734
07-05-2020,18280,706,16615,1665,3.86,90.89,1.0063308560418387
07-06-2020,18365,706,16647,1718,3.84,90.65,1.0046498905908097
07-07-2020,18421,706,16686,1735,3.83,90.58,1.0030492785189218
07-08-2020,18513,706,16721,1792,3.81,90.32,1.0049942999837143
07-09-2020,18615,706,16758,1857,3.79,90.02,1.0055096418732783
07-10-2020,18709,706,16808,1901,3.77,89.84,1.0050496911093205
07-11-2020,18783,706,16864,1919,3.76,89.78,1.0039553156234966
07-12-2020,18897,708,16952,1945,3.75,89.71,1.0060693180003195
07-13-2020,18948,708,17000,1948,3.74,89.72,1.0026988410858866
07-14-2020,19021,709,17073,1948,3.73,89.76,1.0038526493561326
07-15-2020,19154,710,17175,1979,3.71,89.67,1.0069922716997004
07-16-2020,19270,711,17244,2026,3.69,89.49,1.0060561762556124
07-17-2020,19439,711,17335,2104,3.66,89.18,1.0087701089776855
07-18-2020,19573,711,17501,2072,3.63,89.41,1.0068933587118678
07-19-2020,19655,711,17599,2056,3.62,89.54,1.0041894446431308
07-20-2020,19743,711,17659,2084,3.6,89.44,1.0044772322564233
07-21-2020,19827,710,17716,2111,3.58,89.35,1.0042546725421668
07-22-2020,19929,711,17849,2080,3.57,89.56,1.0051444999243455
07-23-2020,20099,711,17943,2156,3.54,89.27,1.0085302825028852
07-24-2020,20214,711,18042,2172,3.52,89.25,1.0057216776954077
07-25-2020,20338,712,18124,2214,3.5,89.11,1.0061343623231425
07-26-2020,20472,712,18209,2263,3.48,88.95,1.0065886517848364
07-27-2020,20558,713,18246,2312,3.47,88.75,1.0042008597108245
07-28-2020,20677,713,18379,2298,3.45,88.89,1.0057885008269287
07-29-2020,20850,716,18528,2322,3.43,88.86,1.0083667843497606
07-30-2020,20955,718,18628,2327,3.43,88.9,1.0050359712230217
07-31-2020,21130,718,18758,2372,3.4,88.77,1.0083512288236698
08-01-2020,21212,718,18911,2301,3.38,89.15,1.003880738286796
08-02-2020,21304,718,18984,2320,3.37,89.11,1.004337167640958
08-03-2020,21385,718,19063,2322,3.36,89.14,1.0038021028914759
08-04-2020,21481,719,19336,2145,3.35,90.01,1.0044891278933832
08-05-2020,21566,719,19464,2102,3.33,90.25,1.0039569852427728
08-06-2020,21696,719,19596,2100,3.31,90.32,1.0060280070481313
08-07-2020,21837,720,19690,2147,3.3,90.17,1.0064988938053097
08-08-2020,21919,721,19812,2107,3.29,90.39,1.0037550945642717
08-09-2020,22033,721,19923,2110,3.27,90.42,1.0052009671974087
08-10-2020,22106,723,20010,2096,3.27,90.52,1.0033132120001815
08-11-2020,22245,723,20123,2122,3.25,90.46,1.006287885641907
08-12-2020,22439,724,20268,2171,3.23,90.32,1.0087210609125645
08-13-2020,22594,725,20346,2248,3.21,90.05,1.0069076162039308
08-14-2020,22876,725,20499,2377,3.17,89.61,1.0124811896963797
08-15-2020,23179,728,20627,2552,3.14,88.99,1.0132453226088478
08-16-2020,23370,728,20681,2689,3.12,88.49,1.0082402174381984
08-17-2020,23534,729,20765,2769,3.1,88.23,1.0070175438596491
08-18-2020,23829,729,20870,2959,3.06,87.58,1.0125350556641455
08-19-2020,24084,729,20958,3126,3.03,87.02,1.0107012463804608
08-20-2020,24431,729,21093,3338,2.98,86.34,1.0144079056635111
08-21-2020,24762,730,21260,3502,2.95,85.86,1.013548360689288
08-22-2020,25062,732,21406,3656,2.92,85.41,1.0121153380179306
08-23-2020,25253,732,21558,3695,2.9,85.37,1.0076210996728114
08-24-2020,25495,733,21657,3838,2.88,84.95,1.009583019839227
08-25-2020,25706,733,21888,3818,2.85,85.15,1.0082761325750147
08-26-2020,26033,733,22145,3888,2.82,85.07,1.0127207655800203
08-27-2020,26361,733,22317,4044,2.78,84.66,1.0125993930780164
08-28-2020,26590,733,22594,3996,2.76,84.97,1.0086870756041122
08-29-2020,26985,733,22866,4119,2.72,84.74,1.0148552087250846
08-30-2020,27166,733,23070,4096,2.7,84.92,1.0067074300537335
08-31-2020,27438,733,23226,4212,2.67,84.65,1.0100125156445556
09-01-2020,27642,734,23565,4077,2.66,85.25,1.0074349442379182
09-02-2020,27969,734,23820,4149,2.62,85.17,1.0118298241805948
09-03-2020,28372,735,24171,4201,2.59,85.19,1.0144088097536559
09-04-2020,28729,735,24513,4216,2.56,85.32,1.01258282814042
09-05-2020,29087,735,24828,4259,2.53,85.36,1.0124612760625151
09-06-2020,29271,736,25043,4228,2.51,85.56,1.0063258500360985
09-07-2020,29561,746,25300,4261,2.52,85.59,1.0099074168972704
09-08-2020,30081,747,25629,4452,2.48,85.2,1.017590744562092
09-09-2020,30583,747,25764,4819,2.44,84.24,1.0166882749908581
09-10-2020,31247,748,26043,5204,2.39,83.35,1.021711408298728
09-11-2020,31827,750,26257,5570,2.36,82.5,1.0185617819310653
09-12-2020,32696,754,26579,6117,2.31,81.29,1.027303861501241
09-13-2020,33159,756,26760,6399,2.28,80.7,1.0141607536090043
09-14-2020,33541,757,27010,6531,2.26,80.53,1.0115202509122712
09-15-2020,34305,757,27354,6951,2.21,79.74,1.0227780924838257
09-16-2020,35073,758,27655,7418,2.16,78.85,1.0223874070835155
09-17-2020,35853,758,28044,7809,2.11,78.22,1.0222393293986827
09-18-2020,36661,763,28451,8210,2.08,77.61,1.0225364683569018
09-19-2020,37474,765,28961,8513,2.04,77.28,1.022176154496604
09-20-2020,38095,766,29229,8866,2.01,76.73,1.016571489566099
09-21-2020,38658,767,29516,9142,1.98,76.35,1.0147788423677648
09-22-2020,39303,771,30312,8991,1.96,77.12,1.0166847741735217
09-23-2020,39984,777,30949,9035,1.94,77.4,1.0173269216090375
09-24-2020,40816,783,31661,9155,1.92,77.57,1.0208083233293317
09-25-2020,41500,786,32301,9199,1.89,77.83,1.0167581340650724
09-26-2020,42214,787,33154,9060,1.86,78.54,1.0172048192771084
09-27-2020,42876,787,33589,9287,1.84,78.34,1.0156820012318188
09-28-2020,43432,790,34052,9380,1.82,78.4,1.0129676275771993
09-29-2020,44041,796,34916,9125,1.81,79.28,1.0140219193221587
09-30-2020,44813,799,35644,9169,1.78,79.54,1.0175291205921755
10-01-2020,45686,802,36476,9210,1.76,79.84,1.019480954187401
10-02-2020,46374,803,37186,9188,1.73,80.19,1.0150593179529834
10-03-2020,47432,809,38045,9387,1.71,80.21,1.0228145081295554
10-04-2020,48146,813,38629,9517,1.69,80.23,1.0150531286894924
10-05-2020,48896,818,39058,9838,1.67,79.88,1.0155776180783451
10-06-2020,49819,822,39790,10029,1.65,79.87,1.01887679973822
10-07-2020,50848,830,40499,10349,1.63,79.65,1.0206547702683715
10-08-2020,52057,838,41289,10768,1.61,79.31,1.0237767463813718
10-09-2020,53188,842,42039,11149,1.58,79.04,1.0217261847590142
10-10-2020,54423,852,42829,11594,1.57,78.7,1.023219523200722
10-11-2020,55319,851,43448,11871,1.54,78.54,1.0164636275104275
10-12-2020,56298,855,44065,12233,1.52,78.27,1.0176973553390336
10-13-2020,57326,861,44949,12377,1.5,78.41,1.0182599737113218
10-14-2020,58672,872,45846,12826,1.49,78.14,1.0234797474095523
10-15-2020,60224,877,46798,13426,1.46,77.71,1.0264521407144804
10-16-2020,61387,882,47618,13769,1.44,77.57,1.0193112380446334
10-17-2020,63134,889,48771,14363,1.41,77.25,1.0284587942072425
10-18-2020,64806,893,49561,15245,1.38,76.48,1.026483352868502
10-19-2020,65927,904,50359,15568,1.37,76.39,1.017297781069654
10-20-2020,67451,914,51407,16044,1.36,76.21,1.023116477315819
10-21-2020,69409,925,52617,16792,1.33,75.81,1.0290284799335814
10-22-2020,71844,941,53970,17874,1.31,75.12,1.0350819058047227
10-23-2020,74415,954,55195,19220,1.28,74.17,1.0357858693836646
10-24-2020,78029,965,56791,21238,1.24,72.78,1.048565477390311
10-25-2020,80811,979,57858,22953,1.21,71.6,1.0356534109113278
10-26-2020,83267,992,59036,24231,1.19,70.9,1.030391902092537
10-27-2020,86102,1005,60308,25794,1.17,70.04,1.0340471014927883
10-28-2020,89496,1027,61684,27812,1.15,68.92,1.0394183642656385
10-29-2020,93949,1056,63366,30583,1.12,67.45,1.0497564136944668
10-30-2020,99576,1082,64987,34589,1.09,65.26,1.0598941979158905
10-31-2020,104925,1109,67226,37699,1.06,64.07,1.0537177633164618
11-01-2020,109881,1130,69336,40545,1.03,63.1,1.0472337383845605
11-02-2020,114016,1159,71691,42325,1.02,62.88,1.0376316196612698
11-03-2020,118198,1192,74292,43906,1.01,62.85,1.036679062587707
11-04-2020,125099,1227,77036,48063,0.98,61.58,1.058385082657913
11-05-2020,132515,1268,80604,51911,0.96,60.83,1.0592810494088682
11-06-2020,138979,1340,83707,55272,0.96,60.23,1.0487793834660226
11-07-2020,147220,1377,88273,58947,0.94,59.96,1.0592967282826902
11-08-2020,153153,1411,91719,61434,0.92,59.89,1.0403002309468823
11-09-2020,158746,1454,94627,64119,0.92,59.61,1.0365190365190364
11-10-2020,164866,1499,98663,66203,0.91,59.84,1.038552152495181
11-11-2020,172380,1564,103759,68621,0.91,60.19,1.0455764075067024
11-12-2020,181642,1608,107875,73767,0.89,59.39,1.0537301311056968
11-13-2020,191228,1661,112728,78500,0.87,58.95,1.0527741381398574
11-14-2020,198291,1746,119415,78876,0.88,60.22,1.036934967682557
11-15-2020,203956,1829,125674,78282,0.9,61.62,1.02856912315738
11-16-2020,208613,1887,129671,78942,0.9,62.16,1.0228333562140854
11-17-2020,214597,1945,136487,78110,0.91,63.6,1.0286846936672212
11-18-2020,221688,2054,142738,78950,0.93,64.39,1.0330433323858208
11-19-2020,228683,2116,149541,79142,0.93,65.39,1.03155335426365
11-20-2020,235351,2224,156483,78868,0.94,66.49,1.0291582671208617
11-21-2020,241962,2328,162751,79211,0.96,67.26,1.0280899592523507
11-22-2020,247188,2388,169260,77928,0.97,68.47,1.0215984328117638
11-23-2020,250333,2459,175527,74806,0.98,70.12,1.0127231095360616
11-24-2020,254710,2577,182620,72090,1.01,71.7,1.0174847103657927
11-25-2020,260512,2667,189059,71453,1.02,72.57,1.0227788465313494
11-26-2020,266038,2773,196342,69696,1.04,73.8,1.0212120746837
11-27-2020,270992,2886,203251,67741,1.06,75.0,1.018621399950383
11-28-2020,275661,3018,210697,64964,1.09,76.43,1.0172292909015763
11-29-2020,279708,3105,216998,62710,1.11,77.58,1.0146810756690283
11-30-2020,282456,3184,221692,60764,1.13,78.49,1.0098245312969238
12-01-2020,285489,3325,227497,57992,1.16,79.69,1.010737955646189
12-02-2020,289461,3446,233657,55804,1.19,80.72,1.0139129703771423
12-03-2020,293430,3538,238127,55303,1.21,81.15,1.0137116917304922
12-04-2020,297245,3651,243775,53470,1.23,82.01,1.0130013972668097
12-05-2020,300689,3757,249441,51248,1.25,82.96,1.0115864017897693
12-06-2020,303430,3840,252765,50665,1.27,83.3,1.009115730871432
12-07-2020,305693,3897,256811,48882,1.27,84.01,1.0074580628151468
12-08-2020,308070,4002,262314,45756,1.3,85.15,1.0077757750422809
12-09-2020,311002,4056,265815,45187,1.3,85.47,1.0095173174927776
12-10-2020,313688,4163,269665,44023,1.33,85.97,1.0086366004077145
12-11-2020,316581,4289,273503,43078,1.35,86.39,1.0092225395934815
12-12-2020,319822,4415,277883,41939,1.38,86.89,1.0102375063569828
12-13-2020,322463,4473,281106,41357,1.39,87.17,1.0082577183558354
12-14-2020,325051,4530,284174,40877,1.39,87.42,1.0080257269826305
12-15-2020,327679,4648,287750,39929,1.42,87.81,1.0080848851411008
12-16-2020,330343,4764,291042,39301,1.44,88.1,1.008129907623009
12-17-2020,332828,4982,294315,38513,1.5,88.43,1.0075224842058104
12-18-2020,334913,5127,297424,37489,1.53,88.81,1.0062644969774177
12-19-2020,337209,5209,300611,36598,1.54,89.15,1.006855511729912
12-20-2020,338854,5351,303213,35641,1.58,89.48,1.0048782802356995
12-21-2020,340373,5435,305658,34715,1.6,89.8,1.0044827565854322
12-22-2020,342226,5540,309595,32631,1.62,90.47,1.0054440275815062
12-23-2020,344357,5654,312921,31436,1.64,90.87,1.00622687931367
12-24-2020,347204,5745,315952,31252,1.65,91.0,1.0082675827702066
12-25-2020,349055,5783,318154,30901,1.66,91.15,1.0053311597792651
12-26-2020,350484,5843,320753,29731,1.67,91.52,1.004093910701752
12-27-2020,351892,5881,323002,28890,1.67,91.79,1.004017301788384
12-28-2020,353484,5931,326768,26716,1.68,92.44,1.0045241153535744
12-29-2020,355352,6059,328974,26378,1.71,92.58,1.0052845390456144
12-30-2020,357902,6149,330990,26912,1.72,92.48,1.0071759832504108
12-31-2020,360815,6222,332952,27863,1.72,92.28,1.008139099530039
01-01-2021,362911,6261,334901,28010,1.73,92.28,1.005809071130635
01-02-2021,364302,6275,336922,27380,1.72,92.48,1.003832895668635
01-03-2021,365768,6324,338831,26937,1.73,92.64,1.004024133823037
01-04-2021,367410,6357,340273,27137,1.73,92.61,1.004489184401041
01-05-2021,369721,6457,343039,26682,1.75,92.78,1.0062899757763806
01-06-2021,372190,6525,344974,27216,1.75,92.69,1.006678008552395
01-07-2021,374730,6568,346901,27829,1.75,92.57,1.0068244713721486
01-08-2021,376793,6641,349215,27578,1.76,92.68,1.0055052971472793
01-09-2021,379071,6687,351382,27689,1.76,92.7,1.0060457598734585
01-10-2021,380722,6723,353749,26973,1.77,92.92,1.004355384611326
01-11-2021,382258,6747,355530,26728,1.77,93.01,1.0040344398274856
01-12-2021,383833,6819,357562,26271,1.78,93.16,1.0041202538599585
01-13-2021,385750,6868,359692,26058,1.78,93.24,1.0049943595261481
01-14-2021,389260,6921,362931,26329,1.78,93.24,1.009099157485418
01-15-2021,390788,6987,365214,25574,1.79,93.46,1.0039253969069517
01-16-2021,392511,7053,367785,24726,1.8,93.7,1.004409040195707
01-17-2021,393778,7082,369218,24560,1.8,93.76,1.0032279350132862
01-18-2021,394939,7122,370865,24074,1.8,93.9,1.0029483617672903
01-19-2021,396425,7199,373090,23335,1.82,94.11,1.0037626063771874
01-20-2021,398096,7237,374824,23272,1.82,94.15,1.0042151731096676
01-21-2021,399798,7288,376360,23438,1.82,94.14,1.0042753506691853
01-22-2021,401886,7330,378408,23478,1.82,94.16,1.005222637431903
01-23-2021,403512,7389,380248,23264,1.83,94.23,1.004045923470835
01-24-2021,404714,7418,381654,23060,1.83,94.3,1.0029788457344515
01-25-2021,405723,7451,383200,22523,1.84,94.45,1.0024931185973305
01-26-2021,407140,7515,384926,22214,1.85,94.54,1.0034925306181803
01-27-2021,408781,7564,386351,22430,1.85,94.51,1.0040305546003832
01-28-2021,410230,7607,387787,22443,1.85,94.53,1.0035446852960388
01-29-2021,411730,7658,389476,22254,1.86,94.6,1.0036564853862466
01-30-2021,413208,7703,391076,22132,1.86,94.64,1.0035897311344812
01-31-2021,414398,7721,392497,21901,1.86,94.71,1.0028799055197382
02-01-2021,415522,7778,393747,21775,1.87,94.76,1.0027123683029358
02-02-2021,416763,7847,395316,21447,1.88,94.85,1.0029866048007086
02-03-2021,418283,7902,396709,21574,1.89,94.84,1.003647156777353
02-04-2021,419801,7936,397910,21891,1.89,94.79,1.0036291219102855
02-05-2021,421189,7973,399329,21860,1.89,94.81,1.0033063284746822
02-06-2021,422522,7994,400851,21671,1.89,94.87,1.0031648499842114
02-07-2021,423839,8012,402053,21786,1.89,94.86,1.0031169974581204
02-08-2021,424896,8032,403302,21594,1.89,94.92,1.0024938714936569
02-09-2021,426093,8071,404676,21417,1.89,94.97,1.00281715996385
02-10-2021,427562,8114,405921,21641,1.9,94.94,1.0034476041615328
02-11-2021,429139,8138,407155,21984,1.9,94.88,1.0036883539697166
02-12-2021,430870,8170,408426,22444,1.9,94.79,1.0040336580921334
02-13-2021,432303,8195,409877,22426,1.9,94.81,1.0033258291363985
02-14-2021,433487,8211,411199,22288,1.89,94.86,1.0027388197629903
02-15-2021,434712,8221,412457,22255,1.89,94.88,1.0028259209618744
02-16-2021,436139,8260,413908,22231,1.89,94.9,1.0032826330996154
02-17-2021,437874,8290,415221,22653,1.89,94.83,1.0039780895540182
02-18-2021,439841,8312,416431,23410,1.89,94.68,1.0044921598450696
02-19-2021,441659,8348,417654,24005,1.89,94.56,1.004133311810404
02-20-2021,443536,8368,419283,24253,1.89,94.53,1.004249885092345
02-21-2021,445374,8386,420509,24865,1.88,94.42,1.0041439702752426
02-22-2021,446644,8397,421811,24833,1.88,94.44,1.00285153601243
02-23-2021,448371,8434,423014,25357,1.88,94.34,1.003866614126687
02-24-2021,450376,8470,424348,26028,1.88,94.22,1.0044717432661792
02-25-2021,452767,8493,425786,26981,1.88,94.04,1.0053088974545712
02-26-2021,454860,8515,427257,27603,1.87,93.93,1.0046226867240766
02-27-2021,457317,8538,428904,28413,1.87,93.79,1.0054016620498616
02-28-2021,459440,8561,430415,29025,1.86,93.68,1.0046422940761004
03-01-2021,460849,8574,432016,28833,1.86,93.74,1.0030667769458472
03-02-2021,462769,8605,433873,28896,1.86,93.76,1.0041662236437532
03-03-2021,465322,8625,435669,29653,1.85,93.63,1.0055167913148892
03-04-2021,467646,8652,437202,30444,1.85,93.49,1.0049943909808692
03-05-2021,470314,8669,439101,31213,1.84,93.36,1.0057051701500708
03-06-2021,472871,8694,441309,31562,1.84,93.33,1.0054367932912904
03-07-2021,475070,8713,443152,31918,1.83,93.28,1.0046503168940366
03-08-2021,476980,8732,445032,31948,1.83,93.3,1.0040204601427158
03-09-2021,479391,8757,447041,32350,1.83,93.25,1.0050547192754413
03-10-2021,481919,8776,449053,32866,1.82,93.18,1.0052733572386632
03-11-2021,484916,8798,450862,34054,1.81,92.98,1.0062188874063898
03-12-2021,488042,8831,453078,34964,1.81,92.84,1.0064464773280322
03-13-2021,491065,8856,455271,35794,1.8,92.71,1.0061941390290179
03-14-2021,493568,8873,457266,36302,1.8,92.64,1.0050970849072933
03-15-2021,495464,8892,459288,36176,1.79,92.7,1.0038414159751037
03-16-2021,497889,8925,461659,36230,1.79,92.72,1.0048944020150807
03-17-2021,501224,8956,463714,37510,1.79,92.52,1.0066982801387458
03-18-2021,504581,8982,465984,38597,1.78,92.35,1.00669760426476
03-19-2021,508096,9024,468275,39821,1.78,92.16,1.0069661758964368
03-20-2021,511440,9052,470684,40756,1.77,92.03,1.006581433429903
03-21-2021,514153,9074,473357,40796,1.76,92.07,1.0053046300641326
03-22-2021,516565,9089,475227,41338,1.76,92.0,1.0046912105929557
03-23-2021,519980,9121,477940,42040,1.75,91.92,1.0066109782892763
03-24-2021,523269,9151,480597,42672,1.75,91.85,1.0063252432785876
03-25-2021,526393,9178,483460,42933,1.74,91.84,1.0059701606630624
03-26-2021,530288,9200,486088,44200,1.73,91.66,1.007399414505892
03-27-2021,533786,9231,488964,44822,1.73,91.6,1.0065964155326916
03-28-2021,536465,9256,491619,44846,1.73,91.64,1.005018865238129
03-29-2021,539541,9275,494377,45164,1.72,91.63,1.0057338316572377
03-30-2021,542542,9308,497816,44726,1.72,91.76,1.0055621352223465
03-31-2021,546229,9339,501116,45113,1.71,91.74,1.0067957872385918
04-01-2021,549592,9368,503729,45863,1.7,91.66,1.006156758429157
04-02-2021,552729,9397,506675,46054,1.7,91.67,1.0057078705658016
04-03-2021,556012,9434,509550,46462,1.7,91.64,1.0059396195965835
04-04-2021,558755,9449,512642,46113,1.69,91.75,1.0049333467623
04-05-2021,560972,9482,516084,44888,1.69,92.0,1.003967749729309
04-06-2021,562907,9517,519202,43705,1.69,92.24,1.0034493700220333
04-07-2021,566008,9546,522774,43234,1.69,92.36,1.0055089028915967
04-08-2021,568914,9586,525682,43232,1.68,92.4,1.0051342030501336
04-09-2021,571616,9624,529191,42425,1.68,92.58,1.0047493997335273
04-10-2021,574755,9662,532539,42216,1.68,92.65,1.0054914488047921
04-11-2021,577007,9687,535798,41209,1.68,92.86,1.0039181912293065
04-12-2021,578950,9706,538609,40341,1.68,93.03,1.0033673768255844
04-13-2021,581263,9748,541786,39477,1.68,93.21,1.003995163658347
04-14-2021,584205,9779,544989,39216,1.67,93.29,1.0050613921753149
04-15-2021,586883,9813,547604,39279,1.67,93.31,1.0045840073261953
04-16-2021,589299,9843,550470,38829,1.67,93.41,1.0041166637984063
04-17-2021,591347,9870,552619,38728,1.67,93.45,1.0034753155868243
04-18-2021,593423,9898,555218,38205,1.67,93.56,1.0035106291230023
04-19-2021,595540,9922,557467,38073,1.67,93.61,1.0035674384039714
04-20-2021,597566,9959,560492,37074,1.67,93.8,1.003401954528663
04-21-2021,600089,9997,563256,36833,1.67,93.86,1.0042221277649666
04-22-2021,602494,10026,565513,36981,1.66,93.86,1.0040077388520703
04-23-2021,604823,10055,568213,36610,1.66,93.95,1.0038655986615634
04-24-2021,606954,10070,570684,36270,1.66,94.02,1.0035233448463434
04-25-2021,608979,10087,573155,35824,1.66,94.12,1.0033363319131268
04-26-2021,610545,10098,575217,35328,1.65,94.21,1.002571517244437
04-27-2021,612170,10126,577977,34193,1.65,94.41,1.0026615564782284
04-28-2021,614510,10152,580330,34180,1.65,94.44,1.003822467615205
04-29-2021,616739,10179,582575,34164,1.65,94.46,1.0036272802720867
04-30-2021,618870,10205,584777,34093,1.65,94.49,1.0034552703817985
05-01-2021,620485,10233,587115,33370,1.65,94.62,1.0026095949068463
05-02-2021,622110,10245,589534,32576,1.65,94.76,1.0026189190713717
05-03-2021,623201,10260,591525,31676,1.65,94.92,1.0017537091511148
05-04-2021,624595,10291,593684,30911,1.65,95.05,1.0022368385159843
05-05-2021,626239,10311,595877,30362,1.65,95.15,1.0026321056044316
05-06-2021,627484,10333,597922,29562,1.65,95.29,1.001988058872092
05-07-2021,628817,10351,599854,28963,1.65,95.39,1.0021243569557152
05-08-2021,630050,10374,601958,28092,1.65,95.54,1.0019608248504732
05-09-2021,631076,10382,603901,27175,1.65,95.69,1.001628442187128
05-10-2021,631896,10392,605441,26455,1.64,95.81,1.0012993680634346
05-11-2021,632766,10413,607712,25054,1.65,96.04,1.0013768088419612
05-12-2021,633960,10428,609666,24294,1.64,96.17,1.0018869534709514
05-13-2021,634893,10444,611254,23639,1.65,96.28,1.0014717016846488
05-14-2021,635780,10455,612523,23257,1.64,96.34,1.0013970858081598
05-15-2021,636424,10470,614803,21621,1.65,96.6,1.0010129290005978
05-16-2021,637097,10474,616148,20949,1.64,96.71,1.0010574711198823
05-17-2021,637573,10480,617307,20266,1.64,96.82,1.0007471389756977
05-18-2021,638155,10499,618798,19357,1.65,96.97,1.0009128366477251
05-19-2021,639054,10508,618798,20256,1.64,96.83,1.0014087486582413
05-20-2021,639616,10527,619756,19860,1.65,96.9,1.0008794248999302
05-21-2021,640293,10534,620837,19456,1.65,96.96,1.0010584475685411
05-22-2021,640876,10541,621998,18878,1.64,97.05,1.000910520652264
05-23-2021,641380,10546,622889,18491,1.64,97.12,1.000786423582721
05-24-2021,641740,10547,623668,18072,1.64,97.18,1.0005612897190432
05-25-2021,642138,10551,624549,17589,1.64,97.26,1.0006201888615327
05-26-2021,642583,10566,625453,17130,1.64,97.33,1.0006929974553755
05-27-2021,643168,10573,626259,16909,1.64,97.37,1.000910388230003
05-28-2021,643709,10588,626815,16894,1.64,97.38,1.0008411488133737
05-29-2021,644207,10592,627672,16535,1.64,97.43,1.0007736415057114
05-30-2021,644586,10596,628312,16274,1.64,97.48,1.0005883202138444
05-31-2021,644815,10603,628856,15959,1.64,97.53,1.000355266791398
06-01-2021,645152,10615,629713,15439,1.65,97.61,1.0005226305219326
06-02-2021,645552,10621,630274,15278,1.65,97.63,1.0006200089281285
06-03-2021,645834,10627,630731,15103,1.65,97.66,1.00043683545245
06-04-2021,646167,10631,631138,15029,1.65,97.67,1.0005156123709809
06-05-2021,646438,10636,630458,15980,1.65,97.53,1.0004193962241958
06-06-2021,646800,10639,630942,15858,1.64,97.55,1.0005599918321633
06-07-2021,647079,10640,631294,15785,1.64,97.56,1.0004313543599257
06-08-2021,647322,10647,631869,15453,1.64,97.61,1.0003755337447204
06-09-2021,647688,10650,632188,15500,1.64,97.61,1.0005654063974343
06-10-2021,647971,10650,632660,15311,1.64,97.64,1.0004369387729894
06-11-2021,648187,10652,633105,15082,1.64,97.67,1.0003333482516965
06-12-2021,648387,10652,633538,14849,1.64,97.71,1.0003085529330271
06-13-2021,648620,10661,633939,14681,1.64,97.74,1.0003593532874657
06-14-2021,648732,10662,634123,14609,1.64,97.75,1.0001726742931145
06-15-2021,648849,10668,634439,14410,1.64,97.78,1.0001803518247905
06-16-2021,649002,10671,634900,14102,1.64,97.83,1.0002358021666058
06-17-2021,649181,10674,635192,13989,1.64,97.85,1.000275808086878
06-18-2021,649309,10677,635544,13765,1.64,97.88,1.0001971715130296
06-19-2021,649445,10679,635886,13559,1.64,97.91,1.0002094534343433
06-20-2021,649576,10680,636125,13451,1.64,97.93,1.0002017106914365
06-21-2021,649670,10680,636365,13305,1.64,97.95,1.0001447097799179
06-22-2021,649728,10684,636523,13205,1.64,97.97,1.000089276094017
06-23-2021,649845,10686,636740,13105,1.64,97.98,1.00018007535461
06-24-2021,649922,10697,636923,12999,1.65,98.0,1.00011848979372
06-25-2021,650016,10700,637051,12965,1.65,98.01,1.0001446327405443
06-26-2021,650192,10699,637238,12954,1.65,98.01,1.0002707625658445
06-27-2021,650261,10700,637424,12837,1.65,98.03,1.0001061224992003
06-28-2021,650324,10701,637545,12779,1.65,98.03,1.0000968841742008
06-29-2021,650353,10700,637613,12740,1.65,98.04,1.000044593156642
06-30-2021,650412,10702,637751,12661,1.65,98.05,1.000090719962851
07-01-2021,650474,10706,637909,12565,1.65,98.07,1.0000953241945105
07-02-2021,650569,10709,638032,12537,1.65,98.07,1.000146047343937
07-03-2021,650662,10709,638167,12495,1.65,98.08,1.0001429517852833
07-04-2021,650737,10709,638319,12418,1.65,98.09,1.0001152672201543
07-05-2021,650817,10713,638378,12439,1.65,98.09,1.0001229375308305
07-06-2021,650901,10718,638456,12445,1.65,98.09,1.0001290685400044
07-07-2021,651008,10719,638566,12442,1.65,98.09,1.0001643875182247
07-08-2021,651128,10721,638618,12510,1.65,98.08,1.0001843295320487
07-09-2021,651291,10722,638719,12572,1.65,98.07,1.0002503348036023
07-10-2021,651453,10723,638814,12639,1.65,98.06,1.0002487367397983
07-11-2021,651612,10723,638889,12723,1.65,98.05,1.0002440697947512
07-12-2021,651804,10723,638965,12839,1.65,98.03,1.0002946538737776
07-13-2021,652022,10724,639035,12987,1.64,98.01,1.0003344563703198
07-14-2021,652354,10726,639154,13200,1.64,97.98,1.0005091852728896
07-15-2021,652660,10727,639239,13421,1.64,97.94,1.0004690704740065
07-16-2021,653001,10728,639352,13649,1.64,97.91,1.0005224772469585
07-17-2021,653412,10728,639422,13990,1.64,97.86,1.0006294017926465
07-18-2021,653735,10729,639573,14162,1.64,97.83,1.0004943282339473
07-19-2021,653998,10729,639700,14298,1.64,97.81,1.0004023036857441
07-20-2021,654314,10729,639831,14483,1.64,97.79,1.0004831819057551
07-21-2021,654745,10729,640018,14727,1.64,97.75,1.0006587051476814
07-22-2021,655197,10730,640202,14995,1.64,97.71,1.0006903450961824
07-23-2021,655589,10730,640430,15159,1.64,97.69,1.0005982933377289
07-24-2021,655938,10731,640685,15253,1.64,97.67,1.0005323457227013
07-25-2021,656270,10731,640951,15319,1.64,97.67,1.0005061453978883
07-26-2021,656582,10732,641222,15360,1.63,97.66,1.0004754140826184
07-27-2021,656949,10737,641541,15408,1.63,97.65,1.0005589553170815
07-28-2021,657501,10737,641880,15621,1.63,97.62,1.0008402478731226
07-29-2021,658004,10737,642229,15775,1.63,97.6,1.0007650178478815
07-30-2021,658518,10737,642597,15921,1.63,97.58,1.0007811502665638
07-31-2021,659056,10737,643027,16029,1.63,97.57,1.000816986020124
08-01-2021,659508,10738,643387,16121,1.63,97.56,1.0006858294287586
08-02-2021,659872,10739,643694,16178,1.63,97.55,1.0005519265876988
08-03-2021,660262,10742,644038,16224,1.63,97.54,1.00059102371369
08-04-2021,660854,10744,644388,16466,1.63,97.51,1.0008966137684738
08-05-2021,661359,10745,0,661359,1.62,0,1.0007641627348856
08-06-2021,661922,10748,0,661922,1.62,0,1.0008512774453815
08-07-2021,662529,10750,0,662529,1.62,0,1.0009170264774399
08-08-2021,663082,10750,0,663082,1.62,0,1.0008346804441768
08-09-2021,663532,10750,0,663532,1.62,0,1.0006786490961903
08-10-2021,664133,10751,0,664133,1.62,0,1.0009057588782455
08-11-2021,665035,10752,0,665035,1.62,0,1.001358161693516
08-12-2021,665885,10753,0,665885,1.61,0,1.0012781282188155
08-13-2021,666890,10753,0,666890,1.61,0,1.0015092696186279
08-14-2021,667841,10754,0,667841,1.61,0,1.0014260222825353
08-15-2021,668732,10756,0,668732,1.61,0,1.00133414989496
08-16-2021,669506,10757,0,669506,1.61,0,1.0011574143304045
08-17-2021,670372,10757,0,670372,1.6,0,1.0012934910217384
08-18-2021,671593,10757,0,671593,1.6,0,1.0018213767878132
08-19-2021,672819,10760,0,672819,1.6,0,1.001825510390966
08-20-2021,674077,10761,0,674077,1.6,0,1.0018697450577347
08-21-2021,675405,10761,0,675405,1.59,0,1.0019701013385711
08-22-2021,676526,10762,0,676526,1.59,0,1.0016597448938045
08-23-2021,677603,10763,0,677603,1.59,0,1.0015919565545153
08-24-2021,678605,10768,0,678605,1.59,0,1.0014787419772344
08-25-2021,680179,10770,0,680179,1.58,0,1.0023194641949293
08-26-2021,681617,10772,0,681617,1.58,0,1.0021141493636234
08-27-2021,683219,10776,0,683219,1.58,0,1.0023502934932667
08-28-2021,684541,10777,0,684541,1.57,0,1.0019349578978336
08-29-2021,685956,10781,0,685956,1.57,0,1.0020670785241497
08-30-2021,687076,10782,0,687076,1.57,0,1.0016327577862136
08-31-2021,688305,10772,0,688305,1.57,0,1.0017887395280871
09-01-2021,690153,10775,0,690153,1.56,0,1.0026848562773771
09-02-2021,691663,10778,0,691663,1.56,0,1.0021879206494793
09-03-2021,693416,10785,0,693416,1.56,0,1.0025344712670765
09-04-2021,695131,10790,0,695131,1.55,0,1.002473262803281
09-05-2021,696905,10793,0,696905,1.55,0,1.0025520369541856
09-06-2021,697510,10801,0,697510,1.55,0,1.0008681240628206
09-07-2021,698948,10812,0,698948,1.55,0,1.0020616191882554
09-08-2021,701216,10815,0,701216,1.54,0,1.003244876585955
09-09-2021,703572,10822,0,703572,1.54,0,1.00335987769817
09-10-2021,705913,10832,0,705913,1.53,0,1.0033273069422888
09-11-2021,708173,10837,0,708173,1.53,0,1.0032015276670072
09-12-2021,710030,10839,0,710030,1.53,0,1.0026222406106982
09-13-2021,711573,10840,0,711573,1.52,0,1.0021731476134812
09-14-2021,713269,10849,0,713269,1.52,0,1.0023834518735253
09-15-2021,715893,10856,0,715893,1.52,0,1.0036788364558111
09-16-2021,718091,10870,0,718091,1.51,0,1.0030702912306728
09-17-2021,720455,10882,0,720455,1.51,0,1.003292061869596
09-18-2021,722357,10889,0,722357,1.51,0,1.0026399983343859
09-19-2021,724035,10895,0,724035,1.5,0,1.0023229511169685
09-20-2021,725434,10896,0,725434,1.5,0,1.0019322270332236
09-21-2021,726674,10918,0,726674,1.5,0,1.0017093215923158
09-22-2021,728696,10933,0,728696,1.5,0,1.0027825407266533
09-23-2021,730403,10943,0,730403,1.5,0,1.002342540647952
09-24-2021,732157,10953,0,732157,1.5,0,1.0024014140139075
09-25-2021,734302,10961,0,734302,1.49,0,1.0029296995043413
09-26-2021,735890,10969,0,735890,1.49,0,1.0021625979501623
09-27-2021,737202,10976,0,737202,1.49,0,1.001782875157972
09-28-2021,738763,10986,0,738763,1.49,0,1.0021174657692193
09-29-2021,741046,10998,0,741046,1.48,0,1.0030903009490189
09-30-2021,743095,11009,0,743095,1.48,0,1.0027650105391568
10-01-2021,744964,11014,0,744964,1.48,0,1.002515156204792
10-02-2021,746380,11021,0,746380,1.48,0,1.0019007629898895
10-03-2021,748825,11026,0,748825,1.47,0,1.0032758112489617
10-04-2021,750229,11034,0,750229,1.47,0,1.0018749374019298
10-05-2021,751139,11049,0,751139,1.47,0,1.0012129629753048
10-06-2021,753832,11061,0,753832,1.47,0,1.00358522190966
10-07-2021,755797,11072,0,755797,1.46,0,1.002606681594838
10-08-2021,757675,11084,0,757675,1.46,0,1.0024847941973838
10-09-2021,759543,11090,0,759543,1.46,0,1.0024654370277493
