date,total_confirmed,total_deaths,total_recovered,total_infected,mortality_rate,recovery_rate,daily_growth_rate
03-14-2020,1,0,0,1,0,0,1
03-15-2020,1,0,0,1,0,0,1.0
03-16-2020,5,0,0,5,0,0,5.0
03-17-2020,7,0,0,7,0,0,1.4
03-18-2020,8,0,0,8,0,0,1.1428571428571428
03-19-2020,8,0,0,8,0,0,1.0
03-20-2020,17,0,0,17,0,0,2.125
03-21-2020,17,0,0,17,0,0,1.0
03-22-2020,19,0,0,19,0,0,1.1176470588235294
03-23-2020,36,0,0,36,0,0,1.8947368421052633
03-24-2020,40,0,0,40,0,0,1.1111111111111112
03-25-2020,41,0,0,41,0,0,1.025
03-26-2020,50,0,0,50,0,0,1.2195121951219512
03-27-2020,54,0,0,54,0,0,1.08
03-28-2020,60,0,0,60,0,0,1.1111111111111112
03-29-2020,70,0,0,70,0,0,1.1666666666666667
03-30-2020,70,0,0,70,0,0,1.0
03-31-2020,75,0,0,75,0,0,1.0714285714285714
04-01-2020,82,0,0,82,0,0,1.0933333333333333
04-02-2020,84,0,0,84,0,0,1.024390243902439
04-03-2020,89,0,0,89,0,0,1.0595238095238095
04-04-2020,102,0,0,102,0,0,1.146067415730337
04-05-2020,104,0,4,100,0,3.85,1.0196078431372548
04-06-2020,105,0,4,101,0,3.81,1.0096153846153846
04-07-2020,105,0,7,98,0,6.67,1.0
04-08-2020,110,0,7,103,0,6.36,1.0476190476190477
04-09-2020,110,0,7,103,0,6.36,1.0
04-10-2020,118,0,7,111,0,5.93,1.0727272727272728
04-11-2020,120,0,18,102,0,15.0,1.0169491525423728
04-12-2020,126,0,25,101,0,19.84,1.05
04-13-2020,127,0,42,85,0,33.07,1.007936507936508
04-14-2020,134,0,49,85,0,36.57,1.0551181102362204
04-15-2020,136,0,54,82,0,39.71,1.0149253731343284
04-16-2020,138,0,60,78,0,43.48,1.0147058823529411
04-17-2020,143,0,65,78,0,45.45,1.036231884057971
04-18-2020,144,0,69,75,0,47.92,1.006993006993007
04-19-2020,147,0,76,71,0,51.7,1.0208333333333333
04-20-2020,147,0,76,71,0,51.7,1.0
04-21-2020,150,0,84,66,0,56.0,1.0204081632653061
04-22-2020,153,0,84,69,0,54.9,1.02
04-23-2020,154,0,87,67,0,56.49,1.0065359477124183
04-24-2020,176,0,87,89,0,49.43,1.1428571428571428
04-25-2020,183,0,88,95,0,48.09,1.0397727272727273
04-26-2020,191,0,92,99,0,48.17,1.0437158469945356
04-27-2020,207,0,93,114,0,44.93,1.0837696335078535
04-28-2020,212,0,95,117,0,44.81,1.0241545893719808
04-29-2020,225,0,98,127,0,43.56,1.0613207547169812
04-30-2020,243,0,104,139,0,42.8,1.08
05-01-2020,249,0,109,140,0,43.78,1.0246913580246915
05-02-2020,255,0,120,135,0,47.06,1.0240963855421688
05-03-2020,259,0,124,135,0,47.88,1.0156862745098039
05-04-2020,261,0,128,133,0,49.04,1.0077220077220077
05-05-2020,261,0,129,132,0,49.43,1.0
05-06-2020,268,0,130,138,0,48.51,1.0268199233716475
05-07-2020,271,0,133,138,0,49.08,1.0111940298507462
05-08-2020,273,0,136,137,0,49.82,1.007380073800738
05-09-2020,280,0,140,140,0,50.0,1.0256410256410255
05-10-2020,284,0,140,144,0,49.3,1.0142857142857142
05-11-2020,285,0,150,135,0,52.63,1.0035211267605635
05-12-2020,286,0,153,133,0,53.5,1.0035087719298246
05-13-2020,287,0,164,123,0,57.14,1.0034965034965035
05-14-2020,287,0,168,119,0,58.54,1.0
05-15-2020,287,0,177,110,0,61.67,1.0
05-16-2020,289,0,178,111,0,61.59,1.0069686411149825
05-17-2020,292,0,197,95,0,67.47,1.0103806228373702
05-18-2020,297,0,203,94,0,68.35,1.0171232876712328
05-19-2020,308,0,209,99,0,67.86,1.037037037037037
05-20-2020,314,0,216,98,0,68.79,1.0194805194805194
05-21-2020,320,0,217,103,0,67.81,1.019108280254777
05-22-2020,321,0,222,99,0,69.16,1.003125
05-23-2020,325,0,227,98,0,69.85,1.0124610591900312
05-24-2020,327,0,237,90,0,72.48,1.0061538461538462
05-25-2020,336,0,238,98,0,70.83,1.0275229357798166
05-26-2020,339,0,244,95,0,71.98,1.0089285714285714
05-27-2020,346,0,245,101,0,70.81,1.0206489675516224
05-28-2020,349,0,245,104,0,70.2,1.0086705202312138
05-29-2020,355,0,247,108,0,69.58,1.0171919770773639
05-30-2020,359,1,250,109,0.28,69.64,1.0112676056338028
05-31-2020,370,1,256,114,0.27,69.19,1.0306406685236769
06-01-2020,377,1,262,115,0.27,69.5,1.018918918918919
06-02-2020,384,2,269,115,0.52,70.05,1.0185676392572944
06-03-2020,397,2,271,126,0.5,68.26,1.0338541666666667
06-04-2020,410,2,280,130,0.49,68.29,1.0327455919395465
06-05-2020,420,2,282,138,0.48,67.14,1.024390243902439
06-06-2020,431,2,283,148,0.46,65.66,1.026190476190476
06-07-2020,439,2,290,149,0.46,66.06,1.0185614849187936
06-08-2020,451,2,297,154,0.44,65.85,1.0273348519362187
06-09-2020,463,2,300,163,0.43,64.79,1.0266075388026608
06-10-2020,476,2,307,169,0.42,64.5,1.0280777537796977
06-11-2020,494,2,313,181,0.4,63.36,1.0378151260504203
06-12-2020,510,2,321,189,0.39,62.94,1.0323886639676114
06-13-2020,541,2,332,209,0.37,61.37,1.0607843137254902
06-14-2020,582,2,332,250,0.34,57.04,1.0757855822550833
06-15-2020,612,2,338,274,0.33,55.23,1.0515463917525774
06-16-2020,636,2,338,298,0.31,53.14,1.0392156862745099
06-17-2020,639,2,347,292,0.31,54.3,1.0047169811320755
06-18-2020,646,2,350,296,0.31,54.18,1.0109546165884193
06-19-2020,661,2,351,310,0.3,53.1,1.0232198142414861
06-20-2020,702,2,357,345,0.28,50.85,1.0620272314674735
06-21-2020,728,2,359,369,0.27,49.31,1.037037037037037
06-22-2020,787,2,370,417,0.25,47.01,1.081043956043956
06-23-2020,798,2,371,427,0.25,46.49,1.013977128335451
06-24-2020,830,2,376,454,0.24,45.3,1.0401002506265664
06-25-2020,850,2,385,465,0.24,45.29,1.0240963855421688
06-26-2020,858,2,398,460,0.23,46.39,1.0094117647058825
06-27-2020,878,2,413,465,0.23,47.04,1.0233100233100234
06-28-2020,900,2,443,457,0.22,49.22,1.0250569476082005
06-29-2020,1001,2,443,558,0.2,44.26,1.1122222222222222
06-30-2020,1025,2,447,578,0.2,43.61,1.023976023976024
07-01-2020,1042,3,480,562,0.29,46.07,1.0165853658536586
07-02-2020,1063,3,493,570,0.28,46.38,1.0201535508637236
07-03-2020,1081,3,512,569,0.28,47.36,1.0169332079021638
07-04-2020,1092,3,523,569,0.27,47.89,1.0101757631822386
07-05-2020,1105,3,567,538,0.27,51.31,1.0119047619047619
07-06-2020,1113,3,575,538,0.27,51.66,1.0072398190045249
07-07-2020,1172,3,595,577,0.26,50.77,1.0530098831985624
07-08-2020,1194,3,610,584,0.25,51.09,1.0187713310580204
07-09-2020,1210,3,623,587,0.25,51.49,1.0134003350083751
07-10-2020,1252,3,635,617,0.24,50.72,1.034710743801653
07-11-2020,1299,4,663,636,0.31,51.04,1.0375399361022364
07-12-2020,1337,4,684,653,0.3,51.16,1.029253271747498
07-13-2020,1378,4,710,668,0.29,51.52,1.030665669409125
07-14-2020,1416,4,737,679,0.28,52.05,1.0275761973875182
07-15-2020,1435,4,752,683,0.28,52.4,1.0134180790960452
07-16-2020,1473,4,770,703,0.27,52.27,1.0264808362369338
07-17-2020,1485,4,811,674,0.27,54.61,1.0081466395112015
07-18-2020,1539,5,819,720,0.32,53.22,1.0363636363636364
07-19-2020,1582,5,834,748,0.32,52.72,1.0279402209226771
07-20-2020,1629,5,838,791,0.31,51.44,1.029709228824273
07-21-2020,1655,5,848,807,0.3,51.24,1.0159607120933087
07-22-2020,1689,5,867,822,0.3,51.33,1.0205438066465258
07-23-2020,1710,5,889,821,0.29,51.99,1.0124333925399644
07-24-2020,1729,5,900,829,0.29,52.05,1.011111111111111
07-25-2020,1752,5,907,845,0.29,51.77,1.0133024869866976
07-26-2020,1821,5,918,903,0.27,50.41,1.0393835616438356
07-27-2020,1879,5,975,904,0.27,51.89,1.0318506315211422
07-28-2020,1926,5,1005,921,0.26,52.18,1.0250133049494412
07-29-2020,1963,5,1036,927,0.25,52.78,1.0192107995846313
07-30-2020,1994,5,1085,909,0.25,54.41,1.0157921548650026
07-31-2020,2022,5,1106,916,0.25,54.7,1.0140421263791375
08-01-2020,2042,5,1119,923,0.24,54.8,1.009891196834817
08-02-2020,2062,5,1144,918,0.24,55.48,1.0097943192948091
08-03-2020,2092,5,1169,923,0.24,55.88,1.01454898157129
08-04-2020,2099,5,1222,877,0.24,58.22,1.0033460803059273
08-05-2020,2104,5,1237,867,0.24,58.79,1.0023820867079563
08-06-2020,2111,5,1258,853,0.24,59.59,1.0033269961977187
08-07-2020,2128,5,1297,831,0.23,60.95,1.0080530554239697
08-08-2020,2134,6,1300,834,0.28,60.92,1.0028195488721805
08-09-2020,2140,7,1346,794,0.33,62.9,1.0028116213683225
08-10-2020,2152,7,1392,760,0.33,64.68,1.005607476635514
08-11-2020,2171,7,1478,693,0.32,68.08,1.0088289962825279
08-12-2020,2189,8,1524,665,0.37,69.62,1.0082911100875174
08-13-2020,2200,8,1558,642,0.36,70.82,1.0050251256281406
08-14-2020,2293,8,1604,689,0.35,69.95,1.0422727272727272
08-15-2020,2352,8,1631,721,0.34,69.35,1.0257304840819887
08-16-2020,2453,8,1648,805,0.33,67.18,1.0429421768707483
08-17-2020,2540,8,1661,879,0.31,65.39,1.0354667753770892
08-18-2020,2577,10,1683,894,0.39,65.31,1.0145669291338584
08-19-2020,2644,10,1698,946,0.38,64.22,1.025999223903764
08-20-2020,2717,11,1705,1012,0.4,62.75,1.0276096822995462
08-21-2020,2780,11,1712,1068,0.4,61.58,1.0231873389768127
08-22-2020,2889,11,1754,1135,0.38,60.71,1.039208633093525
08-23-2020,3089,12,1755,1334,0.39,56.81,1.069228106611284
08-24-2020,3306,14,1785,1521,0.42,53.99,1.070249271608935
08-25-2020,3537,15,1806,1731,0.42,51.06,1.0698729582577133
08-26-2020,3625,15,1810,1815,0.41,49.93,1.0248798416737348
08-27-2020,3672,15,1863,1809,0.41,50.74,1.0129655172413794
08-28-2020,3742,16,1866,1876,0.43,49.87,1.0190631808278867
08-29-2020,3843,16,1904,1939,0.42,49.54,1.0269909139497595
08-30-2020,4020,16,1918,2102,0.4,47.71,1.0460577673692428
08-31-2020,4063,16,2013,2050,0.39,49.54,1.0106965174129354
09-01-2020,4142,16,2044,2098,0.39,49.35,1.0194437607679054
09-02-2020,4218,17,2071,2147,0.4,49.1,1.018348623853211
09-03-2020,4255,18,2163,2092,0.42,50.83,1.0087719298245614
09-04-2020,4304,18,2191,2113,0.42,50.91,1.0115158636897768
09-05-2020,4349,18,2199,2150,0.41,50.56,1.0104553903345725
09-06-2020,4374,19,2235,2139,0.43,51.1,1.005748447919062
09-07-2020,4409,19,2271,2138,0.43,51.51,1.0080018289894832
09-08-2020,4439,20,2307,2132,0.45,51.97,1.0068042640054433
09-09-2020,4460,21,2325,2135,0.47,52.13,1.0047307952241495
09-10-2020,4479,22,2352,2127,0.49,52.51,1.0042600896860987
09-11-2020,4534,22,2450,2084,0.49,54.04,1.0122795266800626
09-12-2020,4565,22,2544,2021,0.48,55.73,1.0068372298191441
09-13-2020,4591,22,2556,2035,0.48,55.67,1.005695509309967
09-14-2020,4602,22,2736,1866,0.48,59.45,1.0023959921585712
09-15-2020,4624,22,2767,1857,0.48,59.84,1.004780530204259
09-16-2020,4634,22,2789,1845,0.47,60.19,1.0021626297577855
09-17-2020,4653,23,2817,1836,0.49,60.54,1.004100129477773
09-18-2020,4671,25,2845,1826,0.54,60.91,1.0038684719535784
09-19-2020,4689,26,2910,1779,0.55,62.06,1.0038535645472062
09-20-2020,4711,26,2961,1750,0.55,62.85,1.0046918319471103
09-21-2020,4722,27,2973,1749,0.57,62.96,1.002334960730206
09-22-2020,4738,27,2991,1747,0.57,63.13,1.0033883947479882
09-23-2020,4779,27,2995,1784,0.56,62.67,1.0086534402701561
09-24-2020,4789,27,3050,1739,0.56,63.69,1.0020924879681943
09-25-2020,4798,29,3080,1718,0.6,64.19,1.001879306744623
09-26-2020,4811,29,3091,1720,0.6,64.25,1.0027094622759483
09-27-2020,4820,29,3099,1721,0.6,64.29,1.0018707129494908
09-28-2020,4832,29,3117,1715,0.6,64.51,1.0024896265560166
09-29-2020,4836,29,3125,1711,0.6,64.62,1.0008278145695364
09-30-2020,4840,29,3154,1686,0.6,65.17,1.0008271298593878
10-01-2020,4843,29,3181,1662,0.6,65.68,1.0006198347107438
10-02-2020,4847,29,3197,1650,0.6,65.96,1.0008259343382202
10-03-2020,4852,29,3211,1641,0.6,66.18,1.001031565917062
10-04-2020,4866,29,3216,1650,0.6,66.09,1.0028854080791427
10-05-2020,4867,29,3226,1641,0.6,66.28,1.0002055076037812
10-06-2020,4873,29,3246,1627,0.6,66.61,1.0012327922745017
10-07-2020,4883,29,3408,1475,0.59,69.79,1.0020521239482865
10-08-2020,4885,29,3542,1343,0.59,72.51,1.000409584271964
10-09-2020,4890,30,3555,1335,0.61,72.7,1.0010235414534288
10-10-2020,4892,30,3566,1326,0.61,72.89,1.0004089979550101
10-11-2020,4896,31,3606,1290,0.63,73.65,1.0008176614881439
10-12-2020,4905,32,3877,1028,0.65,79.04,1.0018382352941178
10-13-2020,4908,32,4130,778,0.65,84.15,1.000611620795107
10-14-2020,4940,33,4398,542,0.67,89.03,1.006519967400163
10-15-2020,4953,33,4601,352,0.67,92.89,1.0026315789473683
10-16-2020,4965,34,4664,301,0.68,93.94,1.0024227740763174
10-17-2020,4971,34,4768,203,0.68,95.92,1.0012084592145014
10-18-2020,4974,34,4783,191,0.68,96.16,1.0006035003017502
10-19-2020,4992,34,4797,195,0.68,96.09,1.0036188178528347
10-20-2020,4996,34,4797,199,0.68,96.02,1.0008012820512822
10-21-2020,5012,34,4798,214,0.68,95.73,1.0032025620496396
10-22-2020,5017,34,4803,214,0.68,95.73,1.000997605746209
10-23-2020,5052,34,4806,246,0.67,95.13,1.0069762806458042
10-24-2020,5060,34,4806,254,0.67,94.98,1.0015835312747428
10-25-2020,5066,34,4830,236,0.67,95.34,1.0011857707509881
10-26-2020,5073,34,4848,225,0.67,95.56,1.0013817607579945
10-27-2020,5084,35,4851,233,0.69,95.42,1.0021683422038241
10-28-2020,5129,35,4851,278,0.68,94.58,1.0088512981904012
10-29-2020,5131,35,4851,280,0.68,94.54,1.0003899395593683
10-30-2020,5134,35,4878,256,0.68,95.01,1.000584681348665
10-31-2020,5137,35,4879,258,0.68,94.98,1.0005843396961434
11-01-2020,5146,35,4921,225,0.68,95.63,1.0017519953280125
11-02-2020,5155,35,4922,233,0.68,95.48,1.0017489312087058
11-03-2020,5162,35,4930,232,0.68,95.51,1.0013579049466537
11-04-2020,5174,35,4930,244,0.68,95.28,1.002324680356451
11-05-2020,5192,36,4940,252,0.69,95.15,1.0034789331271743
11-06-2020,5208,36,4953,255,0.69,95.1,1.0030816640986133
11-07-2020,5213,36,4953,260,0.69,95.01,1.0009600614439325
11-08-2020,5222,36,4960,262,0.69,94.98,1.001726453098024
11-09-2020,5242,38,4967,275,0.72,94.75,1.0038299502106474
11-10-2020,5262,40,4967,295,0.76,94.39,1.0038153376573826
11-11-2020,5312,41,4974,338,0.77,93.64,1.0095020904599012
11-12-2020,5319,41,4974,345,0.77,93.51,1.0013177710843373
11-13-2020,5362,42,4993,369,0.78,93.12,1.008084226358338
11-14-2020,5394,42,4994,400,0.78,92.58,1.0059679224170086
11-15-2020,5455,45,4995,460,0.82,91.57,1.0113088616981831
11-16-2020,5491,45,5004,487,0.82,91.13,1.0065994500458295
11-17-2020,5507,46,5008,499,0.84,90.94,1.0029138590420688
11-18-2020,5543,46,5087,456,0.83,91.77,1.0065371345560197
11-19-2020,5572,46,5137,435,0.83,92.19,1.005231823922064
11-20-2020,5586,46,5159,427,0.82,92.36,1.0025125628140703
11-21-2020,5620,46,5163,457,0.82,91.87,1.0060866451843895
11-22-2020,5665,47,5164,501,0.83,91.16,1.0080071174377223
11-23-2020,5726,47,5197,529,0.82,90.76,1.0107678729037952
11-24-2020,5750,47,5241,509,0.82,91.15,1.0041914076143905
11-25-2020,5779,47,5317,462,0.81,92.01,1.0050434782608695
11-26-2020,5851,47,5345,506,0.8,91.35,1.0124589029243813
11-27-2020,5872,47,5397,475,0.8,91.91,1.0035891300632371
11-28-2020,5891,47,5480,411,0.8,93.02,1.0032356948228882
11-29-2020,5919,48,5480,439,0.81,92.58,1.004753013070786
11-30-2020,5934,49,5516,418,0.83,92.96,1.0025342118601115
12-01-2020,5948,49,5544,404,0.82,93.21,1.0023592854735424
12-02-2020,5994,50,5575,419,0.83,93.01,1.00773369199731
12-03-2020,6011,50,5596,415,0.83,93.1,1.0028361695028363
12-04-2020,6043,51,5672,371,0.84,93.86,1.0053235734486774
12-05-2020,6084,51,5696,388,0.84,93.62,1.0067847095813338
12-06-2020,6129,51,5696,433,0.83,92.94,1.007396449704142
12-07-2020,6191,51,5696,495,0.82,92.0,1.0101158427149617
12-08-2020,6237,51,5715,522,0.82,91.63,1.0074301405265709
12-09-2020,6278,53,5715,563,0.84,91.03,1.0065736732403399
12-10-2020,6349,53,5789,560,0.83,91.18,1.0113093341828607
12-11-2020,6428,54,5826,602,0.84,90.63,1.0124429043943928
12-12-2020,6528,56,5892,636,0.86,90.26,1.015556938394524
12-13-2020,6659,56,5955,704,0.84,89.43,1.0200674019607843
12-14-2020,6747,56,5996,751,0.83,88.87,1.0132151974770987
12-15-2020,6832,57,6036,796,0.83,88.35,1.0125981917889433
12-16-2020,6954,57,6057,897,0.82,87.1,1.0178571428571428
12-17-2020,7032,57,6089,943,0.81,86.59,1.0112165660051768
12-18-2020,7105,57,6089,1016,0.8,85.7,1.0103811149032993
12-19-2020,7232,59,6089,1143,0.82,84.2,1.0178747361013372
12-20-2020,7293,63,6091,1202,0.86,83.52,1.0084347345132743
12-21-2020,7402,65,6100,1302,0.88,82.41,1.0149458384752503
12-22-2020,7511,66,6163,1348,0.88,82.05,1.014725749797352
12-23-2020,7598,66,6163,1435,0.87,81.11,1.0115830115830116
12-24-2020,7670,69,6203,1467,0.9,80.87,1.0094761779415635
12-25-2020,7743,69,6203,1540,0.89,80.11,1.0095176010430247
12-26-2020,7817,72,6227,1590,0.92,79.66,1.0095570192431873
12-27-2020,7970,74,6289,1681,0.93,78.91,1.0195727261097607
12-28-2020,8021,75,6339,1682,0.94,79.03,1.0063989962358846
12-29-2020,8128,79,6339,1789,0.97,77.99,1.0133399825458171
12-30-2020,8250,86,6369,1881,1.04,77.2,1.015009842519685
12-31-2020,8383,92,6542,1841,1.1,78.04,1.0161212121212122
01-01-2021,8460,94,6598,1862,1.11,77.99,1.0091852558749852
01-02-2021,8567,98,6685,1882,1.14,78.03,1.012647754137116
01-03-2021,8676,101,6752,1924,1.16,77.82,1.0127232403408428
01-04-2021,8848,105,6816,2032,1.19,77.03,1.0198248040571691
01-05-2021,8955,110,6878,2077,1.23,76.81,1.0120931283905967
01-06-2021,9058,112,6940,2118,1.24,76.62,1.0115019542155221
01-07-2021,9225,113,6940,2285,1.22,75.23,1.0184367410024289
01-08-2021,9368,115,6940,2428,1.23,74.08,1.01550135501355
01-09-2021,9461,118,6956,2505,1.25,73.52,1.009927412467976
01-10-2021,9630,120,6974,2656,1.25,72.42,1.017862805200296
01-11-2021,9784,124,6974,2810,1.27,71.28,1.0159916926272066
01-12-2021,9950,125,6974,2976,1.26,70.09,1.016966475878986
01-13-2021,10122,128,6974,3148,1.26,68.9,1.017286432160804
01-14-2021,10316,133,6974,3342,1.29,67.6,1.0191661726931436
01-15-2021,10573,138,7028,3545,1.31,66.47,1.0249127568825127
01-16-2021,10850,140,7193,3657,1.29,66.29,1.026198808285255
01-17-2021,11032,142,7363,3669,1.29,66.74,1.0167741935483872
01-18-2021,11259,146,7412,3847,1.3,65.83,1.0205765047135607
01-19-2021,11548,148,7580,3968,1.28,65.64,1.0256683542055245
01-20-2021,11860,153,7812,4048,1.29,65.87,1.0270176653966054
01-21-2021,12170,162,7973,4197,1.33,65.51,1.0261382799325465
01-22-2021,12443,165,8184,4259,1.33,65.77,1.0224322103533279
01-23-2021,12647,172,8319,4328,1.36,65.78,1.0163947601060837
01-24-2021,12975,174,8420,4555,1.34,64.89,1.0259350043488575
01-25-2021,13311,177,8681,4630,1.33,65.22,1.0258959537572254
01-26-2021,13885,181,8861,5024,1.3,63.82,1.0431222297348057
01-27-2021,14166,183,9042,5124,1.29,63.83,1.020237666546633
01-28-2021,14529,186,9234,5295,1.28,63.56,1.0256247352816603
01-29-2021,14784,188,9519,5265,1.27,64.39,1.0175511046871775
01-30-2021,15118,193,9804,5314,1.28,64.85,1.0225919913419914
01-31-2021,15304,196,10087,5217,1.28,65.91,1.0123032147109405
02-01-2021,15459,198,10272,5187,1.28,66.45,1.010128071092525
02-02-2021,15688,205,10745,4943,1.31,68.49,1.0148133773206547
02-03-2021,15834,208,10963,4871,1.31,69.24,1.0093064762876083
02-04-2021,15988,210,11352,4636,1.31,71.0,1.0097259062776305
02-05-2021,16186,213,11617,4569,1.32,71.77,1.0123842882161622
02-06-2021,16337,217,12047,4290,1.33,73.74,1.00932904979612
02-07-2021,16451,220,12342,4109,1.34,75.02,1.00697802534125
02-08-2021,16621,223,12629,3992,1.34,75.98,1.010333718314996
02-09-2021,16811,226,12988,3823,1.34,77.26,1.0114313218217916
02-10-2021,16941,229,13389,3552,1.35,79.03,1.0077330319433704
02-11-2021,17068,231,13678,3390,1.35,80.14,1.0074966058674222
02-12-2021,17200,236,13937,3263,1.37,81.03,1.0077337707991563
02-13-2021,17267,236,14477,2790,1.37,83.84,1.0038953488372093
02-14-2021,17343,239,14792,2551,1.38,85.29,1.0044014594312851
02-15-2021,17484,239,15125,2359,1.37,86.51,1.008130081300813
02-16-2021,17594,240,15475,2119,1.36,87.96,1.0062914664836422
02-17-2021,17716,243,15918,1798,1.37,89.85,1.0069341821075366
02-18-2021,17835,243,16163,1672,1.36,90.63,1.006717091894333
02-19-2021,17929,245,16387,1542,1.37,91.4,1.0052705354639753
02-20-2021,17988,247,16597,1391,1.37,92.27,1.003290757989849
02-21-2021,18053,249,16803,1250,1.38,93.08,1.0036135201245275
02-22-2021,18199,252,16992,1207,1.38,93.37,1.008087298509943
02-23-2021,18325,253,17251,1074,1.38,94.14,1.0069234573328205
02-24-2021,18443,254,17264,1179,1.38,93.61,1.0064392905866302
02-25-2021,18553,258,17279,1274,1.39,93.13,1.0059643225071844
02-26-2021,18689,258,17302,1387,1.38,92.58,1.0073303508866491
02-27-2021,18790,261,17307,1483,1.39,92.11,1.0054042484884156
02-28-2021,18850,261,17313,1537,1.38,91.85,1.0031931878658862
03-01-2021,18986,264,17322,1664,1.39,91.24,1.0072148541114059
03-02-2021,19111,265,17472,1639,1.39,91.42,1.0065837985884336
03-03-2021,19198,265,17569,1629,1.38,91.51,1.0045523520485584
03-04-2021,19334,266,17682,1652,1.38,91.46,1.0070840712574227
03-05-2021,19426,267,17751,1675,1.37,91.38,1.0047584566049446
03-06-2021,19509,267,17810,1699,1.37,91.29,1.0042726243179245
03-07-2021,19551,268,17840,1711,1.37,91.25,1.0021528525296017
03-08-2021,19659,268,17911,1748,1.36,91.11,1.005524014116925
03-09-2021,19779,270,18033,1746,1.37,91.17,1.0061040744697085
03-10-2021,19846,271,18118,1728,1.37,91.29,1.0033874311138076
03-11-2021,19945,273,18236,1709,1.37,91.43,1.0049884107628742
03-12-2021,20057,275,18361,1696,1.37,91.54,1.0056154424667836
03-13-2021,20143,276,18500,1643,1.37,91.84,1.0042877798274916
03-14-2021,20186,280,18566,1620,1.39,91.97,1.0021347366330735
03-15-2021,20302,282,18635,1667,1.39,91.79,1.0057465570197166
03-16-2021,20412,282,18804,1608,1.38,92.12,1.0054181854004531
03-17-2021,20480,283,18906,1574,1.38,92.31,1.003331373701744
03-18-2021,20551,284,19007,1544,1.38,92.49,1.003466796875
03-19-2021,20681,287,19143,1538,1.39,92.56,1.006325726242032
03-20-2021,20761,287,19163,1598,1.38,92.3,1.003868284899183
03-21-2021,20828,290,19180,1648,1.39,92.09,1.0032272048552575
03-22-2021,20896,292,19214,1682,1.4,91.95,1.0032648357979643
03-23-2021,20975,295,19310,1665,1.41,92.06,1.003780627871363
03-24-2021,21106,297,19441,1665,1.41,92.11,1.0062455303933253
03-25-2021,21210,298,19540,1670,1.4,92.13,1.00492750876528
03-26-2021,21309,300,19657,1652,1.41,92.25,1.0046676096181046
03-27-2021,21370,301,19741,1629,1.41,92.38,1.0028626401989769
03-28-2021,21419,301,19785,1634,1.41,92.37,1.0022929340196538
03-29-2021,21490,305,19860,1630,1.42,92.42,1.003314813950231
03-30-2021,21645,306,20001,1644,1.41,92.4,1.0072126570497906
03-31-2021,21783,307,20182,1601,1.41,92.65,1.0063756063756064
04-01-2021,21918,308,20308,1610,1.41,92.65,1.0061974934582014
04-02-2021,22167,310,20398,1769,1.4,92.02,1.011360525595401
04-03-2021,22243,311,20472,1771,1.4,92.04,1.0034285198718815
04-04-2021,22482,311,20519,1963,1.38,91.27,1.010744953468507
04-05-2021,22684,311,20594,2090,1.37,90.79,1.008984965750378
04-06-2021,22862,314,20705,2157,1.37,90.57,1.0078469405748545
04-07-2021,23041,314,20835,2206,1.36,90.43,1.0078295862129298
04-08-2021,23152,314,20870,2282,1.36,90.14,1.0048174992404844
04-09-2021,23260,314,20991,2269,1.35,90.25,1.0046648237733242
04-10-2021,23343,314,21072,2271,1.35,90.27,1.0035683576956147
04-11-2021,23426,315,21243,2183,1.34,90.68,1.0035556697939425
04-12-2021,23535,316,21272,2263,1.34,90.38,1.004652949713993
04-13-2021,23603,316,21395,2208,1.34,90.65,1.0028893137879753
04-14-2021,23672,317,21594,2078,1.34,91.22,1.002923357200356
04-15-2021,23744,321,21805,1939,1.35,91.83,1.0030415680973301
04-16-2021,23812,322,22015,1797,1.35,92.45,1.0028638814016173
04-17-2021,23866,322,22082,1784,1.35,92.52,1.0022677641525282
04-18-2021,23888,325,22241,1647,1.36,93.11,1.0009218134584765
04-19-2021,23934,326,22408,1526,1.36,93.62,1.0019256530475553
04-20-2021,24005,327,22560,1445,1.36,93.98,1.0029664911840896
04-21-2021,24112,327,22579,1533,1.36,93.64,1.0044574047073527
04-22-2021,24262,328,22649,1613,1.35,93.35,1.0062209688122097
04-23-2021,24459,328,22696,1763,1.34,92.79,1.0081196933476217
04-24-2021,24535,328,22866,1669,1.34,93.2,1.003107240688499
04-25-2021,24593,330,22941,1652,1.34,93.28,1.0023639698390054
04-26-2021,24677,330,23005,1672,1.34,93.22,1.003415606066767
04-27-2021,24814,331,23089,1725,1.33,93.05,1.005551728330024
04-28-2021,24888,332,23175,1713,1.33,93.12,1.0029821874748126
04-29-2021,24995,333,23206,1789,1.33,92.84,1.0042992606878818
04-30-2021,25116,335,23234,1882,1.33,92.51,1.0048409681936388
05-01-2021,25225,335,23345,1880,1.33,92.55,1.0043398630355151
05-02-2021,25253,337,23442,1811,1.33,92.83,1.0011100099108028
05-03-2021,25311,337,23513,1798,1.33,92.9,1.0022967568209717
05-04-2021,25351,337,23523,1828,1.33,92.79,1.0015803405633914
05-05-2021,25421,338,23710,1711,1.33,93.27,1.0027612322985286
05-06-2021,25486,338,23876,1610,1.33,93.68,1.0025569411116793
05-07-2021,25539,338,24050,1489,1.32,94.17,1.0020795730989562
05-08-2021,25586,338,24119,1467,1.32,94.27,1.0018403226437997
05-09-2021,25652,338,24153,1499,1.32,94.16,1.002579535683577
05-10-2021,25714,338,24155,1559,1.31,93.94,1.0024169655387494
05-11-2021,25773,340,24333,1440,1.32,94.41,1.002294469938555
05-12-2021,25846,340,24411,1435,1.32,94.45,1.0028324215264035
05-13-2021,25934,342,24486,1448,1.32,94.42,1.0034047821713223
05-14-2021,26033,343,24592,1441,1.32,94.46,1.003817382586566
05-15-2021,26099,343,24694,1405,1.31,94.62,1.002535243729113
05-16-2021,26141,344,24764,1377,1.32,94.73,1.0016092570596575
05-17-2021,26215,345,24764,1451,1.32,94.47,1.0028308021881336
05-18-2021,26344,346,24808,1536,1.31,94.17,1.0049208468434103
05-19-2021,26424,348,24808,1616,1.32,93.88,1.0030367446097783
05-20-2021,26529,349,24884,1645,1.32,93.8,1.00397366030881
05-21-2021,26601,349,24967,1634,1.31,93.86,1.002714011082212
05-22-2021,26658,349,24967,1691,1.31,93.66,1.0021427765873463
05-23-2021,26688,349,25097,1591,1.31,94.04,1.0011253657438668
05-24-2021,26730,349,25144,1586,1.31,94.07,1.0015737410071943
05-25-2021,26780,349,25283,1497,1.3,94.41,1.001870557426113
05-26-2021,26817,350,25369,1448,1.31,94.6,1.0013816280806571
05-27-2021,26843,351,25453,1390,1.31,94.82,1.000969534250662
05-28-2021,26878,352,25542,1336,1.31,95.03,1.001303878106024
05-29-2021,26892,352,25602,1290,1.31,95.2,1.000520872088697
05-30-2021,26918,352,25609,1309,1.31,95.14,1.0009668302840993
05-31-2021,26963,353,25683,1280,1.31,95.25,1.001671743814548
06-01-2021,27023,357,25850,1173,1.32,95.66,1.0022252716685829
06-02-2021,27064,358,25948,1116,1.32,95.88,1.001517226066684
06-03-2021,27119,358,26028,1091,1.32,95.98,1.002032219923145
06-04-2021,27162,359,26129,1033,1.32,96.2,1.001585604188945
06-05-2021,27211,359,26171,1040,1.32,96.18,1.0018039908695973
06-06-2021,27245,360,26225,1020,1.32,96.26,1.0012494946896475
06-07-2021,27307,360,26254,1053,1.32,96.14,1.0022756469076894
06-08-2021,27434,364,26277,1157,1.33,95.78,1.0046508221335189
06-09-2021,27548,365,26341,1207,1.32,95.62,1.0041554275716265
06-10-2021,27660,366,26341,1319,1.32,95.23,1.0040656308987947
06-11-2021,27862,368,26341,1521,1.32,94.54,1.0073029645697757
06-12-2021,28146,370,26341,1805,1.31,93.59,1.0101930945373627
06-13-2021,28373,370,26341,2032,1.3,92.84,1.0080650891778584
06-14-2021,28614,372,26383,2231,1.3,92.2,1.008493990765869
06-15-2021,28912,372,26383,2529,1.29,91.25,1.0104144824211925
06-16-2021,29175,376,26383,2792,1.29,90.43,1.0090965688987272
06-17-2021,29597,377,26392,3205,1.27,89.17,1.014464438731791
06-18-2021,30048,378,26393,3655,1.26,87.84,1.0152380308815083
06-19-2021,30517,379,26578,3939,1.24,87.09,1.0156083599574015
06-20-2021,30813,382,26704,4109,1.24,86.66,1.0096995117475505
06-21-2021,31435,388,26704,4731,1.23,84.95,1.020186285009574
06-22-2021,32296,392,26712,5584,1.21,82.71,1.0273898520757119
06-23-2021,33260,397,26734,6526,1.19,80.38,1.0298488976963092
06-24-2021,34143,402,26865,7278,1.18,78.68,1.0265484064942874
06-25-2021,35018,404,26977,8041,1.15,77.04,1.0256275078346953
06-26-2021,35886,411,26977,8909,1.15,75.17,1.024787252270261
06-27-2021,36627,420,27090,9537,1.15,73.96,1.020648720949674
06-28-2021,37384,427,27272,10112,1.14,72.95,1.0206678133617277
06-29-2021,38198,431,27272,10926,1.13,71.4,1.0217740209715387
06-30-2021,39047,438,27272,11775,1.12,69.84,1.0222262945703964
07-01-2021,39914,448,27272,12642,1.12,68.33,1.0222040105513868
07-02-2021,40798,453,27272,13526,1.11,66.85,1.0221476173773614
07-03-2021,41696,465,27606,14090,1.12,66.21,1.022010882886416
07-04-2021,42585,470,27606,14979,1.1,64.83,1.0213209900230238
07-05-2021,43396,479,27837,15559,1.1,64.15,1.0190442644123519
07-06-2021,44279,491,28391,15888,1.11,64.12,1.0203474974652043
07-07-2021,45039,507,29207,15832,1.13,64.85,1.017163892590167
07-08-2021,45950,521,30191,15759,1.13,65.7,1.0202269144519194
07-09-2021,46837,534,31137,15700,1.14,66.48,1.01930359085963
07-10-2021,47667,551,32006,15661,1.16,67.14,1.0177210325170272
07-11-2021,48244,560,32523,15721,1.16,67.41,1.012104810455871
07-12-2021,49016,582,33356,15660,1.19,68.05,1.0160019898847525
07-13-2021,49808,598,34567,15241,1.2,69.4,1.0161579892280073
07-14-2021,50742,607,35582,15160,1.2,70.12,1.0187520077096048
07-15-2021,51625,616,36478,15147,1.19,70.66,1.0174017579125774
07-16-2021,52552,626,37210,15342,1.19,70.81,1.017956416464891
07-17-2021,54549,638,38186,16363,1.17,70.0,1.038000456690516
07-18-2021,57322,649,40041,17281,1.13,69.85,1.0508350290564448
07-19-2021,58235,666,41046,17189,1.14,70.48,1.015927567077213
07-20-2021,59141,677,41951,17190,1.14,70.93,1.0155576543315876
07-21-2021,60066,693,43055,17011,1.15,71.68,1.0156405877479244
07-22-2021,61375,704,43924,17451,1.15,71.57,1.021792694702494
07-23-2021,62328,718,44739,17589,1.15,71.78,1.0155274949083504
07-24-2021,62328,727,44739,17589,1.17,71.78,1.0
07-25-2021,62946,742,44739,18207,1.18,71.08,1.0099152868694647
07-26-2021,66018,757,44754,21264,1.15,67.79,1.0488037365360785
07-27-2021,66987,771,44769,22218,1.15,66.83,1.0146778151413252
07-28-2021,67902,776,44791,23111,1.14,65.96,1.0136593667428009
07-29-2021,68867,787,44814,24053,1.14,65.07,1.0142116579776737
07-30-2021,69838,798,44823,25015,1.14,64.18,1.0140996413376508
07-31-2021,70698,808,44837,25861,1.14,63.42,1.0123142128926945
08-01-2021,71346,821,44856,26490,1.15,62.87,1.009165747263006
08-02-2021,72066,831,44875,27191,1.15,62.27,1.0100916659658565
08-03-2021,72841,844,44887,27954,1.16,61.62,1.0107540310271141
08-04-2021,73610,850,44911,28699,1.15,61.01,1.0105572411142076
08-05-2021,74364,860,0,74364,1.16,0,1.010243173481864
08-06-2021,74993,874,0,74993,1.17,0,1.0084583938464848
08-07-2021,75643,881,0,75643,1.16,0,1.008667475631059
08-08-2021,76091,890,0,76091,1.17,0,1.0059225572756236
08-09-2021,76635,898,0,76635,1.17,0,1.0071493343496603
08-10-2021,77235,911,0,77235,1.18,0,1.00782932080642
08-11-2021,77854,920,0,77854,1.18,0,1.0080145011976436
08-12-2021,78303,930,0,78303,1.19,0,1.005767205281681
08-13-2021,78818,938,0,78818,1.19,0,1.0065770149291853
08-14-2021,79284,949,0,79284,1.2,0,1.0059123550458018
08-15-2021,79702,959,0,79702,1.2,0,1.0052721860652842
08-16-2021,80137,969,0,80137,1.21,0,1.0054578304183082
08-17-2021,80694,977,0,80694,1.21,0,1.006950597102462
08-18-2021,81339,980,0,81339,1.2,0,1.007993159342702
08-19-2021,81835,996,0,81835,1.22,0,1.006097935799555
08-20-2021,82215,1005,0,82215,1.22,0,1.0046434899492882
08-21-2021,82630,1010,0,82630,1.22,0,1.0050477406799245
08-22-2021,83023,1021,0,83023,1.23,0,1.0047561418371052
08-23-2021,83519,1027,0,83519,1.23,0,1.005974248099924
08-24-2021,84127,1038,0,84127,1.23,0,1.0072797806487146
08-25-2021,84631,1048,0,84631,1.24,0,1.00599094226586
08-26-2021,85201,1056,0,85201,1.24,0,1.0067351207004525
08-27-2021,85723,1065,0,85723,1.24,0,1.006126688653889
08-28-2021,86242,1074,0,86242,1.25,0,1.0060543844709122
08-29-2021,86613,1079,0,86613,1.25,0,1.0043018482873773
08-30-2021,87131,1083,0,87131,1.24,0,1.0059806264648494
08-31-2021,87627,1089,0,87627,1.24,0,1.005692577842559
09-01-2021,88197,1097,0,88197,1.24,0,1.0065048443972748
09-02-2021,88682,1105,0,88682,1.25,0,1.0054990532557797
09-03-2021,89172,1112,0,89172,1.25,0,1.0055253602760426
09-04-2021,89524,1117,0,89524,1.25,0,1.0039474274435922
09-05-2021,89768,1124,0,89768,1.25,0,1.0027255261159018
09-06-2021,90145,1134,0,90145,1.26,0,1.004199714820426
09-07-2021,90598,1141,0,90598,1.26,0,1.0050252371179766
09-08-2021,91081,1147,0,91081,1.26,0,1.0053312435153094
09-09-2021,91555,1153,0,91555,1.26,0,1.005204158935453
09-10-2021,92025,1158,0,92025,1.26,0,1.0051335262956693
09-11-2021,92025,1158,0,92025,1.26,0,1.0
09-12-2021,92620,1172,0,92620,1.27,0,1.006465634338495
09-13-2021,93079,1175,0,93079,1.26,0,1.0049557331030015
09-14-2021,93567,1180,0,93567,1.26,0,1.0052428582172133
09-15-2021,94055,1184,0,94055,1.26,0,1.0052155140166938
09-16-2021,94478,1193,0,94478,1.26,0,1.0044973685609484
09-17-2021,94893,1199,0,94893,1.26,0,1.0043925569973962
09-18-2021,95117,1206,0,95117,1.27,0,1.0023605534654823
09-19-2021,95257,1210,0,95257,1.27,0,1.0014718714845927
09-20-2021,95503,1215,0,95503,1.27,0,1.0025824873762559
09-21-2021,95767,1221,0,95767,1.27,0,1.0027643110687623
09-22-2021,96023,1226,0,96023,1.28,0,1.0026731546357304
09-23-2021,96337,1233,0,96337,1.28,0,1.003270049883882
09-24-2021,96570,1242,0,96570,1.29,0,1.0024185930639318
09-25-2021,96727,1248,0,96727,1.29,0,1.0016257636947292
09-26-2021,96839,1252,0,96839,1.29,0,1.001157898001592
09-27-2021,96982,1258,0,96982,1.3,0,1.0014766777847768
09-28-2021,97190,1259,0,97190,1.3,0,1.0021447278876492
09-29-2021,97358,1264,0,97358,1.3,0,1.0017285728984464
09-30-2021,97517,1273,0,97517,1.31,0,1.0016331477639229
10-01-2021,97695,1276,0,97695,1.31,0,1.001825322764236
10-02-2021,97781,1281,0,97781,1.31,0,1.00088029070065
10-03-2021,97870,1283,0,97870,1.31,0,1.0009101972775898
10-04-2021,97951,1288,0,97951,1.31,0,1.000827628486768
10-05-2021,98077,1290,0,98077,1.32,0,1.0012863574644466
10-06-2021,98209,1296,0,98209,1.32,0,1.001345881297348
10-07-2021,98345,1297,0,98345,1.32,0,1.0013848018002423
10-08-2021,98485,1300,0,98485,1.32,0,1.0014235599166201
10-09-2021,98599,1304,0,98599,1.32,0,1.0011575366807128
10-10-2021,98697,1308,0,98697,1.33,0,1.0009939248876762
10-11-2021,98745,1308,0,98745,1.32,0,1.0004863369707286
10-12-2021,98840,1311,0,98840,1.33,0,1.0009620740290648
10-13-2021,98926,1312,0,98926,1.33,0,1.0008700930797247
10-14-2021,98987,1313,0,98987,1.33,0,1.0006166225259285
10-15-2021,99067,1313,0,99067,1.33,0,1.0008081869336378
10-16-2021,99128,1313,0,99128,1.32,0,1.0006157448999162
10-17-2021,99145,1313,0,99145,1.32,0,1.000171495440239
10-18-2021,99181,1313,0,99181,1.32,0,1.00036310454385
10-19-2021,99213,1314,0,99213,1.32,0,1.0003226424415967
10-20-2021,99252,1314,0,99252,1.32,0,1.0003930936470018
10-21-2021,99288,1316,0,99288,1.33,0,1.0003627130939428
10-22-2021,99325,1318,0,99325,1.33,0,1.000372653291435
10-23-2021,99354,1320,0,99354,1.33,0,1.0002919708029196
10-24-2021,99374,1320,0,99374,1.33,0,1.0002013004005879
10-25-2021,99431,1320,0,99431,1.33,0,1.000573590677642
10-26-2021,99474,1321,0,99474,1.33,0,1.000432460701391
10-27-2021,99514,1322,0,99514,1.33,0,1.0004021151255604
10-28-2021,99565,1327,0,99565,1.33,0,1.0005124907048255
10-29-2021,99628,1328,0,99628,1.33,0,1.0006327524732588
10-30-2021,99681,1328,0,99681,1.33,0,1.0005319789617377
10-31-2021,99698,1331,0,99698,1.34,0,1.0001705440354731
11-01-2021,99727,1332,0,99727,1.34,0,1.0002908784529279
11-02-2021,99765,1332,0,99765,1.34,0,1.0003810402398547
11-03-2021,99820,1332,0,99820,1.33,0,1.0005512955445297
11-04-2021,99854,1332,0,99854,1.33,0,1.0003406131035864
11-05-2021,99898,1332,0,99898,1.33,0,1.0004406433392754
11-06-2021,99931,1332,0,99931,1.33,0,1.0003303369436825
11-07-2021,99947,1334,0,99947,1.33,0,1.0001601104762285
11-08-2021,99978,1334,0,99978,1.33,0,1.0003101643871253
11-09-2021,100000,1335,0,100000,1.34,0,1.0002200484106503
11-10-2021,100019,1335,0,100019,1.33,0,1.00019
11-11-2021,100047,1336,0,100047,1.34,0,1.000279946810106
11-12-2021,100082,1336,0,100082,1.33,0,1.0003498355772786
11-13-2021,100125,1338,0,100125,1.34,0,1.0004296476888952
11-14-2021,100136,1338,0,100136,1.34,0,1.0001098626716605
11-15-2021,100148,1338,0,100148,1.34,0,1.0001198370216506
11-16-2021,100164,1338,0,100164,1.34,0,1.0001597635499462
11-17-2021,100183,1338,0,100183,1.34,0,1.0001896889101873
11-18-2021,100190,1339,0,100190,1.34,0,1.000069872133995
11-19-2021,100196,1339,0,100196,1.34,0,1.0000598862161891
11-20-2021,100207,1340,0,100207,1.34,0,1.0001097848217493
11-21-2021,100217,1340,0,100217,1.34,0,1.0000997934276048
11-22-2021,100232,1341,0,100232,1.34,0,1.0001496752048056
11-23-2021,100255,1341,0,100255,1.34,0,1.0002294676350867
11-24-2021,100277,1341,0,100277,1.34,0,1.0002194404269114
11-25-2021,100303,1341,0,100303,1.34,0,1.0002592817894433
11-26-2021,100311,1341,0,100311,1.34,0,1.0000797583322534
11-27-2021,100325,1342,0,100325,1.34,0,1.0001395659498957
11-28-2021,100330,1342,0,100330,1.34,0,1.0000498380264142
11-29-2021,100344,1342,0,100344,1.34,0,1.0001395395195853
11-30-2021,100349,1342,0,100349,1.34,0,1.0000498285896515
12-01-2021,100362,1343,0,100362,1.34,0,1.0001295478779062
12-02-2021,100381,1343,0,100381,1.34,0,1.0001893146808554
12-03-2021,100391,1343,0,100391,1.34,0,1.0000996204461003
12-04-2021,100404,1343,0,100404,1.34,0,1.0001294936797123
12-05-2021,100414,1343,0,100414,1.34,0,1.0000995976255926
12-06-2021,100429,1343,0,100429,1.34,0,1.0001493815603402
12-07-2021,100449,1343,0,100449,1.34,0,1.0001991456650967
12-08-2021,100464,1344,0,100464,1.34,0,1.000149329510498
12-09-2021,100517,1344,0,100517,1.34,0,1.0005275521579868
12-10-2021,100556,1344,0,100556,1.34,0,1.0003879940706548
12-11-2021,100584,1344,0,100584,1.34,0,1.0002784518079477
12-12-2021,100634,1344,0,100634,1.34,0,1.0004970969537899
12-13-2021,100634,1344,0,100634,1.34,0,1.0
12-14-2021,100763,1344,0,100763,1.33,0,1.0012818729256514
12-15-2021,100888,1344,0,100888,1.33,0,1.0012405347200857
12-16-2021,101030,1344,0,101030,1.33,0,1.0014075013876775
12-17-2021,101183,1344,0,101183,1.33,0,1.0015144016628723
12-18-2021,101413,1344,0,101413,1.33,0,1.0022731091191208
12-19-2021,101582,1344,0,101582,1.32,0,1.0016664530188437
12-20-2021,101889,1345,0,101889,1.32,0,1.003022188970487
12-21-2021,102232,1345,0,102232,1.32,0,1.0033664085426297
12-22-2021,102697,1345,0,102697,1.31,0,1.0045484779716722
12-23-2021,103170,1345,0,103170,1.3,0,1.0046057820578984
12-24-2021,103799,1345,0,103799,1.3,0,1.0060967335465736
12-25-2021,104512,1346,0,104512,1.29,0,1.0068690449811655
12-26-2021,105027,1347,0,105027,1.28,0,1.0049276638089406
12-27-2021,105989,1348,0,105989,1.27,0,1.0091595494491892
12-28-2021,106987,1348,0,106987,1.26,0,1.0094160714791158
12-29-2021,109070,1349,0,109070,1.24,0,1.0194696551917524
12-30-2021,110558,1349,0,110558,1.22,0,1.01364261483451
12-31-2021,111786,1350,0,111786,1.21,0,1.011107292100074
01-01-2022,112654,1351,0,112654,1.2,0,1.0077648363838048
01-02-2022,113582,1355,0,113582,1.19,0,1.0082376125126493
01-03-2022,114580,1357,0,114580,1.18,0,1.0087866035111197
01-04-2022,116057,1357,0,116057,1.17,0,1.0128905568161983
01-05-2022,117123,1362,0,117123,1.16,0,1.0091851417837787
01-06-2022,118342,1367,0,118342,1.16,0,1.0104078618204793
01-07-2022,119421,1367,0,119421,1.14,0,1.009117642088185
01-08-2022,120374,1373,0,120374,1.14,0,1.0079801709917016
01-09-2022,120984,1375,0,120984,1.14,0,1.0050675395018858
01-10-2022,121742,1384,0,121742,1.14,0,1.0062652912781855
01-11-2022,122403,1387,0,122403,1.13,0,1.0054295148757209
01-12-2022,123166,1391,0,123166,1.13,0,1.0062335073486761
01-13-2022,123886,1395,0,123886,1.13,0,1.0058457691245961
01-14-2022,124419,1399,0,124419,1.12,0,1.0043023424761475
01-15-2022,124802,1403,0,124802,1.12,0,1.00307830797547
01-16-2022,125166,1408,0,125166,1.12,0,1.0029166199259627
01-17-2022,125568,1411,0,125568,1.12,0,1.0032117348161642
01-18-2022,126133,1413,0,126133,1.12,0,1.0044995540265036
01-19-2022,126685,1417,0,126685,1.12,0,1.0043763329184274
01-20-2022,127227,1422,0,127227,1.12,0,1.0042783281367171
01-21-2022,127655,1428,0,127655,1.12,0,1.0033640658036422
01-22-2022,127902,1432,0,127902,1.12,0,1.0019349026673456
01-23-2022,128009,1432,0,128009,1.12,0,1.000836578005035
01-24-2022,128205,1433,0,128205,1.12,0,1.001531142341554
01-25-2022,128378,1433,0,128378,1.12,0,1.0013494013494013
01-26-2022,128509,1434,0,128509,1.12,0,1.0010204240601972
01-27-2022,128629,1436,0,128629,1.12,0,1.000933786738672
01-28-2022,128708,1438,0,128708,1.12,0,1.0006141694330206
01-29-2022,128802,1438,0,128802,1.12,0,1.000730335332691
01-30-2022,128841,1438,0,128841,1.12,0,1.0003027903293427
01-31-2022,128891,1440,0,128891,1.12,0,1.0003880752245016
02-01-2022,128933,1444,0,128933,1.12,0,1.000325856731657
02-02-2022,128971,1444,0,128971,1.12,0,1.0002947267185283
02-03-2022,129039,1444,0,129039,1.12,0,1.0005272503120857
02-04-2022,129084,1445,0,129084,1.12,0,1.0003487317787645
02-05-2022,129125,1446,0,129125,1.12,0,1.0003176226333241
02-06-2022,129141,1446,0,129141,1.12,0,1.0001239109390125
02-07-2022,129157,1447,0,129157,1.12,0,1.000123895586994
02-08-2022,129177,1447,0,129177,1.12,0,1.0001548502984738
02-09-2022,129210,1449,0,129210,1.12,0,1.000255463433893
02-10-2022,129234,1449,0,129234,1.12,0,1.0001857441374506
02-11-2022,129278,1449,0,129278,1.12,0,1.0003404676787842
02-12-2022,129295,1450,0,129295,1.12,0,1.0001314995590898
02-13-2022,129298,1450,0,129298,1.12,0,1.0000232027533933
02-14-2022,129311,1452,0,129311,1.12,0,1.000100542931832
02-15-2022,129326,1452,0,129326,1.12,0,1.0001159994122697
02-16-2022,129337,1452,0,129337,1.12,0,1.0000850563691757
02-17-2022,129345,1454,0,129345,1.12,0,1.0000618539165127
02-18-2022,129359,1454,0,129359,1.12,0,1.000108237658974
02-19-2022,129369,1455,0,129369,1.12,0,1.0000773042463222
02-20-2022,129372,1456,0,129372,1.13,0,1.0000231894812512
02-21-2022,129378,1456,0,129378,1.13,0,1.0000463778870234
02-22-2022,129419,1457,0,129419,1.13,0,1.0003169008641346
02-23-2022,129436,1457,0,129436,1.13,0,1.0001313562923528
02-24-2022,129468,1457,0,129468,1.13,0,1.0002472264285052
02-25-2022,129483,1457,0,129483,1.13,0,1.000115858745018
02-26-2022,129485,1457,0,129485,1.13,0,1.0000154460431099
02-27-2022,129489,1457,0,129489,1.13,0,1.0000308916090668
02-28-2022,129502,1457,0,129502,1.13,0,1.000100394628115
03-01-2022,129516,1457,0,129516,1.12,0,1.0001081064385107
03-02-2022,129533,1457,0,129533,1.12,0,1.0001312579140802
03-03-2022,129543,1458,0,129543,1.13,0,1.0000772004045302
03-04-2022,129548,1458,0,129548,1.13,0,1.0000385972225438
03-05-2022,129551,1458,0,129551,1.13,0,1.0000231574397134
03-06-2022,129556,1458,0,129556,1.13,0,1.0000385948390982
03-07-2022,129560,1458,0,129560,1.13,0,1.000030874679675
03-08-2022,129567,1459,0,129567,1.13,0,1.000054029021303
03-09-2022,129569,1459,0,129569,1.13,0,1.000015436029236
03-10-2022,129576,1459,0,129576,1.13,0,1.0000540252683898
03-11-2022,129589,1459,0,129589,1.13,0,1.0001003272210904
03-12-2022,129596,1459,0,129596,1.13,0,1.0000540169304493
03-13-2022,129601,1459,0,129601,1.13,0,1.0000385814376986
03-14-2022,129602,1459,0,129602,1.13,0,1.0000077159898457
03-15-2022,129610,1459,0,129610,1.13,0,1.0000617274424777
03-16-2022,129615,1459,0,129615,1.13,0,1.0000385772702725
03-17-2022,129623,1459,0,129623,1.13,0,1.0000617212513985
03-18-2022,129635,1459,0,129635,1.13,0,1.000092576163181
03-19-2022,129637,1459,0,129637,1.13,0,1.0000154279322713
03-20-2022,129647,1459,0,129647,1.13,0,1.0000771384712697
03-21-2022,129658,1459,0,129658,1.13,0,1.0000848457735234
03-22-2022,129674,1459,0,129674,1.13,0,1.0001234015641147
03-23-2022,129693,1459,0,129693,1.12,0,1.0001465212764318
03-24-2022,129705,1459,0,129705,1.12,0,1.0000925261964795
03-25-2022,129706,1459,0,129706,1.12,0,1.0000077098030145
03-26-2022,129708,1459,0,129708,1.12,0,1.0000154194871478
03-27-2022,129709,1459,0,129709,1.12,0,1.0000077096246955
03-28-2022,129712,1459,0,129712,1.12,0,1.0000231286957728
03-29-2022,129714,1459,0,129714,1.12,0,1.000015418773899
03-30-2022,129718,1459,0,129718,1.12,0,1.0000308370723283
03-31-2022,129722,1459,0,129722,1.12,0,1.0000308361214327
04-01-2022,129726,1459,0,129726,1.12,0,1.0000308351705955
04-02-2022,129726,1459,0,129726,1.12,0,1.0
04-03-2022,129728,1459,0,129728,1.12,0,1.0000154171099085
04-04-2022,129733,1459,0,129733,1.12,0,1.0000385421805624
04-05-2022,129736,1459,0,129736,1.12,0,1.000023124417072
04-06-2022,129739,1459,0,129739,1.12,0,1.0000231238823456
04-07-2022,129742,1459,0,129742,1.12,0,1.0000231233476442
04-08-2022,129743,1459,0,129743,1.12,0,1.0000077076043223
04-09-2022,129748,1459,0,129748,1.12,0,1.0000385377245786
04-10-2022,129750,1459,0,129750,1.12,0,1.0000154144957918
04-11-2022,129757,1459,0,129757,1.12,0,1.000053949903661
04-12-2022,129757,1459,0,129757,1.12,0,1.0
04-13-2022,129759,1459,0,129759,1.12,0,1.000015413426636
04-14-2022,129760,1459,0,129760,1.12,0,1.000007706594533
04-15-2022,129760,1459,0,129760,1.12,0,1.0
04-16-2022,129760,1459,0,129760,1.12,0,1.0
04-17-2022,129760,1459,0,129760,1.12,0,1.0
04-18-2022,129760,1459,0,129760,1.12,0,1.0
04-19-2022,129769,1459,0,129769,1.12,0,1.0000693588162761
04-20-2022,129769,1459,0,129769,1.12,0,1.0
04-21-2022,129769,1459,0,129769,1.12,0,1.0
04-22-2022,129772,1459,0,129772,1.12,0,1.000023118001988
04-23-2022,129772,1459,0,129772,1.12,0,1.0
04-24-2022,129772,1459,0,129772,1.12,0,1.0
04-25-2022,129785,1459,0,129785,1.12,0,1.0001001756927534
04-26-2022,129788,1459,0,129788,1.12,0,1.000023115151982
04-27-2022,129791,1459,0,129791,1.12,0,1.0000231146176841
04-28-2022,129797,1459,0,129797,1.12,0,1.000046228166822
04-29-2022,129799,1459,0,129799,1.12,0,1.0000154086766257
04-30-2022,129806,1459,0,129806,1.12,0,1.0000539295372075
05-01-2022,129810,1459,0,129810,1.12,0,1.000030815216554
05-02-2022,129834,1459,0,129834,1.12,0,1.0001848856020337
05-03-2022,129834,1459,0,129834,1.12,0,1.0
05-04-2022,129839,1459,0,129839,1.12,0,1.0000385107136804
05-05-2022,129843,1459,0,129843,1.12,0,1.00003080738453
05-06-2022,129849,1459,0,129849,1.12,0,1.0000462096531966
05-07-2022,129849,1459,0,129849,1.12,0,1.0
05-08-2022,129849,1459,0,129849,1.12,0,1.0
05-09-2022,129872,1459,0,129872,1.12,0,1.0001771288188588
05-10-2022,129875,1459,0,129875,1.12,0,1.0000230996673647
05-11-2022,129875,1459,0,129875,1.12,0,1.0
05-12-2022,129898,1459,0,129898,1.12,0,1.000177093358999
05-13-2022,129898,1459,0,129898,1.12,0,1.0
05-14-2022,129907,1459,0,129907,1.12,0,1.0000692851314108
05-15-2022,129910,1459,0,129910,1.12,0,1.0000230934437713
05-16-2022,129931,1459,0,129931,1.12,0,1.0001616503733355
05-17-2022,129931,1459,0,129931,1.12,0,1.0
05-18-2022,129942,1459,0,129942,1.12,0,1.0000846603197082
05-19-2022,129951,1459,0,129951,1.12,0,1.0000692616705915
05-20-2022,129970,1459,0,129970,1.12,0,1.0001462089556834
05-21-2022,129971,1459,0,129971,1.12,0,1.00000769408325
05-22-2022,130013,1459,0,130013,1.12,0,1.0003231490101638
05-23-2022,129988,1459,0,129988,1.12,0,1.0001922884634613
05-24-2022,130003,1459,0,130003,1.12,0,1.0001153952672555
05-25-2022,130013,1459,0,130013,1.12,0,1.0000769213018161
05-26-2022,130023,1459,0,130023,1.12,0,1.0000769153853846
05-27-2022,130026,1459,0,130026,1.12,0,1.000023072840959
05-28-2022,130026,1459,0,130026,1.12,0,1.0
05-29-2022,130026,1459,0,130026,1.12,0,1.0
05-30-2022,130052,1459,0,130052,1.12,0,1.0001999600079985
05-31-2022,130057,1459,0,130057,1.12,0,1.0000384461599976
06-01-2022,130061,1459,0,130061,1.12,0,1.0000307557455577
06-02-2022,130116,1459,0,130116,1.12,0,1.0004228784954752
06-03-2022,130141,1459,0,130141,1.12,0,1.000192136247656
06-04-2022,130159,1459,0,130159,1.12,0,1.000138311523655
06-05-2022,130180,1459,0,130180,1.12,0,1.000161341128927
06-06-2022,130197,1459,0,130197,1.12,0,1.0001305884160394
06-07-2022,130215,1459,0,130215,1.12,0,1.000138252033457
06-08-2022,130240,1459,0,130240,1.12,0,1.0001919901701033
06-09-2022,130278,1459,0,130278,1.12,0,1.000291769041769
06-10-2022,130294,1459,0,130294,1.12,0,1.0001228142894425
06-11-2022,130319,1459,0,130319,1.12,0,1.0001918737624143
06-12-2022,130345,1459,0,130345,1.12,0,1.0001995104320935
06-13-2022,130375,1459,0,130375,1.12,0,1.0002301584257163
06-14-2022,130413,1459,0,130413,1.12,0,1.0002914669223395
06-15-2022,130443,1459,0,130443,1.12,0,1.0002300384164156
06-16-2022,130472,1459,0,130472,1.12,0,1.0002223193272157
06-17-2022,130510,1459,0,130510,1.12,0,1.0002912502299344
06-18-2022,130531,1459,0,130531,1.12,0,1.0001609072101754
06-19-2022,130568,1459,0,130568,1.12,0,1.0002834575694663
06-20-2022,130608,1459,0,130608,1.12,0,1.000306353777342
06-21-2022,130646,1459,0,130646,1.12,0,1.0002909469557761
06-22-2022,130685,1459,0,130685,1.12,0,1.0002985166021157
06-23-2022,130723,1459,0,130723,1.12,0,1.0002907755289436
06-24-2022,130749,1459,0,130749,1.12,0,1.0001988938442354
06-25-2022,130787,1459,0,130787,1.12,0,1.0002906331979595
06-26-2022,130819,1459,0,130819,1.12,0,1.0002446726356595
06-27-2022,130859,1459,0,130859,1.11,0,1.0003057659820056
06-28-2022,130902,1459,0,130902,1.11,0,1.0003285979565792
06-29-2022,130952,1459,0,130952,1.11,0,1.0003819651342225
06-30-2022,131021,1460,0,131021,1.11,0,1.00052691062374
07-01-2022,131084,1460,0,131084,1.11,0,1.0004808389494815
07-02-2022,131154,1460,0,131154,1.11,0,1.0005340087272283
07-03-2022,131233,1460,0,131233,1.11,0,1.0006023453344923
07-04-2022,131270,1460,0,131270,1.11,0,1.0002819412800135
07-05-2022,131347,1461,0,131347,1.11,0,1.0005865772834617
07-06-2022,131420,1461,0,131420,1.11,0,1.0005557797285054
07-07-2022,131490,1461,0,131490,1.11,0,1.0005326434332673
07-08-2022,131566,1461,0,131566,1.11,0,1.0005779907217278
07-09-2022,131630,1461,0,131630,1.11,0,1.0004864478664701
07-10-2022,131668,1461,0,131668,1.11,0,1.0002886879890602
07-11-2022,131691,1461,0,131691,1.11,0,1.0001746817753745
07-12-2022,131734,1462,0,131734,1.11,0,1.000326521933921
07-13-2022,131766,1462,0,131766,1.11,0,1.0002429137504365
07-14-2022,131808,1462,0,131808,1.11,0,1.0003187468694503
07-15-2022,131832,1462,0,131832,1.11,0,1.0001820830298616
07-16-2022,131857,1464,0,131857,1.11,0,1.0001896352934037
07-17-2022,131880,1464,0,131880,1.11,0,1.0001744313915832
07-18-2022,131906,1464,0,131906,1.11,0,1.0001971489232635
07-19-2022,131944,1466,0,131944,1.11,0,1.0002880839385624
07-20-2022,131950,1466,0,131950,1.11,0,1.0000454738373856
07-21-2022,131970,1466,0,131970,1.11,0,1.0001515725653656
07-22-2022,132028,1466,0,132028,1.11,0,1.000439493824354
07-23-2022,132044,1466,0,132044,1.11,0,1.0001211864150028
07-24-2022,132057,1466,0,132057,1.11,0,1.0000984520311411
07-25-2022,132121,1466,0,132121,1.11,0,1.0004846392088265
07-26-2022,132171,1466,0,132171,1.11,0,1.0003784409745613
07-27-2022,132198,1466,0,132198,1.11,0,1.0002042808180311
07-28-2022,132211,1466,0,132211,1.11,0,1.0000983373424712
07-29-2022,132236,1466,0,132236,1.11,0,1.0001890916792098
07-30-2022,132236,1466,0,132236,1.11,0,1.0
07-31-2022,132239,1466,0,132239,1.11,0,1.0000226867116369
08-01-2022,132242,1466,0,132242,1.11,0,1.0000226861969617
08-02-2022,132267,1466,0,132267,1.11,0,1.000189047352581
08-03-2022,132280,1466,0,132280,1.11,0,1.000098286042626
08-04-2022,132285,1466,0,132285,1.11,0,1.0000377986090112
08-05-2022,132299,1466,0,132299,1.11,0,1.000105832104925
08-06-2022,132299,1466,0,132299,1.11,0,1.0
08-07-2022,132299,1466,0,132299,1.11,0,1.0
08-08-2022,132326,1466,0,132326,1.11,0,1.000204083175232
08-09-2022,132326,1466,0,132326,1.11,0,1.0
08-10-2022,132331,1466,0,132331,1.11,0,1.00003778546922
08-11-2022,132336,1466,0,132336,1.11,0,1.0000377840415322
08-12-2022,132343,1466,0,132343,1.11,0,1.0000528956595334
08-13-2022,132354,1466,0,132354,1.11,0,1.000083117354148
08-14-2022,132357,1466,0,132357,1.11,0,1.0000226664853349
08-15-2022,132362,1466,0,132362,1.11,0,1.0000377766192947
08-16-2022,132367,1466,0,132367,1.11,0,1.0000377751922758
08-17-2022,132370,1466,0,132370,1.11,0,1.0000226642592187
08-18-2022,132376,1466,0,132376,1.11,0,1.0000453274911234
08-19-2022,132385,1466,0,132385,1.11,0,1.0000679881549526
08-20-2022,132386,1466,0,132386,1.11,0,1.0000075537258752
08-21-2022,132390,1466,0,132390,1.11,0,1.0000302146752678
08-22-2022,132391,1466,0,132391,1.11,0,1.0000075534405921
08-23-2022,132398,1466,0,132398,1.11,0,1.0000528736847671
08-24-2022,132401,1466,0,132401,1.11,0,1.000022658952552
08-25-2022,132408,1466,0,132408,1.11,0,1.0000528696913165
08-26-2022,132412,1466,0,132412,1.11,0,1.0000302096550058
08-27-2022,132414,1466,0,132414,1.11,0,1.000015104371205
08-28-2022,132415,1466,0,132415,1.11,0,1.0000075520715332
08-29-2022,132421,1466,0,132421,1.11,0,1.0000453120869992
08-30-2022,132427,1466,0,132427,1.11,0,1.000045310033907
08-31-2022,132439,1466,0,132439,1.11,0,1.0000906159620018
09-01-2022,132443,1466,0,132443,1.11,0,1.000030202583831
09-02-2022,132448,1466,0,132448,1.11,0,1.0000377520895782
09-03-2022,132449,1466,0,132449,1.11,0,1.0000075501328822
09-04-2022,132453,1466,0,132453,1.11,0,1.000030200303513
09-05-2022,132455,1466,0,132455,1.11,0,1.000015099695741
09-06-2022,132458,1466,0,132458,1.11,0,1.0000226492016155
09-07-2022,132466,1466,0,132466,1.11,0,1.0000603965030426
09-08-2022,132471,1466,0,132471,1.11,0,1.0000377455347031
09-09-2022,132472,1466,0,132472,1.11,0,1.0000075488220064
09-10-2022,132472,1466,0,132472,1.11,0,1.0
09-11-2022,132472,1466,0,132472,1.11,0,1.0
09-12-2022,132474,1466,0,132474,1.11,0,1.0000150975300441
09-13-2022,132475,1466,0,132475,1.11,0,1.000007548651056
09-14-2022,132478,1466,0,132478,1.11,0,1.000022645782223
09-15-2022,132480,1466,0,132480,1.11,0,1.0000150968462689
09-16-2022,132481,1466,0,132481,1.11,0,1.0000075483091788
09-17-2022,132483,1466,0,132483,1.11,0,1.0000150965044043
09-18-2022,132486,1466,0,132486,1.11,0,1.000022644414755
09-19-2022,132486,1466,0,132486,1.11,0,1.0
09-20-2022,132521,1466,0,132521,1.11,0,1.000264178856634
09-21-2022,132521,1466,0,132521,1.11,0,1.0
09-22-2022,132521,1466,0,132521,1.11,0,1.0
09-23-2022,132521,1466,0,132521,1.11,0,1.0
09-24-2022,132521,1466,0,132521,1.11,0,1.0
09-25-2022,132521,1466,0,132521,1.11,0,1.0
09-26-2022,132495,1466,0,132495,1.11,0,1.000196195319987
09-27-2022,132496,1466,0,132496,1.11,0,1.0000075474546208
09-28-2022,132496,1466,0,132496,1.11,0,1.0
09-29-2022,132498,1466,0,132498,1.11,0,1.0000150947953146
09-30-2022,132500,1466,0,132500,1.11,0,1.000015094567465
10-01-2022,132501,1466,0,132501,1.11,0,1.0000075471698113
10-02-2022,132503,1466,0,132503,1.11,0,1.000015094225704
10-03-2022,132504,1467,0,132504,1.11,0,1.0000075469989358
10-04-2022,132504,1467,0,132504,1.11,0,1.0
10-05-2022,132507,1467,0,132507,1.11,0,1.0000226408259374
10-06-2022,132508,1467,0,132508,1.11,0,1.000007546771114
10-07-2022,132508,1467,0,132508,1.11,0,1.0
10-08-2022,132511,1467,0,132511,1.11,0,1.0000226401424819
10-09-2022,132512,1467,0,132512,1.11,0,1.0000075465433058
10-10-2022,132518,1467,0,132518,1.11,0,1.0000452789181358
10-11-2022,132523,1467,0,132523,1.11,0,1.0000377307233734
10-12-2022,132523,1467,0,132523,1.11,0,1.0
10-13-2022,132525,1467,0,132525,1.11,0,1.0000150917199278
10-14-2022,132526,1467,0,132526,1.11,0,1.0000075457460857
10-15-2022,132526,1467,0,132526,1.11,0,1.0
10-16-2022,132528,1467,0,132528,1.11,0,1.0000150913782955
10-17-2022,132530,1467,0,132530,1.11,0,1.0000150911505494
10-18-2022,132530,1467,0,132530,1.11,0,1.0
10-19-2022,132533,1467,0,132533,1.11,0,1.0000226363842148
10-20-2022,132533,1467,0,132533,1.11,0,1.0
10-21-2022,132533,1467,0,132533,1.11,0,1.0
10-22-2022,132533,1467,0,132533,1.11,0,1.0
10-23-2022,132533,1467,0,132533,1.11,0,1.0
10-24-2022,132556,1467,0,132556,1.11,0,1.000173541683958
10-25-2022,132556,1467,0,132556,1.11,0,1.0
10-26-2022,132556,1467,0,132556,1.11,0,1.0
10-27-2022,132556,1467,0,132556,1.11,0,1.0
10-28-2022,132556,1467,0,132556,1.11,0,1.0
10-29-2022,132556,1467,0,132556,1.11,0,1.0
10-30-2022,132584,1467,0,132584,1.11,0,1.0002112314795257
10-31-2022,132584,1467,0,132584,1.11,0,1.0
11-01-2022,132584,1467,0,132584,1.11,0,1.0
11-02-2022,132584,1467,0,132584,1.11,0,1.0
11-03-2022,132584,1467,0,132584,1.11,0,1.0
11-04-2022,132584,1467,0,132584,1.11,0,1.0
11-05-2022,132584,1467,0,132584,1.11,0,1.0
11-06-2022,132584,1467,0,132584,1.11,0,1.0
11-07-2022,132584,1467,0,132584,1.11,0,1.0
11-08-2022,132611,1467,0,132611,1.11,0,1.0002036444819888
11-09-2022,132611,1467,0,132611,1.11,0,1.0
11-10-2022,132611,1467,0,132611,1.11,0,1.0
11-11-2022,132611,1467,0,132611,1.11,0,1.0
11-12-2022,132611,1467,0,132611,1.11,0,1.0
11-13-2022,132611,1467,0,132611,1.11,0,1.0
11-14-2022,132643,1467,0,132643,1.11,0,1.0002413072822014
11-15-2022,132643,1467,0,132643,1.11,0,1.0
11-16-2022,132643,1467,0,132643,1.11,0,1.0
11-17-2022,132643,1467,0,132643,1.11,0,1.0
11-18-2022,132643,1467,0,132643,1.11,0,1.0
11-19-2022,132643,1467,0,132643,1.11,0,1.0
11-20-2022,132643,1467,0,132643,1.11,0,1.0
11-21-2022,132643,1467,0,132643,1.11,0,1.0
11-22-2022,132643,1467,0,132643,1.11,0,1.0
11-23-2022,132681,1467,0,132681,1.11,0,1.0002864832671154
11-24-2022,132681,1467,0,132681,1.11,0,1.0
11-25-2022,132681,1467,0,132681,1.11,0,1.0
11-26-2022,132681,1467,0,132681,1.11,0,1.0
11-27-2022,132681,1467,0,132681,1.11,0,1.0
11-28-2022,132681,1467,0,132681,1.11,0,1.0
11-29-2022,132681,1467,0,132681,1.11,0,1.0
11-30-2022,132762,1467,0,132762,1.1,0,1.0006104868067018
12-01-2022,132762,1467,0,132762,1.1,0,1.0
12-02-2022,132762,1467,0,132762,1.1,0,1.0
12-03-2022,132762,1467,0,132762,1.1,0,1.0
12-04-2022,132762,1467,0,132762,1.1,0,1.0
12-05-2022,132762,1467,0,132762,1.1,0,1.0
12-06-2022,132811,1467,0,132811,1.1,0,1.0003690815142887
12-07-2022,132811,1467,0,132811,1.1,0,1.0
12-08-2022,132811,1467,0,132811,1.1,0,1.0
12-09-2022,132811,1467,0,132811,1.1,0,1.0
12-10-2022,132811,1467,0,132811,1.1,0,1.0
12-11-2022,132811,1467,0,132811,1.1,0,1.0
12-12-2022,132811,1467,0,132811,1.1,0,1.0
12-13-2022,132811,1467,0,132811,1.1,0,1.0
12-14-2022,132811,1467,0,132811,1.1,0,1.0
12-15-2022,132811,1467,0,132811,1.1,0,1.0
12-16-2022,132811,1467,0,132811,1.1,0,1.0
12-17-2022,132811,1467,0,132811,1.1,0,1.0
12-18-2022,132811,1467,0,132811,1.1,0,1.0
12-19-2022,132811,1467,0,132811,1.1,0,1.0
12-20-2022,132920,1467,0,132920,1.1,0,1.0008207151516064
12-21-2022,132920,1467,0,132920,1.1,0,1.0
12-22-2022,132920,1467,0,132920,1.1,0,1.0
12-23-2022,132920,1467,0,132920,1.1,0,1.0
12-24-2022,132920,1467,0,132920,1.1,0,1.0
12-25-2022,132920,1467,0,132920,1.1,0,1.0
12-26-2022,132920,1467,0,132920,1.1,0,1.0
12-27-2022,132920,1467,0,132920,1.1,0,1.0
12-28-2022,132920,1467,0,132920,1.1,0,1.0
12-29-2022,132920,1467,0,132920,1.1,0,1.0
12-30-2022,132920,1467,0,132920,1.1,0,1.0
12-31-2022,132920,1467,0,132920,1.1,0,1.0
01-01-2023,132920,1467,0,132920,1.1,0,1.0
01-02-2023,132920,1467,0,132920,1.1,0,1.0
01-03-2023,133033,1468,0,133033,1.1,0,1.0008501354198014
01-04-2023,133033,1468,0,133033,1.1,0,1.0
01-05-2023,133033,1468,0,133033,1.1,0,1.0
01-06-2023,133033,1468,0,133033,1.1,0,1.0
01-07-2023,133033,1468,0,133033,1.1,0,1.0
01-08-2023,133033,1468,0,133033,1.1,0,1.0
01-09-2023,133063,1468,0,133063,1.1,0,1.0002255079566724
01-10-2023,133063,1468,0,133063,1.1,0,1.0
01-11-2023,133063,1468,0,133063,1.1,0,1.0
01-12-2023,133063,1468,0,133063,1.1,0,1.0
01-13-2023,133063,1468,0,133063,1.1,0,1.0
01-14-2023,133063,1468,0,133063,1.1,0,1.0
01-15-2023,133063,1468,0,133063,1.1,0,1.0
01-16-2023,133063,1468,0,133063,1.1,0,1.0
01-17-2023,133078,1468,0,133078,1.1,0,1.0001127285571496
01-18-2023,133078,1468,0,133078,1.1,0,1.0
01-19-2023,133078,1468,0,133078,1.1,0,1.0
01-20-2023,133078,1468,0,133078,1.1,0,1.0
01-21-2023,133078,1468,0,133078,1.1,0,1.0
01-22-2023,133078,1468,0,133078,1.1,0,1.0
01-23-2023,133078,1468,0,133078,1.1,0,1.0
01-24-2023,133090,1468,0,133090,1.1,0,1.0000901726806835
01-25-2023,133090,1468,0,133090,1.1,0,1.0
01-26-2023,133090,1468,0,133090,1.1,0,1.0
01-27-2023,133090,1468,0,133090,1.1,0,1.0
01-28-2023,133090,1468,0,133090,1.1,0,1.0
01-29-2023,133090,1468,0,133090,1.1,0,1.0
01-30-2023,133090,1468,0,133090,1.1,0,1.0
01-31-2023,133090,1468,0,133090,1.1,0,1.0
02-01-2023,133090,1468,0,133090,1.1,0,1.0
02-02-2023,133090,1468,0,133090,1.1,0,1.0
02-03-2023,133090,1468,0,133090,1.1,0,1.0
02-04-2023,133090,1468,0,133090,1.1,0,1.0
02-05-2023,133090,1468,0,133090,1.1,0,1.0
02-06-2023,133090,1468,0,133090,1.1,0,1.0
02-07-2023,133090,1468,0,133090,1.1,0,1.0
02-08-2023,133090,1468,0,133090,1.1,0,1.0
02-09-2023,133090,1468,0,133090,1.1,0,1.0
02-10-2023,133090,1468,0,133090,1.1,0,1.0
02-11-2023,133090,1468,0,133090,1.1,0,1.0
02-12-2023,133090,1468,0,133090,1.1,0,1.0
02-13-2023,133148,1468,0,133148,1.1,0,1.0004357953264709
02-14-2023,133148,1468,0,133148,1.1,0,1.0
02-15-2023,133170,1468,0,133170,1.1,0,1.0001652296692403
02-16-2023,133170,1468,0,133170,1.1,0,1.0
02-17-2023,133170,1468,0,133170,1.1,0,1.0
02-18-2023,133170,1468,0,133170,1.1,0,1.0
02-19-2023,133170,1468,0,133170,1.1,0,1.0
02-20-2023,133170,1468,0,133170,1.1,0,1.0
02-21-2023,133170,1468,0,133170,1.1,0,1.0
02-22-2023,133170,1468,0,133170,1.1,0,1.0
02-23-2023,133170,1468,0,133170,1.1,0,1.0
02-24-2023,133170,1468,0,133170,1.1,0,1.0
02-25-2023,133170,1468,0,133170,1.1,0,1.0
02-26-2023,133170,1468,0,133170,1.1,0,1.0
02-27-2023,133180,1468,0,133180,1.1,0,1.0000750919876848
02-28-2023,133180,1468,0,133180,1.1,0,1.0
03-01-2023,133180,1468,0,133180,1.1,0,1.0
03-02-2023,133180,1468,0,133180,1.1,0,1.0
03-03-2023,133180,1468,0,133180,1.1,0,1.0
03-04-2023,133180,1468,0,133180,1.1,0,1.0
03-05-2023,133180,1468,0,133180,1.1,0,1.0
03-06-2023,133180,1468,0,133180,1.1,0,1.0
03-07-2023,133180,1468,0,133180,1.1,0,1.0
03-08-2023,133194,1468,0,133194,1.1,0,1.0001051208890224
03-09-2023,133194,1468,0,133194,1.1,0,1.0
