date,total_confirmed,total_deaths,total_recovered,total_infected,mortality_rate,recovery_rate,daily_growth_rate
02-26-2020,1,0,0,1,0,0,1
02-27-2020,1,0,0,1,0,0,1.0
02-28-2020,6,0,0,6,0,0,6.0
02-29-2020,15,0,0,15,0,0,2.5
03-01-2020,19,0,0,19,0,0,1.2666666666666666
03-02-2020,25,0,0,25,0,0,1.3157894736842106
03-03-2020,32,0,0,32,0,0,1.28
03-04-2020,56,0,0,56,0,0,1.75
03-05-2020,87,0,0,87,0,0,1.5535714285714286
03-06-2020,108,0,0,108,0,0,1.2413793103448276
03-07-2020,147,0,0,147,0,0,1.3611111111111112
03-08-2020,176,0,0,176,0,0,1.1972789115646258
03-09-2020,205,0,1,204,0,0.49,1.1647727272727273
03-10-2020,400,0,1,399,0,0.25,1.951219512195122
03-11-2020,598,0,1,597,0,0.17,1.495
03-12-2020,702,0,1,701,0,0.14,1.1739130434782608
03-13-2020,996,0,1,995,0,0.1,1.4188034188034189
03-14-2020,1090,3,1,1089,0.28,0.09,1.0943775100401607
03-15-2020,1221,3,1,1220,0.25,0.08,1.120183486238532
03-16-2020,1333,3,1,1332,0.23,0.08,1.0917280917280918
03-17-2020,1463,3,1,1462,0.21,0.07,1.0975243810952737
03-18-2020,1550,6,1,1549,0.39,0.06,1.0594668489405332
03-19-2020,1746,7,1,1745,0.4,0.06,1.1264516129032258
03-20-2020,1914,7,1,1913,0.37,0.05,1.0962199312714778
03-21-2020,2118,7,1,2117,0.33,0.05,1.1065830721003134
03-22-2020,2263,7,6,2257,0.31,0.27,1.0684608120868744
03-23-2020,2621,10,6,2615,0.38,0.23,1.1581970835174547
03-24-2020,2863,12,6,2857,0.42,0.21,1.0923311713086608
03-25-2020,3084,14,6,3078,0.45,0.19,1.0771917568983584
03-26-2020,3369,14,6,3363,0.42,0.18,1.0924124513618678
03-27-2020,3755,19,6,3749,0.51,0.16,1.1145740575838528
03-28-2020,4015,23,7,4008,0.57,0.17,1.0692410119840212
03-29-2020,4284,25,7,4277,0.58,0.16,1.0669987546699875
03-30-2020,4445,32,12,4433,0.72,0.27,1.0375816993464053
03-31-2020,4641,39,13,4628,0.84,0.28,1.0440944881889764
04-01-2020,4863,44,13,4850,0.9,0.27,1.0478345184227538
04-02-2020,5147,50,32,5115,0.97,0.62,1.0584001645075056
04-03-2020,5370,59,32,5338,1.1,0.6,1.0433262094423936
04-04-2020,5550,62,32,5518,1.12,0.58,1.0335195530726258
04-05-2020,5687,71,32,5655,1.25,0.56,1.0246846846846847
04-06-2020,5865,76,32,5833,1.3,0.55,1.031299454897134
04-07-2020,6086,89,32,6054,1.46,0.53,1.03768115942029
04-08-2020,6086,101,32,6054,1.66,0.53,1.0
04-09-2020,6211,108,32,6179,1.74,0.52,1.0205389418337167
04-10-2020,6314,113,32,6282,1.79,0.51,1.0165834809209466
04-11-2020,6409,119,32,6377,1.86,0.5,1.015045929680076
04-12-2020,6525,128,32,6493,1.96,0.49,1.0180995475113122
04-13-2020,6603,134,32,6571,2.03,0.48,1.0119540229885058
04-14-2020,6623,139,32,6591,2.1,0.48,1.003028926245646
04-15-2020,6740,150,32,6708,2.23,0.47,1.0176657104031406
04-16-2020,6896,152,32,6864,2.2,0.46,1.0231454005934717
04-17-2020,6937,161,32,6905,2.32,0.46,1.005945475638051
04-18-2020,7036,164,32,7004,2.33,0.45,1.0142712988323483
04-19-2020,7078,165,32,7046,2.33,0.45,1.0059693007390562
04-20-2020,7156,181,32,7124,2.53,0.45,1.0110200621644532
04-21-2020,7191,182,32,7159,2.53,0.45,1.0048910005589715
04-22-2020,7338,187,32,7306,2.55,0.44,1.020442219440968
04-23-2020,7401,194,32,7369,2.62,0.43,1.008585445625511
04-24-2020,7463,199,32,7431,2.67,0.43,1.0083772463180651
04-25-2020,7499,201,32,7467,2.68,0.43,1.0048237974005092
04-26-2020,7527,201,32,7495,2.67,0.43,1.0037338311774904
04-27-2020,7599,205,32,7567,2.7,0.42,1.009565563969709
04-28-2020,7660,206,32,7628,2.69,0.42,1.0080273720226345
04-29-2020,7710,207,32,7678,2.68,0.42,1.0065274151436032
04-30-2020,7738,210,32,7706,2.71,0.41,1.0036316472114137
05-01-2020,7783,210,32,7751,2.7,0.41,1.00581545619023
05-02-2020,7809,211,32,7777,2.7,0.41,1.0033406141590646
05-03-2020,7847,211,32,7815,2.69,0.41,1.0048661800486618
05-04-2020,7904,214,32,7872,2.71,0.4,1.0072639225181599
05-05-2020,7955,215,32,7923,2.7,0.4,1.0064524291497976
05-06-2020,7996,216,32,7964,2.7,0.4,1.0051539912005027
05-07-2020,8034,217,32,8002,2.7,0.4,1.004752376188094
05-08-2020,8070,218,32,8038,2.7,0.4,1.0044809559372667
05-09-2020,8099,219,32,8067,2.7,0.4,1.0035935563816605
05-10-2020,8105,219,32,8073,2.7,0.39,1.0007408322015063
05-11-2020,8132,224,32,8100,2.75,0.39,1.0033312769895126
05-12-2020,8157,228,32,8125,2.8,0.39,1.0030742744712249
05-13-2020,8175,229,32,8143,2.8,0.39,1.0022066936373666
05-14-2020,8196,232,32,8164,2.83,0.39,1.0025688073394496
05-15-2020,8219,232,32,8187,2.82,0.39,1.0028062469497316
05-16-2020,8237,232,32,8205,2.82,0.39,1.0021900474510281
05-17-2020,8249,232,32,8217,2.81,0.39,1.0014568410829185
05-18-2020,8257,233,32,8225,2.82,0.39,1.0009698145229724
05-19-2020,8267,233,32,8235,2.82,0.39,1.0012110936175367
05-20-2020,8281,234,32,8249,2.83,0.39,1.0016934801016089
05-21-2020,8309,235,32,8277,2.83,0.39,1.0033812341504649
05-22-2020,8332,235,7727,605,2.82,92.74,1.002768082801781
05-23-2020,8346,235,7727,619,2.82,92.58,1.0016802688430149
05-24-2020,8352,235,7727,625,2.81,92.52,1.0007189072609632
05-25-2020,8364,235,7727,637,2.81,92.38,1.0014367816091954
05-26-2020,8383,235,7727,656,2.8,92.17,1.0022716403634624
05-27-2020,8401,235,7727,674,2.8,91.98,1.0021472026720744
05-28-2020,8411,236,7727,684,2.81,91.87,1.00119033448399
05-29-2020,8422,236,7727,695,2.8,91.75,1.0013078111996196
05-30-2020,8437,236,7727,710,2.8,91.58,1.0017810496319164
05-31-2020,8440,236,7727,713,2.8,91.55,1.000355576626763
06-01-2020,8446,236,7727,719,2.79,91.49,1.0007109004739336
06-02-2020,8455,237,7727,728,2.8,91.39,1.0010655931802037
06-03-2020,8477,237,7727,750,2.8,91.15,1.002602010644589
06-04-2020,8504,238,8138,366,2.8,95.7,1.0031850890645275
06-05-2020,8522,238,8138,384,2.79,95.49,1.0021166509877704
06-06-2020,8531,238,8138,393,2.79,95.39,1.0010560901196903
06-07-2020,8547,238,8138,409,2.78,95.21,1.001875512835541
06-08-2020,8561,239,8138,423,2.79,95.06,1.0016380016380015
06-09-2020,8576,239,8138,438,2.79,94.89,1.0017521317603084
06-10-2020,8594,239,8138,456,2.78,94.69,1.002098880597015
06-11-2020,8608,242,8138,470,2.81,94.54,1.001629043518734
06-12-2020,8620,242,8138,482,2.81,94.41,1.0013940520446096
06-13-2020,8628,242,8138,490,2.8,94.32,1.0009280742459397
06-14-2020,8631,242,8138,493,2.8,94.29,1.000347705146036
06-15-2020,8647,242,8138,509,2.8,94.11,1.0018537828756806
06-16-2020,8660,242,8138,522,2.79,93.97,1.0015034115878338
06-17-2020,8692,243,8138,554,2.8,93.63,1.0036951501154734
06-18-2020,8708,244,8138,570,2.8,93.45,1.0018407731247123
06-19-2020,8726,244,8138,588,2.8,93.26,1.0020670647680294
06-20-2020,8742,244,8138,604,2.79,93.09,1.0018336007334403
06-21-2020,8745,244,8138,607,2.79,93.06,1.0003431708991077
06-22-2020,8751,248,8138,613,2.83,93.0,1.0006861063464838
06-23-2020,8772,248,8138,634,2.83,92.77,1.002399725745629
06-24-2020,8788,249,8138,650,2.83,92.6,1.0018239854081168
06-25-2020,8788,249,8138,650,2.83,92.6,1.0
06-26-2020,8832,249,8138,694,2.82,92.14,1.0050068274920345
06-27-2020,8846,249,8138,708,2.81,92.0,1.0015851449275361
06-28-2020,8855,249,8138,717,2.81,91.9,1.0010174089984174
06-29-2020,8862,249,8138,724,2.81,91.83,1.000790513833992
06-30-2020,8879,250,8138,741,2.82,91.65,1.0019183028661702
07-01-2020,8896,251,8138,758,2.82,91.48,1.0019146300259039
07-02-2020,8902,251,8138,764,2.82,91.42,1.0006744604316546
07-03-2020,8921,251,8138,783,2.81,91.22,1.0021343518310493
07-04-2020,8926,251,8138,788,2.81,91.17,1.00056047528304
07-05-2020,8930,251,8138,792,2.81,91.13,1.0004481290611695
07-06-2020,8936,251,8138,798,2.81,91.07,1.0006718924972005
07-07-2020,8947,251,8138,809,2.81,90.96,1.001230975828111
07-08-2020,8950,251,8138,812,2.8,90.93,1.000335307924444
07-09-2020,8965,252,8138,827,2.81,90.78,1.0016759776536313
07-10-2020,8974,252,8138,836,2.81,90.68,1.0010039040713887
07-11-2020,8977,252,8138,839,2.81,90.65,1.0003342990862492
07-12-2020,8981,252,8138,843,2.81,90.61,1.0004455831569568
07-13-2020,8984,253,8138,846,2.82,90.58,1.0003340385257766
07-14-2020,9001,253,8138,863,2.81,90.41,1.001892252894034
07-15-2020,9011,253,8138,873,2.81,90.31,1.0011109876680369
07-16-2020,9015,254,8138,877,2.82,90.27,1.0004439018976805
07-17-2020,9025,255,8138,887,2.83,90.17,1.0011092623405435
07-18-2020,9028,255,8138,890,2.82,90.14,1.0003324099722992
07-19-2020,9028,255,8138,890,2.82,90.14,1.0
07-20-2020,9034,255,8138,896,2.82,90.08,1.0006645990252547
07-21-2020,9053,255,8138,915,2.82,89.89,1.0021031658180208
07-22-2020,9059,255,8138,921,2.81,89.83,1.000662763724732
07-23-2020,9085,255,8674,411,2.81,95.48,1.0028700739595982
07-24-2020,9092,255,8674,418,2.8,95.4,1.0007705008255365
07-25-2020,9111,255,8674,437,2.8,95.2,1.0020897492300924
07-26-2020,9117,255,8752,365,2.8,96.0,1.0006585446163978
07-27-2020,9132,255,8752,380,2.79,95.84,1.0016452780519909
07-28-2020,9150,255,8752,398,2.79,95.65,1.0019710906701709
07-29-2020,9172,255,8752,420,2.78,95.42,1.0024043715846995
07-30-2020,9208,255,8752,456,2.77,95.05,1.0039249890972526
07-31-2020,9240,255,8752,488,2.76,94.72,1.003475238922676
08-01-2020,9253,255,8752,501,2.76,94.59,1.0014069264069263
08-02-2020,9268,255,8752,516,2.75,94.43,1.0016210958608018
08-03-2020,9334,256,8752,582,2.74,93.76,1.0071212775140268
08-04-2020,9362,256,8752,610,2.73,93.48,1.0029997857295907
08-05-2020,9409,256,8752,657,2.72,93.02,1.0050202948088016
08-06-2020,9468,256,8857,611,2.7,93.55,1.006270591986396
08-07-2020,9551,256,8857,694,2.68,92.73,1.0087663709336714
08-08-2020,9599,256,8857,742,2.67,92.27,1.005025651764213
08-09-2020,9638,256,8857,781,2.66,91.9,1.0040629232211689
08-10-2020,9684,256,8857,827,2.64,91.46,1.00477277443453
08-11-2020,9751,256,8857,894,2.63,90.83,1.0069186286658405
08-12-2020,9783,256,8857,926,2.62,90.53,1.0032817146959285
08-13-2020,9851,257,8857,994,2.61,89.91,1.006950833077788
08-14-2020,9908,261,8857,1051,2.63,89.39,1.0057862145975027
08-15-2020,9965,261,8857,1108,2.62,88.88,1.0057529269277352
08-16-2020,10005,261,8857,1148,2.61,88.53,1.0040140491721024
08-17-2020,10060,261,8857,1203,2.59,88.04,1.0054972513743128
08-18-2020,10111,262,8857,1254,2.59,87.6,1.0050695825049702
08-19-2020,10162,262,8857,1305,2.58,87.16,1.0050440114726535
08-20-2020,10197,264,9150,1047,2.59,89.73,1.0034442038968707
08-21-2020,10275,264,9150,1125,2.57,89.05,1.0076493086201823
08-22-2020,10299,264,9150,1149,2.56,88.84,1.0023357664233576
08-23-2020,10323,264,9150,1173,2.56,88.64,1.0023303233323624
08-24-2020,10395,264,9150,1245,2.54,88.02,1.0069747166521361
08-25-2020,10454,264,9150,1304,2.53,87.53,1.0056758056758057
08-26-2020,10504,264,9150,1354,2.51,87.11,1.0047828582360818
08-27-2020,10542,264,9348,1194,2.5,88.67,1.0036176694592536
08-28-2020,10582,264,9348,1234,2.49,88.34,1.0037943464238286
08-29-2020,10611,264,9348,1263,2.49,88.1,1.0027405027405027
08-30-2020,10643,264,9348,1295,2.48,87.83,1.0030157383846952
08-31-2020,10782,264,9348,1434,2.45,86.7,1.0130602273794982
09-01-2020,10871,264,9348,1523,2.43,85.99,1.0082544982378037
09-02-2020,11034,264,9348,1686,2.39,84.72,1.0149940207892558
09-03-2020,11120,264,9348,1772,2.37,84.06,1.0077940909914809
09-04-2020,11231,264,9348,1883,2.35,83.23,1.0099820143884892
09-05-2020,11296,264,9348,1948,2.34,82.75,1.005787552310569
09-06-2020,11388,264,9348,2040,2.32,82.09,1.00814447592068
09-07-2020,11521,264,9348,2173,2.29,81.14,1.0116789603090972
09-08-2020,11623,264,9348,2275,2.27,80.43,1.0088533981425223
09-09-2020,11746,264,9348,2398,2.25,79.58,1.0105824658005678
09-10-2020,11867,265,9348,2519,2.23,78.77,1.0103013791929167
09-11-2020,12003,265,10371,1632,2.21,86.4,1.0114603522372967
09-12-2020,12079,265,10371,1708,2.19,85.86,1.0063317503957343
09-13-2020,12154,265,10371,1783,2.18,85.33,1.006209123271794
09-14-2020,12276,265,10371,1905,2.16,84.48,1.010037847622182
09-15-2020,12393,265,10371,2022,2.14,83.68,1.0095307917888563
09-16-2020,12498,265,10371,2127,2.12,82.98,1.008472524812394
09-17-2020,12644,266,10371,2273,2.1,82.02,1.0116818690990559
09-18-2020,12769,267,10371,2398,2.09,81.22,1.0098861119898765
09-19-2020,12858,267,10371,2487,2.08,80.66,1.0069700054820268
09-20-2020,12897,267,10371,2526,2.07,80.41,1.0030331311245917
09-21-2020,13005,267,10371,2634,2.05,79.75,1.008374040474529
09-22-2020,13153,267,10371,2782,2.03,78.85,1.0113802383698578
09-23-2020,13277,267,10371,2906,2.01,78.11,1.0094275070326162
09-24-2020,13406,270,10371,3035,2.01,77.36,1.0097160503125706
09-25-2020,13545,270,10371,3174,1.99,76.57,1.0103684917201252
09-26-2020,13627,270,11190,2437,1.98,82.12,1.0060538944259874
09-27-2020,13698,270,11190,2508,1.97,81.69,1.0052102443677993
09-28-2020,13788,274,11190,2598,1.99,81.16,1.0065703022339028
09-29-2020,13915,274,11190,2725,1.97,80.42,1.0092109080359732
09-30-2020,14027,274,11190,2837,1.95,79.77,1.0080488681279196
10-01-2020,14149,274,11190,2959,1.94,79.09,1.0086975119412562
10-02-2020,14284,275,11190,3094,1.93,78.34,1.0095413103399533
10-03-2020,14362,275,11190,3172,1.91,77.91,1.0054606552786334
10-04-2020,14457,275,11190,3267,1.9,77.4,1.0066146776215013
10-05-2020,14605,275,11190,3415,1.88,76.62,1.010237255308847
10-06-2020,14784,275,11190,3594,1.86,75.69,1.0122560766860664
10-07-2020,15013,275,11863,3150,1.83,79.02,1.0154897186147187
10-08-2020,15221,275,11863,3358,1.81,77.94,1.0138546592952775
10-09-2020,15388,275,11863,3525,1.79,77.09,1.010971683857828
10-10-2020,15466,275,11863,3603,1.78,76.7,1.005068884845334
10-11-2020,15524,275,11863,3661,1.77,76.42,1.0037501616448985
10-12-2020,15639,276,11863,3776,1.76,75.86,1.0074078845658336
10-13-2020,15793,277,11863,3930,1.75,75.12,1.0098471769294712
10-14-2020,15953,277,11863,4090,1.74,74.36,1.0101310707275375
10-15-2020,16137,278,11863,4274,1.72,73.51,1.0115338807747758
10-16-2020,16272,278,11863,4409,1.71,72.9,1.0083658672615727
10-17-2020,16369,278,11863,4506,1.7,72.47,1.0059611602753196
10-18-2020,16457,278,11863,4594,1.69,72.08,1.0053760156393183
10-19-2020,16603,278,11863,4740,1.67,71.45,1.008871604788236
10-20-2020,16772,278,11863,4909,1.66,70.73,1.0101788833343373
10-21-2020,16964,279,11863,5101,1.64,69.93,1.0114476508466492
10-22-2020,17234,279,11863,5371,1.62,68.83,1.0159160575336006
10-23-2020,17532,279,11863,5669,1.59,67.66,1.017291400719508
10-24-2020,17749,279,11863,5886,1.57,66.84,1.0123773671001597
10-25-2020,17909,279,11863,6046,1.56,66.24,1.0090145923714011
10-26-2020,18342,279,11863,6479,1.52,64.68,1.0241777877045062
10-27-2020,18666,280,11863,6803,1.5,63.55,1.0176643768400393
10-28-2020,19069,280,11863,7206,1.47,62.21,1.0215900567877425
10-29-2020,19564,281,11863,7701,1.44,60.64,1.025958361738948
10-30-2020,20062,282,11863,8199,1.41,59.13,1.0254549171948477
10-31-2020,20331,282,11863,8468,1.39,58.35,1.0134084338550493
11-01-2020,20635,282,11863,8772,1.37,57.49,1.014952535536865
11-02-2020,21339,282,11863,9476,1.32,55.59,1.0341167918584928
11-03-2020,21956,282,11863,10093,1.28,54.03,1.0289141946670415
11-04-2020,22578,282,11863,10715,1.25,52.54,1.0283293860448168
11-05-2020,23229,284,11863,11366,1.22,51.07,1.028833377624236
11-06-2020,23835,285,11863,11972,1.2,49.77,1.0260880795557277
11-07-2020,24243,285,11863,12380,1.18,48.93,1.0171176840780365
11-08-2020,24732,285,11863,12869,1.15,47.97,1.02017077094419
11-09-2020,25325,285,11863,13462,1.13,46.84,1.0239770338023613
11-10-2020,25887,285,11863,14024,1.1,45.83,1.0221915103652517
11-11-2020,26511,285,11863,14648,1.08,44.75,1.0241047630084599
11-12-2020,27228,291,11863,15365,1.07,43.57,1.027045377390517
11-13-2020,27916,294,11863,16053,1.05,42.5,1.0252681063610989
11-14-2020,28434,294,11863,16571,1.03,41.72,1.018555667001003
11-15-2020,28434,294,11863,16571,1.03,41.72,1.0
11-16-2020,28434,294,17998,10436,1.03,63.3,1.0
11-17-2020,30114,298,17998,12116,0.99,59.77,1.0590841949778433
11-18-2020,30770,300,17998,12772,0.97,58.49,1.0217838878926746
11-19-2020,31441,305,17998,13443,0.97,57.24,1.0218069548261293
11-20-2020,32014,306,17998,14016,0.96,56.22,1.0182246111764892
11-21-2020,32352,306,17998,14354,0.95,55.63,1.0105578809270943
11-22-2020,32765,306,17998,14767,0.93,54.93,1.0127658259149357
11-23-2020,33183,311,17998,15185,0.94,54.24,1.0127575156416908
11-24-2020,33717,314,17998,15719,0.93,53.38,1.016092577524636
11-25-2020,34268,316,17998,16270,0.92,52.52,1.0163419046771658
11-26-2020,34748,316,17998,16750,0.91,51.8,1.0140072370724875
11-27-2020,35193,328,17998,17195,0.93,51.14,1.0128064924599978
11-28-2020,35546,328,17998,17548,0.92,50.63,1.0100304037734777
11-29-2020,35828,328,17998,17830,0.92,50.23,1.0079333820964385
11-30-2020,36150,332,17998,18152,0.92,49.79,1.0089873841688066
12-01-2020,36591,334,17998,18593,0.91,49.19,1.0121991701244812
12-02-2020,36969,351,17998,18971,0.95,48.68,1.010330409116996
12-03-2020,37371,353,17998,19373,0.94,48.16,1.0108739754929805
12-04-2020,37801,354,17998,19803,0.94,47.61,1.0115062481603383
12-05-2020,38073,354,17998,20075,0.93,47.27,1.0071955768365917
12-06-2020,38323,354,17998,20325,0.92,46.96,1.0065663330969454
12-07-2020,38703,359,17998,20705,0.93,46.5,1.0099157164105106
12-08-2020,39163,361,17998,21165,0.92,45.96,1.0118853835619979
12-09-2020,39525,361,17998,21527,0.91,45.54,1.0092434185327988
12-10-2020,40023,382,17998,22025,0.95,44.97,1.0125996204933587
12-11-2020,40439,387,17998,22441,0.96,44.51,1.010394023436524
12-12-2020,40803,387,17998,22805,0.95,44.11,1.0090012117015752
12-13-2020,41003,387,17998,23005,0.94,43.89,1.0049016003725215
12-14-2020,41334,393,17998,23336,0.95,43.54,1.008072580055118
12-15-2020,41852,395,17998,23854,0.94,43.0,1.0125320559345816
12-16-2020,42312,402,17998,24314,0.95,42.54,1.0109911115358883
12-17-2020,42776,404,17998,24778,0.94,42.07,1.0109661561731897
12-18-2020,43207,404,17998,25209,0.94,41.66,1.0100757434075183
12-19-2020,43582,404,17998,25584,0.93,41.3,1.0086791492119334
12-20-2020,43905,404,17998,25907,0.92,40.99,1.0074113165985958
12-21-2020,44336,405,17998,26338,0.91,40.59,1.0098166495843297
12-22-2020,44932,405,17998,26934,0.9,40.06,1.0134428004330567
12-23-2020,45455,421,17998,27457,0.93,39.6,1.0116398112703642
12-24-2020,45931,421,17998,27933,0.92,39.18,1.0104718952810472
12-25-2020,46248,421,17998,28250,0.91,38.92,1.0069016568330758
12-26-2020,46678,421,17998,28680,0.9,38.56,1.0092976993599723
12-27-2020,47059,421,17998,29061,0.89,38.25,1.008162303440593
12-28-2020,47585,429,17998,29587,0.9,37.82,1.011177458084532
12-29-2020,48278,433,17998,30280,0.9,37.28,1.0145634128401808
12-30-2020,49010,436,17998,31012,0.89,36.72,1.0151621856746345
12-31-2020,49567,436,17998,31569,0.88,36.31,1.011365027545399
01-01-2021,49803,436,17998,31805,0.88,36.14,1.004761232271471
01-02-2021,50266,436,17998,32268,0.87,35.81,1.0092966287171456
01-03-2021,50716,436,17998,32718,0.86,35.49,1.008952373373652
01-04-2021,51245,449,17998,33247,0.88,35.12,1.0104306333307043
01-05-2021,52180,452,17998,34182,0.87,34.49,1.0182456825056103
01-06-2021,52967,465,17998,34969,0.88,33.98,1.0150824070525106
01-07-2021,53792,467,17998,35794,0.87,33.46,1.0155757358355202
01-08-2021,54476,472,17998,36478,0.87,33.04,1.0127156454491375
01-09-2021,54919,472,17998,36921,0.86,32.77,1.0081320214406344
01-10-2021,55474,472,17998,37476,0.85,32.44,1.0101057921666454
01-11-2021,55903,478,17998,37905,0.86,32.2,1.0077333525615604
01-12-2021,56615,482,17998,38617,0.85,31.79,1.0127363468865713
01-13-2021,57282,509,17998,39284,0.89,31.42,1.0117813300362095
01-14-2021,57736,511,17998,39738,0.89,31.17,1.007925700918264
01-15-2021,58202,517,17998,40204,0.89,30.92,1.0080712207288347
01-16-2021,58445,517,17998,40447,0.88,30.79,1.004175114257242
01-17-2021,58651,517,17998,40653,0.88,30.69,1.003524681324322
01-18-2021,59034,521,17998,41036,0.88,30.49,1.0065301529385688
01-19-2021,59456,525,17998,41458,0.88,30.27,1.007148422942711
01-20-2021,59887,543,17998,41889,0.91,30.05,1.0072490581270184
01-21-2021,60259,544,17998,42261,0.9,29.87,1.006211698699217
01-22-2021,60565,544,17998,42567,0.9,29.72,1.0050780796229608
01-23-2021,60803,544,17998,42805,0.89,29.6,1.0039296623462395
01-24-2021,61082,544,17998,43084,0.89,29.47,1.0045885893788136
01-25-2021,61315,548,17998,43317,0.89,29.35,1.0038145443829607
01-26-2021,61594,550,17998,43596,0.89,29.22,1.004550273179483
01-27-2021,61961,556,17998,43963,0.9,29.05,1.0059583725687566
01-28-2021,62276,557,17998,44278,0.89,28.9,1.0050838430625717
01-29-2021,62575,564,17998,44577,0.9,28.76,1.0048012075277795
01-30-2021,62793,564,17998,44795,0.9,28.66,1.0034838194167
01-31-2021,62966,564,17998,44968,0.9,28.58,1.0027550841654325
02-01-2021,63262,567,17998,45264,0.9,28.45,1.004700949718896
02-02-2021,63553,568,17998,45555,0.89,28.32,1.004599917802156
02-03-2021,63839,574,17998,45841,0.9,28.19,1.0045001809513319
02-04-2021,64212,582,17998,46214,0.91,28.03,1.005842823352496
02-05-2021,64483,582,17998,46485,0.9,27.91,1.0042203949417554
02-06-2021,64653,582,17998,46655,0.9,27.84,1.0026363537676597
02-07-2021,64772,582,17998,46774,0.9,27.79,1.0018405951773313
02-08-2021,65118,582,17998,47120,0.89,27.64,1.0053418143642314
02-09-2021,65338,583,17998,47340,0.89,27.55,1.0033784821401148
02-10-2021,65547,592,17998,47549,0.9,27.46,1.0031987511096145
02-11-2021,65811,592,17998,47813,0.9,27.35,1.0040276442857796
02-12-2021,66236,592,17998,48238,0.89,27.17,1.0064578869793803
02-13-2021,66392,592,17998,48394,0.89,27.11,1.0023552146868773
02-14-2021,66501,592,17998,48503,0.89,27.06,1.00164176406796
02-15-2021,66854,593,17998,48856,0.89,26.92,1.005308190854273
02-16-2021,67140,593,17998,49142,0.88,26.81,1.004277978879349
02-17-2021,67498,607,17998,49500,0.9,26.66,1.005332141793268
02-18-2021,67824,607,17998,49826,0.89,26.54,1.004829772734007
02-19-2021,68107,607,17998,50109,0.89,26.43,1.0041725642840293
02-20-2021,68315,607,17998,50317,0.89,26.35,1.0030540179423555
02-21-2021,68532,607,17998,50534,0.89,26.26,1.0031764619776038
02-22-2021,68758,608,17998,50760,0.88,26.18,1.0032977295278118
02-23-2021,69148,608,17998,51150,0.88,26.03,1.0056720672503563
02-24-2021,69489,620,17998,51491,0.89,25.9,1.0049314513796495
02-25-2021,70040,620,17998,52042,0.89,25.7,1.007929312553066
02-26-2021,70564,622,17998,52566,0.88,25.51,1.0074814391776128
02-27-2021,70826,622,17998,52828,0.88,25.41,1.0037129414432289
02-28-2021,71006,622,17998,53008,0.88,25.35,1.0025414395843335
03-01-2021,71735,623,17998,53737,0.87,25.09,1.010266738022139
03-02-2021,72234,623,17998,54236,0.86,24.92,1.006956158081829
03-03-2021,72923,632,17998,54925,0.87,24.68,1.00953844449982
03-04-2021,73493,632,17998,55495,0.86,24.49,1.0078164639414176
03-05-2021,74183,632,17998,56185,0.85,24.26,1.009388649259113
03-06-2021,74546,632,17998,56548,0.85,24.14,1.0048933043958859
03-07-2021,74942,632,17998,56944,0.84,24.02,1.0053121562525151
03-08-2021,75770,632,17998,57772,0.83,23.75,1.0110485442075205
03-09-2021,76484,632,17998,58486,0.83,23.53,1.0094232545862478
03-10-2021,77169,632,17998,59171,0.82,23.32,1.0089561215417604
03-11-2021,78041,639,17998,60043,0.82,23.06,1.0112998743018569
03-12-2021,78946,639,17998,60948,0.81,22.8,1.011596468522956
03-13-2021,79800,639,17998,61802,0.8,22.55,1.0108175208370278
03-14-2021,80440,639,17998,62442,0.79,22.37,1.0080200501253134
03-15-2021,81305,640,17998,63307,0.79,22.14,1.0107533565390352
03-16-2021,82455,641,17998,64457,0.78,21.83,1.0141442715700142
03-17-2021,83519,648,17998,65521,0.78,21.55,1.0129040082469225
03-18-2021,84553,648,17998,66555,0.77,21.29,1.012380416432189
03-19-2021,85542,648,17998,67544,0.76,21.04,1.0116968055539128
03-20-2021,86362,648,17998,68364,0.75,20.84,1.0095859343948002
03-21-2021,86939,648,17998,68941,0.75,20.7,1.0066811792223431
03-22-2021,88035,649,17998,70037,0.74,20.44,1.012606540217854
03-23-2021,89120,649,17998,71122,0.73,20.2,1.012324643607656
03-24-2021,90104,656,17998,72106,0.73,19.97,1.0110412926391383
03-25-2021,90935,656,17998,72937,0.72,19.79,1.0092226760188228
03-26-2021,92007,656,17998,74009,0.71,19.56,1.0117886402375322
03-27-2021,92469,656,17998,74471,0.71,19.46,1.0050213570706577
03-28-2021,93150,656,17998,75152,0.7,19.32,1.0073646303085357
03-29-2021,94139,660,17998,76141,0.7,19.12,1.0106172839506173
03-30-2021,95208,661,17998,77210,0.69,18.9,1.0113555487098864
03-31-2021,96079,673,17998,78081,0.7,18.73,1.0091483908915218
04-01-2021,96770,673,17998,78772,0.7,18.6,1.007191998251439
04-02-2021,97410,673,17998,79412,0.69,18.48,1.00661361992353
04-03-2021,98102,673,17998,80104,0.69,18.35,1.0071039934298327
04-04-2021,98676,673,17998,80678,0.68,18.24,1.005851052985668
04-05-2021,99249,676,17998,81251,0.68,18.13,1.0058068831326767
04-06-2021,100149,677,17998,82151,0.68,17.97,1.0090681014418281
04-07-2021,101082,683,17998,83084,0.68,17.81,1.0093161189827158
04-08-2021,101960,684,17998,83962,0.67,17.65,1.0086860172928909
04-09-2021,102719,684,17998,84721,0.67,17.52,1.0074440957238133
04-10-2021,102974,684,17998,84976,0.66,17.48,1.002482500803162
04-11-2021,103621,684,17998,85623,0.66,17.37,1.006283139433255
04-12-2021,104269,687,17998,86271,0.66,17.26,1.0062535586415882
04-13-2021,105008,688,17998,87010,0.66,17.14,1.007087437301595
04-14-2021,105607,706,17998,87609,0.67,17.04,1.0057043272893493
04-15-2021,106224,707,17998,88226,0.67,16.94,1.005842415748956
04-16-2021,106727,708,17998,88729,0.66,16.86,1.0047352763970478
04-17-2021,107144,708,17998,89146,0.66,16.8,1.0039071650097913
04-18-2021,107510,708,17998,89512,0.66,16.74,1.0034159635630553
04-19-2021,108028,709,17998,90030,0.66,16.66,1.0048181564505627
04-20-2021,108342,709,17998,90344,0.65,16.61,1.0029066538304885
04-21-2021,109137,734,17998,91139,0.67,16.49,1.0073378745085009
04-22-2021,109581,735,17998,91583,0.67,16.42,1.0040682811512136
04-23-2021,110061,736,17998,92063,0.67,16.35,1.0043803214060831
04-24-2021,110390,736,17998,92392,0.67,16.3,1.0029892514151244
04-25-2021,110612,736,17998,92614,0.67,16.27,1.0020110517256997
04-26-2021,111162,736,17998,93164,0.66,16.19,1.0049723357321085
04-27-2021,111686,736,17998,93688,0.66,16.11,1.004713841060794
04-28-2021,112156,753,17998,94158,0.67,16.05,1.0042082266353884
04-29-2021,112541,754,17998,94543,0.67,15.99,1.0034327187132208
04-30-2021,112970,756,17998,94972,0.67,15.93,1.0038119440914866
05-01-2021,113259,756,17998,95261,0.67,15.89,1.0025582012923786
05-02-2021,113469,756,17998,95471,0.67,15.86,1.0018541572855137
05-03-2021,113952,757,17998,95954,0.66,15.79,1.0042566692224308
05-04-2021,114436,757,17998,96438,0.66,15.73,1.004247402415052
05-05-2021,114905,767,17998,96907,0.67,15.66,1.0040983606557377
05-06-2021,115411,767,17998,97413,0.66,15.59,1.0044036377877377
05-07-2021,115818,767,17998,97820,0.66,15.54,1.0035265269341744
05-08-2021,116134,767,17998,98136,0.66,15.5,1.002728418725932
05-09-2021,116365,767,17998,98367,0.66,15.47,1.001989081578177
05-10-2021,117022,767,17998,99024,0.66,15.38,1.0056460275856143
05-11-2021,117495,767,17998,99497,0.65,15.32,1.0040419750132454
05-12-2021,117995,774,17998,99997,0.66,15.25,1.0042555002340525
05-13-2021,118315,774,17998,100317,0.65,15.21,1.0027119793211576
05-14-2021,118740,774,17998,100742,0.65,15.16,1.0035921058192114
05-15-2021,119052,774,17998,101054,0.65,15.12,1.0026275896917636
05-16-2021,119299,774,17998,101301,0.65,15.09,1.0020747236501697
05-17-2021,119500,774,17998,101502,0.65,15.06,1.0016848422870268
05-18-2021,119814,774,17998,101816,0.65,15.02,1.0026276150627615
05-19-2021,120292,781,17998,102294,0.65,14.96,1.0039895170848148
05-20-2021,120797,781,17998,102799,0.65,14.9,1.0041981179130781
05-21-2021,121511,781,17998,103513,0.64,14.81,1.0059107428164606
05-22-2021,121963,781,17998,103965,0.64,14.76,1.003719827834517
05-23-2021,122414,781,17998,104416,0.64,14.7,1.0036978427883867
05-24-2021,122652,782,17998,104654,0.64,14.67,1.0019442220661035
05-25-2021,123163,782,17998,105165,0.63,14.61,1.0041662590092293
05-26-2021,123662,783,17998,105664,0.63,14.55,1.004051541453196
05-27-2021,124071,783,17998,106073,0.63,14.51,1.0033074024356714
05-28-2021,124410,783,17998,106412,0.63,14.47,1.0027323065019222
05-29-2021,124655,783,17998,106657,0.63,14.44,1.0019692950727432
05-30-2021,124824,783,17998,106826,0.63,14.42,1.0013557418474992
05-31-2021,125116,783,17998,107118,0.63,14.39,1.0023392937255655
06-01-2021,125576,783,17998,107578,0.62,14.33,1.0036765881262188
06-02-2021,125929,785,17998,107931,0.62,14.29,1.002811046696821
06-03-2021,126218,785,17998,108220,0.62,14.26,1.0022949439763675
06-04-2021,126521,785,17998,108523,0.62,14.23,1.002400608471058
06-05-2021,126689,785,17998,108691,0.62,14.21,1.0013278428087038
06-06-2021,126817,785,17998,108819,0.62,14.19,1.0010103481754533
06-07-2021,127066,784,17998,109068,0.62,14.16,1.0019634591576838
06-08-2021,127254,784,17998,109256,0.62,14.14,1.0014795460626762
06-09-2021,127466,789,17998,109468,0.62,14.12,1.0016659594197432
06-10-2021,127676,789,17998,109678,0.62,14.1,1.0016474981563712
06-11-2021,127874,789,17998,109876,0.62,14.07,1.0015508004636737
06-12-2021,127986,789,17998,109988,0.62,14.06,1.0008758621768303
06-13-2021,128046,789,17998,110048,0.62,14.06,1.0004688012751395
06-14-2021,128277,789,17998,110279,0.62,14.03,1.001804039173422
06-15-2021,128499,789,17998,110501,0.61,14.01,1.001730629808929
06-16-2021,128679,790,17998,110681,0.61,13.99,1.0014007891111993
06-17-2021,128898,790,17998,110900,0.61,13.96,1.0017019094024666
06-18-2021,129095,790,17998,111097,0.61,13.94,1.0015283402380177
06-19-2021,129225,790,17998,111227,0.61,13.93,1.0010070103412216
06-20-2021,129333,790,17998,111335,0.61,13.92,1.0008357515960533
06-21-2021,129545,790,17998,111547,0.61,13.89,1.0016391794824213
06-22-2021,129766,790,17998,111768,0.61,13.87,1.0017059708981435
06-23-2021,129944,792,17998,111946,0.61,13.85,1.0013716998289228
06-24-2021,130270,792,17998,112272,0.61,13.82,1.002508773009912
06-25-2021,130342,792,17998,112344,0.61,13.81,1.0005526982421125
06-26-2021,130491,792,17998,112493,0.61,13.79,1.0011431464915377
06-27-2021,130588,792,17998,112590,0.61,13.78,1.0007433462844182
06-28-2021,130744,792,17998,112746,0.61,13.77,1.0011945967470213
06-29-2021,131037,792,17998,113039,0.6,13.74,1.002241020620449
06-30-2021,131316,794,17998,113318,0.6,13.71,1.0021291696238468
07-01-2021,131509,794,17998,113511,0.6,13.69,1.001469737122666
07-02-2021,131749,794,17998,113751,0.6,13.66,1.001824970154134
07-03-2021,131861,794,17998,113863,0.6,13.65,1.0008501013290423
07-04-2021,131949,794,17998,113951,0.6,13.64,1.0006673694268966
07-05-2021,132136,794,17998,114138,0.6,13.62,1.0014172142267088
07-06-2021,132363,794,17998,114365,0.6,13.6,1.0017179269843193
07-07-2021,132574,796,17998,114576,0.6,13.58,1.001594101070541
07-08-2021,132673,796,17998,114675,0.6,13.57,1.000746752756951
07-09-2021,132966,796,17998,114968,0.6,13.54,1.0022084372856572
07-10-2021,133100,796,17998,115102,0.6,13.52,1.0010077764240481
07-11-2021,133197,796,17998,115199,0.6,13.51,1.0007287753568745
07-12-2021,133367,796,17998,115369,0.6,13.5,1.001276305021885
07-13-2021,133549,796,17998,115551,0.6,13.48,1.0013646554245053
07-14-2021,133720,796,17998,115722,0.6,13.46,1.0012804289062442
07-15-2021,133876,796,17998,115878,0.59,13.44,1.0011666168112474
07-16-2021,134092,796,17998,116094,0.59,13.42,1.0016134333263618
07-17-2021,134230,796,17998,116232,0.59,13.41,1.0010291441696746
07-18-2021,134339,796,17998,116341,0.59,13.4,1.000812039037473
07-19-2021,134534,796,17998,116536,0.59,13.38,1.0014515516715177
07-20-2021,134780,796,17998,116782,0.59,13.35,1.001828534050872
07-21-2021,134969,799,17998,116971,0.59,13.33,1.0014022852055202
07-22-2021,135235,799,17998,117237,0.59,13.31,1.0019708229297097
07-23-2021,135463,799,17998,117465,0.59,13.29,1.001685954079935
07-24-2021,135631,799,17998,117633,0.59,13.27,1.0012401910484783
07-25-2021,135767,799,17998,117769,0.59,13.26,1.001002720616968
07-26-2021,136097,799,17998,118099,0.59,13.22,1.0024306348376262
07-27-2021,136370,799,17998,118372,0.59,13.2,1.0020059222466329
07-28-2021,136541,799,17998,118543,0.59,13.18,1.0012539414827308
07-29-2021,137127,799,17998,119129,0.58,13.13,1.0042917511956115
07-30-2021,137471,799,17998,119473,0.58,13.09,1.0025086233929132
07-31-2021,137627,799,17998,119629,0.58,13.08,1.0011347847909742
08-01-2021,137853,799,17998,119855,0.58,13.06,1.0016421196422214
08-02-2021,138265,799,17998,120267,0.58,13.02,1.0029886908518495
08-03-2021,138740,799,17998,120742,0.58,12.97,1.003435431960366
08-04-2021,139218,804,17998,121220,0.58,12.93,1.003445293354476
08-05-2021,139778,804,0,139778,0.58,0,1.0040224683589765
08-06-2021,140204,804,0,140204,0.57,0,1.0030476899082832
08-07-2021,140466,804,0,140466,0.57,0,1.0018687056004107
08-08-2021,140836,804,0,140836,0.57,0,1.0026340893881793
08-09-2021,141333,804,0,141333,0.57,0,1.0035289272629158
08-10-2021,141999,805,0,141999,0.57,0,1.0047122752648001
08-11-2021,142321,807,0,142321,0.57,0,1.0022676216029691
08-12-2021,142895,807,0,142895,0.56,0,1.004033136360762
08-13-2021,143767,808,0,143767,0.56,0,1.0061023828685398
08-14-2021,144035,808,0,144035,0.56,0,1.0018641273727629
08-15-2021,144484,808,0,144484,0.56,0,1.0031172978789877
08-16-2021,145014,809,0,145014,0.56,0,1.0036682262395835
08-17-2021,145761,810,0,145761,0.56,0,1.0051512267781042
08-18-2021,146373,811,0,146373,0.55,0,1.004198653960936
08-19-2021,147058,811,0,147058,0.55,0,1.0046798248310822
08-20-2021,147778,811,0,147778,0.55,0,1.0048960274177536
08-21-2021,148055,811,0,148055,0.55,0,1.0018744332715288
08-22-2021,148608,811,0,148608,0.55,0,1.0037350984431461
08-23-2021,149732,811,0,149732,0.54,0,1.0075635228251507
08-24-2021,150825,811,0,150825,0.54,0,1.0072997088130793
08-25-2021,152119,814,0,152119,0.54,0,1.0085794795292558
08-26-2021,153534,814,0,153534,0.53,0,1.0093019280957671
08-27-2021,155086,814,0,155086,0.52,0,1.0101085101671292
08-28-2021,156133,814,0,156133,0.52,0,1.0067510929419805
08-29-2021,157040,814,0,157040,0.52,0,1.0058091498914388
08-30-2021,158389,814,0,158389,0.51,0,1.0085901681100358
08-31-2021,160174,814,0,160174,0.51,0,1.0112697220135236
09-01-2021,161814,822,0,161814,0.51,0,1.010238865234058
09-02-2021,163364,822,0,163364,0.5,0,1.0095788992299801
09-03-2021,165051,822,0,165051,0.5,0,1.010326632550623
09-04-2021,166200,822,0,166200,0.49,0,1.0069614846320227
09-05-2021,167265,822,0,167265,0.49,0,1.0064079422382672
09-06-2021,168469,822,0,168469,0.49,0,1.007198158610588
09-07-2021,170173,823,0,170173,0.48,0,1.0101146204939782
09-08-2021,171719,826,0,171719,0.48,0,1.009084872453327
09-09-2021,173348,827,0,173348,0.48,0,1.0094864284092033
09-10-2021,174649,827,0,174649,0.47,0,1.007505134180954
09-11-2021,175489,827,0,175489,0.47,0,1.0048096467772503
09-12-2021,176142,827,0,176142,0.47,0,1.0037210309478086
09-13-2021,177262,827,0,177262,0.47,0,1.0063585062052207
09-14-2021,178481,829,0,178481,0.46,0,1.0068768263925714
09-15-2021,179450,841,0,179450,0.47,0,1.0054291493212162
09-16-2021,180432,841,0,180432,0.47,0,1.0054722764001114
09-17-2021,181195,841,0,181195,0.46,0,1.0042287399130974
09-18-2021,181765,841,0,181765,0.46,0,1.0031457821683822
09-19-2021,182239,841,0,182239,0.46,0,1.0026077627706105
09-20-2021,182918,841,0,182918,0.46,0,1.0037258764589359
09-21-2021,183402,841,0,183402,0.46,0,1.0026459943799955
09-22-2021,184609,850,0,184609,0.46,0,1.006581171415797
09-23-2021,185330,850,0,185330,0.46,0,1.0039055517336641
09-24-2021,186035,850,0,186035,0.46,0,1.0038040252522527
09-25-2021,186554,850,0,186554,0.46,0,1.0027897976187277
09-26-2021,186935,850,0,186935,0.45,0,1.0020423041049777
09-27-2021,187593,850,0,187593,0.45,0,1.003519940086126
09-28-2021,188295,851,0,188295,0.45,0,1.0037421438966272
09-29-2021,188850,861,0,188850,0.46,0,1.0029475025890227
09-30-2021,189431,861,0,189431,0.45,0,1.0030765157532433
10-01-2021,189915,861,0,189915,0.45,0,1.00255502003368
10-02-2021,190224,861,0,190224,0.45,0,1.0016270436774346
10-03-2021,190533,861,0,190533,0.45,0,1.0016244007065354
10-04-2021,191017,861,0,191017,0.45,0,1.0025402423727123
10-05-2021,191599,861,0,191599,0.45,0,1.0030468492333142
10-06-2021,192079,871,0,192079,0.45,0,1.0025052322820056
10-07-2021,192587,871,0,192587,0.45,0,1.0026447451309097
10-08-2021,193054,871,0,193054,0.45,0,1.0024248781070373
10-09-2021,193275,871,0,193275,0.45,0,1.0011447574253836
10-10-2021,193562,871,0,193562,0.45,0,1.0014849307980855
10-11-2021,193734,871,0,193734,0.45,0,1.0008886041681735
10-12-2021,194630,871,0,194630,0.45,0,1.0046248980560974
10-13-2021,195029,884,0,195029,0.45,0,1.0020500436726096
10-14-2021,195385,884,0,195385,0.45,0,1.0018253695604245
10-15-2021,195808,884,0,195808,0.45,0,1.002164956368196
10-16-2021,196142,884,0,196142,0.45,0,1.00170575257395
10-17-2021,196351,884,0,196351,0.45,0,1.0010655545472158
10-18-2021,196896,884,0,196896,0.45,0,1.0027756415806388
10-19-2021,197504,884,0,197504,0.45,0,1.0030879245896311
10-20-2021,198161,893,0,198161,0.45,0,1.0033265149060273
10-21-2021,198909,893,0,198909,0.45,0,1.003774708444144
10-22-2021,199550,894,0,199550,0.45,0,1.003222579169369
10-23-2021,200093,894,0,200093,0.45,0,1.0027211225256827
10-24-2021,200517,894,0,200517,0.45,0,1.002119014658184
10-25-2021,201410,894,0,201410,0.44,0,1.004453487734207
10-26-2021,202554,895,0,202554,0.44,0,1.0056799563080283
10-27-2021,203734,900,0,203734,0.44,0,1.0058256069986276
10-28-2021,204730,900,0,204730,0.44,0,1.0048887274583524
10-29-2021,205855,900,0,205855,0.44,0,1.0054950422507694
10-30-2021,206653,900,0,206653,0.44,0,1.0038765150227102
10-31-2021,207280,900,0,207280,0.43,0,1.003034071607961
11-01-2021,208615,902,0,208615,0.43,0,1.0064405634890004
11-02-2021,210241,902,0,210241,0.43,0,1.007794262157563
11-03-2021,211755,919,0,211755,0.43,0,1.0072012595069468
11-04-2021,213289,920,0,213289,0.43,0,1.0072442209156809
11-05-2021,214795,922,0,214795,0.43,0,1.007060842331297
11-06-2021,215857,922,0,215857,0.43,0,1.004944249167811
11-07-2021,216855,922,0,216855,0.43,0,1.0046234312530982
11-08-2021,218387,921,0,218387,0.42,0,1.0070646284383575
11-09-2021,220513,924,0,220513,0.42,0,1.0097350116994144
11-10-2021,222296,947,0,222296,0.43,0,1.008085691093042
11-11-2021,224302,948,0,224302,0.42,0,1.0090240040306617
11-12-2021,226064,950,0,226064,0.42,0,1.0078554805574627
11-13-2021,227370,950,0,227370,0.42,0,1.0057771250619294
11-14-2021,228526,950,0,228526,0.42,0,1.0050842239521485
11-15-2021,229309,951,0,229309,0.41,0,1.0034263059783133
11-16-2021,232839,952,0,232839,0.41,0,1.0153940752434487
11-17-2021,235314,995,0,235314,0.42,0,1.0106296625565305
11-18-2021,237739,996,0,237739,0.42,0,1.010305379195458
11-19-2021,240103,999,0,240103,0.42,0,1.0099436777306205
11-20-2021,241441,999,0,241441,0.41,0,1.0055726084222187
11-21-2021,242911,999,0,242911,0.41,0,1.0060884439676774
11-22-2021,245302,1002,0,245302,0.41,0,1.0098431112629729
11-23-2021,246822,1003,0,246822,0.41,0,1.0061964435675208
11-24-2021,251397,1049,0,251397,0.42,0,1.0185356248632618
11-25-2021,254367,1050,0,254367,0.41,0,1.0118139834604232
11-26-2021,257309,1050,0,257309,0.41,0,1.011565965710961
11-27-2021,259200,1050,0,259200,0.41,0,1.007349140527537
11-28-2021,260921,1050,0,260921,0.4,0,1.0066396604938272
11-29-2021,263798,1050,0,263798,0.4,0,1.0110263259760617
11-30-2021,267843,1054,0,267843,0.39,0,1.0153337023025193
12-01-2021,271623,1092,0,271623,0.4,0,1.0141127451529441
12-02-2021,275763,1093,0,275763,0.4,0,1.0152417136987664
12-03-2021,279954,1093,0,279954,0.39,0,1.015197832921748
12-04-2021,282918,1093,0,282918,0.39,0,1.0105874536531
12-05-2021,284448,1093,0,284448,0.38,0,1.00540792738532
12-06-2021,287123,1096,0,287123,0.38,0,1.0094041793227584
12-07-2021,294754,1096,0,294754,0.37,0,1.026577459834287
12-08-2021,300013,1134,0,300013,0.38,0,1.0178419970551715
12-09-2021,305368,1135,0,305368,0.37,0,1.0178492265335168
12-10-2021,310781,1136,0,310781,0.37,0,1.0177261533625004
12-11-2021,314258,1136,0,314258,0.36,0,1.0111879426348458
12-12-2021,317880,1136,0,317880,0.36,0,1.0115255617995405
12-13-2021,317880,1136,0,317880,0.36,0,1.0
12-14-2021,328747,1141,0,328747,0.35,0,1.034185856297974
12-15-2021,334488,1202,0,334488,0.36,0,1.0174632772314272
12-16-2021,339008,1202,0,339008,0.35,0,1.0135131903087704
12-17-2021,343697,1204,0,343697,0.35,0,1.0138315319992448
12-18-2021,347402,1204,0,347402,0.35,0,1.01077984387411
12-19-2021,350424,1204,0,350424,0.34,0,1.0086988560802759
12-20-2021,354465,1207,0,354465,0.34,0,1.0115317444010685
12-21-2021,359264,1209,0,359264,0.34,0,1.0135387132721143
12-22-2021,363554,1257,0,363554,0.35,0,1.0119410795403936
12-23-2021,367866,1257,0,367866,0.34,0,1.01186068644548
12-24-2021,370134,1257,0,370134,0.34,0,1.0061652884474237
12-25-2021,372123,1257,0,372123,0.34,0,1.005373729514176
12-26-2021,374337,1257,0,374337,0.34,0,1.0059496456816697
12-27-2021,378087,1258,0,378087,0.33,0,1.0100177113136024
12-28-2021,382789,1258,0,382789,0.33,0,1.012436291118182
12-29-2021,387196,1305,0,387196,0.34,0,1.011512870014551
12-30-2021,391214,1305,0,391214,0.33,0,1.010377173317906
12-31-2021,394259,1305,0,394259,0.33,0,1.007783463781971
01-01-2022,396415,1305,0,396415,0.33,0,1.0054684864517995
01-02-2022,399318,1305,0,399318,0.33,0,1.0073231335847534
01-03-2022,404551,1305,0,404551,0.32,0,1.0131048437586083
01-04-2022,412472,1307,0,412472,0.32,0,1.0195797316036792
01-05-2022,420857,1349,0,420857,0.32,0,1.0203286526115711
01-06-2022,428736,1349,0,428736,0.31,0,1.0187213233948824
01-07-2022,434896,1350,0,434896,0.31,0,1.014367816091954
01-08-2022,440184,1350,0,440184,0.31,0,1.0121592288731098
01-09-2022,444368,1350,0,444368,0.3,0,1.0095051160423822
01-10-2022,450908,1350,0,450908,0.3,0,1.0147175314154036
01-11-2022,460530,1350,0,460530,0.29,0,1.0213391645302368
01-12-2022,472355,1372,0,472355,0.29,0,1.0256769374416432
01-13-2022,483952,1381,0,483952,0.29,0,1.0245514496512158
01-14-2022,496312,1381,0,496312,0.28,0,1.0255397229477303
01-15-2022,504789,1381,0,504789,0.27,0,1.01707998194684
01-16-2022,512393,1381,0,512393,0.27,0,1.0150637196927825
01-17-2022,523424,1382,0,523424,0.26,0,1.0215283971482827
01-18-2022,538791,1383,0,538791,0.26,0,1.0293586079354404
01-19-2022,554778,1412,0,554778,0.25,0,1.0296719878394405
01-20-2022,571655,1413,0,571655,0.25,0,1.030421177480001
01-21-2022,596613,1414,0,596613,0.24,0,1.0436592000419833
01-22-2022,609950,1414,0,609950,0.23,0,1.0223545246248407
01-23-2022,622596,1414,0,622596,0.23,0,1.0207328469546684
01-24-2022,641138,1414,0,641138,0.22,0,1.0297817525329427
01-25-2022,665567,1416,0,665567,0.21,0,1.0381025613830408
01-26-2022,690244,1439,0,690244,0.21,0,1.037076657947284
01-27-2022,714532,1439,0,714532,0.2,0,1.0351875568639495
01-28-2022,736051,1439,0,736051,0.2,0,1.0301162159287478
01-29-2022,751021,1439,0,751021,0.19,0,1.0203382646039474
01-30-2022,765061,1439,0,765061,0.19,0,1.0186945504852727
01-31-2022,781049,1440,0,781049,0.18,0,1.0208976800542702
02-01-2022,804286,1440,0,804286,0.18,0,1.0297510143409696
02-02-2022,827585,1467,0,827585,0.18,0,1.0289685509880813
02-03-2022,849389,1467,0,849389,0.17,0,1.0263465384220352
02-04-2022,870245,1467,0,870245,0.17,0,1.0245541206679154
02-05-2022,883388,1467,0,883388,0.17,0,1.0151026435084374
02-06-2022,893560,1467,0,893560,0.16,0,1.0115147590866074
02-07-2022,911212,1467,0,911212,0.16,0,1.0197546891087337
02-08-2022,937321,1467,0,937321,0.16,0,1.028653046711413
02-09-2022,962407,1512,0,962407,0.16,0,1.0267635100461847
02-10-2022,986855,1513,0,986855,0.15,0,1.0254029740016437
02-11-2022,1009926,1513,0,1009926,0.15,0,1.0233783078567773
02-12-2022,1024379,1513,0,1024379,0.15,0,1.014310949515113
02-13-2022,1035753,1513,0,1035753,0.15,0,1.0111033123482618
02-14-2022,1049811,1513,0,1049811,0.14,0,1.0135727340398724
02-15-2022,1068686,1513,0,1068686,0.14,0,1.0179794267730096
02-16-2022,1086614,1548,0,1086614,0.14,0,1.0167757414245158
02-17-2022,1103956,1548,0,1103956,0.14,0,1.0159596692109618
02-18-2022,1119204,1548,0,1119204,0.14,0,1.013812144686926
02-19-2022,1128763,1548,0,1128763,0.14,0,1.0085408915622174
02-20-2022,1136409,1548,0,1136409,0.14,0,1.006773786879974
02-21-2022,1151288,1549,0,1151288,0.13,0,1.0130929973275467
02-22-2022,1169037,1549,0,1169037,0.13,0,1.015416646399511
02-23-2022,1186422,1598,0,1186422,0.13,0,1.0148712145124577
02-24-2022,1202017,1598,0,1202017,0.13,0,1.0131445640758516
02-25-2022,1217306,1598,0,1217306,0.13,0,1.0127194540509827
02-26-2022,1225866,1598,0,1225866,0.13,0,1.0070319213082002
02-27-2022,1231766,1598,0,1231766,0.13,0,1.0048129240879509
02-28-2022,1242160,1598,0,1242160,0.13,0,1.0084382910390448
03-01-2022,1257079,1599,0,1257079,0.13,0,1.0120105300444386
03-02-2022,1279169,1664,0,1279169,0.13,0,1.0175724835113784
03-03-2022,1289884,1664,0,1289884,0.13,0,1.008376531951603
03-04-2022,1299549,1664,0,1299549,0.13,0,1.0074929218441349
03-05-2022,1305006,1664,0,1305006,0.13,0,1.0041991490894149
03-06-2022,1308342,1664,0,1308342,0.13,0,1.0025563100859307
03-07-2022,1315692,1664,0,1315692,0.13,0,1.0056177971814708
03-08-2022,1325909,1664,0,1325909,0.13,0,1.0077654952678894
03-09-2022,1333793,1753,0,1333793,0.13,0,1.0059461094237991
03-10-2022,1341163,1753,0,1341163,0.13,0,1.0055255950511062
03-11-2022,1346777,1753,0,1346777,0.13,0,1.0041859192357678
03-12-2022,1349971,1753,0,1349971,0.13,0,1.0023715878723798
03-13-2022,1351883,1753,0,1351883,0.13,0,1.0014163267210925
03-14-2022,1357280,1753,0,1357280,0.13,0,1.0039922093849838
03-15-2022,1363406,1753,0,1363406,0.13,0,1.0045134386419898
03-16-2022,1368165,1826,0,1368165,0.13,0,1.0034905229990185
03-17-2022,1372340,2169,0,1372340,0.16,0,1.003051532527144
03-18-2022,1376239,2169,0,1376239,0.16,0,1.002841132663917
03-19-2022,1378238,2169,0,1378238,0.16,0,1.0014525093388575
03-20-2022,1379467,2169,0,1379467,0.16,0,1.0008917182663661
03-21-2022,1383227,2169,0,1383227,0.16,0,1.0027256904297095
03-22-2022,1387034,2169,0,1387034,0.16,0,1.0027522597520147
03-23-2022,1390035,2339,0,1390035,0.17,0,1.002163609543818
03-24-2022,1393061,2339,0,1393061,0.17,0,1.002176923602643
03-25-2022,1395556,2339,0,1395556,0.17,0,1.0017910199194435
03-26-2022,1396911,2339,0,1396911,0.17,0,1.0009709391812296
03-27-2022,1397638,2339,0,1397638,0.17,0,1.0005204340147655
03-28-2022,1399714,2339,0,1399714,0.17,0,1.0014853631627074
03-29-2022,1402219,2339,0,1402219,0.17,0,1.0017896513144828
03-30-2022,1404207,2518,0,1404207,0.18,0,1.001417752861714
03-31-2022,1405960,2518,0,1405960,0.18,0,1.001248391440863
04-01-2022,1407422,2518,0,1407422,0.18,0,1.0010398588864549
04-02-2022,1408257,2518,0,1408257,0.18,0,1.0005932833222728
04-03-2022,1408708,2518,0,1408708,0.18,0,1.0003202540445388
04-04-2022,1410051,2518,0,1410051,0.18,0,1.000953355840955
04-05-2022,1411550,2518,0,1411550,0.18,0,1.0010630821154696
04-06-2022,1412969,2667,0,1412969,0.19,0,1.001005277886012
04-07-2022,1413957,2667,0,1413957,0.19,0,1.000699236855161
04-08-2022,1414993,2667,0,1414993,0.19,0,1.000732695548733
04-09-2022,1415609,2667,0,1415609,0.19,0,1.0004353378426607
04-10-2022,1415928,2667,0,1415928,0.19,0,1.0002253447102978
04-11-2022,1416712,2667,0,1416712,0.19,0,1.0005537004706453
04-12-2022,1417631,2667,0,1417631,0.19,0,1.000648685124429
04-13-2022,1417631,2667,0,1417631,0.19,0,1.0
04-14-2022,1418814,2783,0,1418814,0.2,0,1.0008344907807463
04-15-2022,1419096,2783,0,1419096,0.2,0,1.0001987575538442
04-16-2022,1419507,2783,0,1419507,0.2,0,1.0002896209981567
04-17-2022,1419729,2783,0,1419729,0.2,0,1.000156392324941
04-18-2022,1420033,2783,0,1420033,0.2,0,1.000214125371814
04-19-2022,1420750,2783,0,1420750,0.2,0,1.0005049178434586
04-20-2022,1421691,2871,0,1421691,0.2,0,1.000662326236143
04-21-2022,1422583,2871,0,1422583,0.2,0,1.0006274218518652
04-22-2022,1423220,2871,0,1423220,0.2,0,1.0004477770365596
04-23-2022,1423509,2871,0,1423509,0.2,0,1.000203060665252
04-24-2022,1423629,2871,0,1423629,0.2,0,1.0000842987294074
04-25-2022,1424180,2871,0,1424180,0.2,0,1.000387039038963
04-26-2022,1424672,2871,0,1424672,0.2,0,1.0003454619500345
04-27-2022,1425079,2932,0,1425079,0.21,0,1.0002856797915591
04-28-2022,1425464,2932,0,1425464,0.21,0,1.0002701604612796
04-29-2022,1425809,2932,0,1425809,0.21,0,1.000242026455947
04-30-2022,1426013,2932,0,1426013,0.21,0,1.0001430766673516
05-01-2022,1426128,2932,0,1426128,0.21,0,1.0000806444261028
05-02-2022,1426491,2932,0,1426491,0.21,0,1.0002545353572752
05-03-2022,1426798,2932,0,1426798,0.21,0,1.0002152134152966
05-04-2022,1427148,3006,0,1427148,0.21,0,1.0002453045210324
05-05-2022,1427485,3006,0,1427485,0.21,0,1.0002361352851983
05-06-2022,1427790,3006,0,1427790,0.21,0,1.000213662490324
05-07-2022,1427956,3006,0,1427956,0.21,0,1.000116263596187
05-08-2022,1428010,3006,0,1428010,0.21,0,1.0000378162912582
05-09-2022,1428335,3006,0,1428335,0.21,0,1.0002275894426509
05-10-2022,1428699,3006,0,1428699,0.21,0,1.0002548421763802
05-11-2022,1429064,3061,0,1429064,0.21,0,1.0002554771858874
05-12-2022,1429353,3061,0,1429353,0.21,0,1.0002022302710025
05-13-2022,1429630,3061,0,1429630,0.21,0,1.000193793975316
05-14-2022,1429717,3061,0,1429717,0.21,0,1.0000608549065142
05-15-2022,1429771,3061,0,1429771,0.21,0,1.0000377697124676
05-16-2022,1430124,3061,0,1430124,0.21,0,1.000246892684213
05-17-2022,1430173,3061,0,1430173,0.21,0,1.0000342627632288
05-18-2022,1430531,3061,0,1430531,0.21,0,1.0002503193669576
05-19-2022,1430844,3061,0,1430844,0.21,0,1.0002187998722152
05-20-2022,1431126,3094,0,1431126,0.22,0,1.0001970864748357
05-21-2022,1431233,3094,0,1431233,0.22,0,1.0000747663028973
05-22-2022,1432335,3141,0,1432335,0.22,0,1.0007699654773192
05-23-2022,1431697,3094,0,1431697,0.22,0,1.000445426523823
05-24-2022,1431991,3094,0,1431991,0.22,0,1.0002053507131747
05-25-2022,1432335,3141,0,1432335,0.22,0,1.000240224973481
05-26-2022,1432443,3141,0,1432443,0.22,0,1.0000754013551298
05-27-2022,1432687,3141,0,1432687,0.22,0,1.0001703383659943
05-28-2022,1432831,3141,0,1432831,0.22,0,1.000100510439475
05-29-2022,1432888,3141,0,1432888,0.22,0,1.0000397813838477
05-30-2022,1433262,3141,0,1433262,0.22,0,1.0002610113281707
05-31-2022,1433641,3141,0,1433641,0.22,0,1.0002644317647436
06-01-2022,1433986,3172,0,1433986,0.22,0,1.0002406460194706
06-02-2022,1434273,3172,0,1434273,0.22,0,1.000200141423975
06-03-2022,1434653,3172,0,1434653,0.22,0,1.0002649425876384
06-04-2022,1434750,3172,0,1434750,0.22,0,1.0000676121682386
06-05-2022,1434799,3172,0,1434799,0.22,0,1.0000341522913399
06-06-2022,1434896,3172,0,1434896,0.22,0,1.0000676052882669
06-07-2022,1435285,3172,0,1435285,0.22,0,1.000271099787023
06-08-2022,1435512,3210,0,1435512,0.22,0,1.0001581567423892
06-09-2022,1436118,3210,0,1436118,0.22,0,1.0004221490311471
06-10-2022,1436598,3210,0,1436598,0.22,0,1.0003342343734987
06-11-2022,1436759,3210,0,1436759,0.22,0,1.0001120703216906
06-12-2022,1436855,3210,0,1436855,0.22,0,1.000066817051433
06-13-2022,1437343,3210,0,1437343,0.22,0,1.0003396306516663
06-14-2022,1437767,3210,0,1437767,0.22,0,1.0002949887396397
06-15-2022,1438244,3250,0,1438244,0.23,0,1.0003317644653131
06-16-2022,1438813,3250,0,1438813,0.23,0,1.0003956213271183
06-17-2022,1439408,3250,0,1439408,0.23,0,1.0004135353239094
06-18-2022,1439656,3250,0,1439656,0.23,0,1.000172293053811
06-19-2022,1439751,3250,0,1439751,0.23,0,1.000065987986019
06-20-2022,1440517,3250,0,1440517,0.23,0,1.0005320364424126
06-21-2022,1441164,3250,0,1441164,0.23,0,1.0004491443002754
06-22-2022,1442071,3280,0,1442071,0.23,0,1.0006293523846002
06-23-2022,1442891,3280,0,1442891,0.23,0,1.0005686266487572
06-24-2022,1443637,3280,0,1443637,0.23,0,1.0005170175709739
06-25-2022,1444043,3280,0,1444043,0.23,0,1.0002812341329572
06-26-2022,1444193,3280,0,1444193,0.23,0,1.0001038750231122
06-27-2022,1445034,3280,0,1445034,0.23,0,1.000582332139818
06-28-2022,1445824,3280,0,1445824,0.23,0,1.0005466999392403
06-29-2022,1446564,3337,0,1446564,0.23,0,1.00051181886592
06-30-2022,1447270,3337,0,1447270,0.23,0,1.000488053069204
07-01-2022,1447885,3337,0,1447885,0.23,0,1.000424937986692
07-02-2022,1448116,3337,0,1448116,0.23,0,1.0001595430576324
07-03-2022,1448228,3337,0,1448228,0.23,0,1.0000773418704025
07-04-2022,1448679,3337,0,1448679,0.23,0,1.000311415053431
07-05-2022,1449207,3337,0,1449207,0.23,0,1.0003644699757503
07-06-2022,1449639,3415,0,1449639,0.24,0,1.0002980940610968
07-07-2022,1450111,3415,0,1450111,0.24,0,1.0003255983041295
07-08-2022,1450491,3415,0,1450491,0.24,0,1.0002620489052216
07-09-2022,1450634,3415,0,1450634,0.24,0,1.0000985873059536
07-10-2022,1450730,3415,0,1450730,0.24,0,1.0000661779608089
07-11-2022,1451104,3415,0,1451104,0.24,0,1.0002578012448906
07-12-2022,1451515,3415,0,1451515,0.24,0,1.0002832326283988
07-13-2022,1451854,3504,0,1451854,0.24,0,1.0002335490849217
07-14-2022,1452176,3504,0,1452176,0.24,0,1.000221785386134
07-15-2022,1452521,3504,0,1452521,0.24,0,1.000237574508875
07-16-2022,1452668,3504,0,1452668,0.24,0,1.000101203356096
07-17-2022,1452755,3504,0,1452755,0.24,0,1.0000598898027628
07-18-2022,1453071,3504,0,1453071,0.24,0,1.0002175177507564
07-19-2022,1453430,3504,0,1453430,0.24,0,1.0002470629446187
07-20-2022,1453714,3596,0,1453714,0.25,0,1.000195399847258
07-21-2022,1453985,3596,0,1453985,0.25,0,1.0001864190617962
07-22-2022,1454266,3596,0,1454266,0.25,0,1.0001932619662515
07-23-2022,1454365,3596,0,1454365,0.25,0,1.0000680755790206
07-24-2022,1454423,3596,0,1454423,0.25,0,1.000039879947606
07-25-2022,1454675,3596,0,1454675,0.25,0,1.0001732645867123
07-26-2022,1454931,3623,0,1454931,0.25,0,1.000175984326396
07-27-2022,1455162,3623,0,1455162,0.25,0,1.0001587704159167
07-28-2022,1455414,3623,0,1455414,0.25,0,1.0001731765947708
07-29-2022,1455608,3623,0,1455608,0.25,0,1.0001332954059807
07-30-2022,1455732,3623,0,1455732,0.25,0,1.0000851877703338
07-31-2022,1455796,3623,0,1455796,0.25,0,1.000043964136256
08-01-2022,1456038,3623,0,1456038,0.25,0,1.0001662320819675
08-02-2022,1456268,3623,0,1456268,0.25,0,1.0001579629103086
08-03-2022,1456493,3623,0,1456493,0.25,0,1.0001545045280127
08-04-2022,1456672,3623,0,1456672,0.25,0,1.0001228979473296
08-05-2022,1456851,3623,0,1456851,0.25,0,1.0001228828452802
08-06-2022,1456922,3623,0,1456922,0.25,0,1.0000487352515803
08-07-2022,1456960,3623,0,1456960,0.25,0,1.0000260823846439
08-08-2022,1457187,3623,0,1457187,0.25,0,1.0001558038655831
08-09-2022,1457385,3834,0,1457385,0.26,0,1.0001358782366299
08-10-2022,1457587,3834,0,1457587,0.26,0,1.0001386044181875
08-11-2022,1457792,3834,0,1457792,0.26,0,1.0001406434058482
08-12-2022,1457988,3834,0,1457988,0.26,0,1.0001344499078058
08-13-2022,1458057,3834,0,1458057,0.26,0,1.000047325492391
08-14-2022,1458092,3834,0,1458092,0.26,0,1.000024004548519
08-15-2022,1458291,3834,0,1458291,0.26,0,1.0001364797283026
08-16-2022,1458460,3890,0,1458460,0.27,0,1.0001158890783801
08-17-2022,1458603,3890,0,1458603,0.27,0,1.0000980486266335
08-18-2022,1458751,3890,0,1458751,0.27,0,1.0001014669515969
08-19-2022,1458896,3890,0,1458896,0.27,0,1.000099400103239
08-20-2022,1458952,3890,0,1458952,0.27,0,1.000038385189897
08-21-2022,1458987,3890,0,1458987,0.27,0,1.0000239898228318
08-22-2022,1459129,3890,0,1459129,0.27,0,1.000097327803469
08-23-2022,1459273,3908,0,1459273,0.27,0,1.0000986890124177
08-24-2022,1459426,3908,0,1459426,0.27,0,1.0001048467284737
08-25-2022,1459526,3953,0,1459526,0.27,0,1.000068520089405
08-26-2022,1459661,3953,0,1459661,0.27,0,1.0000924957828774
08-27-2022,1459704,3953,0,1459704,0.27,0,1.0000294588949077
08-28-2022,1459723,3953,0,1459723,0.27,0,1.000013016337559
08-29-2022,1459868,3953,0,1459868,0.27,0,1.0000993339147222
08-30-2022,1460011,3980,0,1460011,0.27,0,1.0000979540616002
08-31-2022,1460127,3980,0,1460127,0.27,0,1.0000794514561877
09-01-2022,1460246,3980,0,1460246,0.27,0,1.0000814997599523
09-02-2022,1460366,3980,0,1460366,0.27,0,1.000082177934403
09-03-2022,1460405,3980,0,1460405,0.27,0,1.000026705634067
09-04-2022,1460431,3980,0,1460431,0.27,0,1.0000178032805969
09-05-2022,1460554,3980,0,1460554,0.27,0,1.0000842217126313
09-06-2022,1460659,4004,0,1460659,0.27,0,1.00007189052921
09-07-2022,1460759,4004,0,1460759,0.27,0,1.0000684622488891
09-08-2022,1460826,4004,0,1460826,0.27,0,1.0000458665666274
09-09-2022,1460930,4004,0,1460930,0.27,0,1.0000711925992556
09-10-2022,1460970,4004,0,1460970,0.27,0,1.000027379819704
09-11-2022,1460995,4004,0,1460995,0.27,0,1.0000171119187937
09-12-2022,1461119,4004,0,1461119,0.27,0,1.0000848736648653
09-13-2022,1461206,4004,0,1461206,0.27,0,1.0000595434047466
09-14-2022,1461296,4038,0,1461296,0.28,0,1.0000615929581456
09-15-2022,1461388,4038,0,1461388,0.28,0,1.0000629578127909
09-16-2022,1461461,4038,0,1461461,0.28,0,1.0000499525109006
09-17-2022,1461488,4038,0,1461488,0.28,0,1.0000184746633678
09-18-2022,1461513,4038,0,1461513,0.28,0,1.00001710585376
09-19-2022,1461593,4038,0,1461593,0.28,0,1.0000547377956952
09-20-2022,1461667,4065,0,1461667,0.28,0,1.0000506296896605
09-21-2022,1461744,4065,0,1461744,0.28,0,1.000052679577496
09-22-2022,1461810,4065,0,1461810,0.28,0,1.0000451515450037
09-23-2022,1461884,4065,0,1461884,0.28,0,1.0000506221738803
09-24-2022,1461913,4065,0,1461913,0.28,0,1.0000198374152807
09-25-2022,1461945,4065,0,1461945,0.28,0,1.0000218891274653
09-26-2022,1462050,4065,0,1462050,0.28,0,1.0000718221273714
09-27-2022,1462164,4098,0,1462164,0.28,0,1.0000779727095517
09-28-2022,1462238,4098,0,1462238,0.28,0,1.0000506099179025
09-29-2022,1462318,4098,0,1462318,0.28,0,1.0000547106558577
09-30-2022,1462408,4098,0,1462408,0.28,0,1.0000615461206113
10-01-2022,1462437,4098,0,1462437,0.28,0,1.000019830307274
10-02-2022,1462456,4098,0,1462456,0.28,0,1.0000129920126475
10-03-2022,1462560,4098,0,1462560,0.28,0,1.0000711132505866
10-04-2022,1462647,4121,0,1462647,0.28,0,1.0000594847390876
10-05-2022,1462738,4121,0,1462738,0.28,0,1.0000622159687198
10-06-2022,1462817,4121,0,1462817,0.28,0,1.0000540083049734
10-07-2022,1462908,4121,0,1462908,0.28,0,1.0000622087383453
10-08-2022,1462945,4121,0,1462945,0.28,0,1.0000252920894548
10-09-2022,1462971,4121,0,1462971,0.28,0,1.0000177723701165
10-10-2022,1463093,4121,0,1463093,0.28,0,1.0000833919469354
10-11-2022,1463170,4153,0,1463170,0.28,0,1.0000526282334752
10-12-2022,1463252,4153,0,1463252,0.28,0,1.000056042701805
10-13-2022,1463324,4153,0,1463324,0.28,0,1.0000492054683676
10-14-2022,1463397,4153,0,1463397,0.28,0,1.0000498864229659
10-15-2022,1463438,4153,0,1463438,0.28,0,1.0000280170042715
10-16-2022,1463464,4153,0,1463464,0.28,0,1.0000177663829968
10-17-2022,1463571,4153,0,1463571,0.28,0,1.000073114200281
10-18-2022,1463668,4153,0,1463668,0.28,0,1.0000662762517158
10-19-2022,1463751,4154,0,1463751,0.28,0,1.0000567068488209
10-20-2022,1463839,4187,0,1463839,0.29,0,1.0000601195148628
10-21-2022,1463927,4187,0,1463927,0.29,0,1.000060115900724
10-22-2022,1463958,4187,0,1463958,0.29,0,1.000021175919291
10-23-2022,1463998,4187,0,1463998,0.29,0,1.0000273231882335
10-24-2022,1464124,4187,0,1464124,0.29,0,1.0000860656913466
10-25-2022,1464236,4208,0,1464236,0.29,0,1.0000764962530495
10-26-2022,1464381,4208,0,1464381,0.29,0,1.000099027752357
10-27-2022,1464520,4208,0,1464520,0.29,0,1.0000949206524805
10-28-2022,1464651,4208,0,1464651,0.29,0,1.0000894491027776
10-29-2022,1464715,4208,0,1464715,0.29,0,1.0000436964164159
10-30-2022,1464752,4208,0,1464752,0.29,0,1.0000252608869302
10-31-2022,1464946,4208,0,1464946,0.29,0,1.0001324456290213
11-01-2022,1465102,4238,0,1465102,0.29,0,1.000106488566814
11-02-2022,1465238,4238,0,1465238,0.29,0,1.0000928263015134
11-03-2022,1465398,4238,0,1465398,0.29,0,1.0001091972771659
11-04-2022,1465523,4238,0,1465523,0.29,0,1.0000853010581425
11-05-2022,1465584,4238,0,1465584,0.29,0,1.0000416233658564
11-06-2022,1465631,4238,0,1465631,0.29,0,1.0000320691273923
11-07-2022,1465824,4238,0,1465824,0.29,0,1.0001316838958783
11-08-2022,1465992,4238,0,1465992,0.29,0,1.0001146113039492
11-09-2022,1466164,4286,0,1466164,0.29,0,1.0001173266975536
11-10-2022,1466313,4286,0,1466313,0.29,0,1.0001016257390032
11-11-2022,1466466,4286,0,1466466,0.29,0,1.0001043433427925
11-12-2022,1466523,4286,0,1466523,0.29,0,1.0000388689543434
11-13-2022,1466568,4286,0,1466568,0.29,0,1.0000306848238998
11-14-2022,1466725,4286,0,1466725,0.29,0,1.0001070526562696
11-15-2022,1466855,4286,0,1466855,0.29,0,1.0000886328384666
11-16-2022,1466962,4286,0,1466962,0.29,0,1.0000729451786305
11-17-2022,1467160,4286,0,1467160,0.29,0,1.000134972821382
11-18-2022,1467328,4325,0,1467328,0.29,0,1.0001145069385753
11-19-2022,1467402,4325,0,1467402,0.29,0,1.000050431805295
11-20-2022,1467455,4325,0,1467455,0.29,0,1.0000361182552566
11-21-2022,1467622,4332,0,1467622,0.3,0,1.0001138024675373
11-22-2022,1467775,4332,0,1467775,0.3,0,1.0001042502769786
11-23-2022,1467945,4332,0,1467945,0.3,0,1.000115821566657
11-24-2022,1468135,4332,0,1468135,0.3,0,1.0001294326422312
11-25-2022,1468341,4384,0,1468341,0.3,0,1.0001403140719347
11-26-2022,1468419,4384,0,1468419,0.3,0,1.0000531211755308
11-27-2022,1468473,4384,0,1468473,0.3,0,1.0000367742449532
11-28-2022,1468663,4384,0,1468663,0.3,0,1.0001293861037963
11-29-2022,1468876,4384,0,1468876,0.3,0,1.0001450298673011
11-30-2022,1469061,4384,0,1469061,0.3,0,1.0001259466421943
12-01-2022,1469233,4384,0,1469233,0.3,0,1.0001170815915745
12-02-2022,1469419,4439,0,1469419,0.3,0,1.000126596666424
12-03-2022,1469494,4439,0,1469494,0.3,0,1.0000510405813454
12-04-2022,1469560,4439,0,1469560,0.3,0,1.000044913419177
12-05-2022,1469778,4439,0,1469778,0.3,0,1.0001483437219303
12-06-2022,1469983,4439,0,1469983,0.3,0,1.0001394768461631
12-07-2022,1470201,4439,0,1470201,0.3,0,1.0001483010347738
12-08-2022,1470431,4498,0,1470431,0.31,0,1.0001564411940953
12-09-2022,1470650,4498,0,1470650,0.31,0,1.000148935924229
12-10-2022,1470753,4498,0,1470753,0.31,0,1.0000700370584434
12-11-2022,1470838,4498,0,1470838,0.31,0,1.0000577935248134
12-12-2022,1471132,4498,0,1471132,0.31,0,1.000199886051353
12-13-2022,1471342,4498,0,1471342,0.31,0,1.0001427472177888
12-14-2022,1471598,4498,0,1471598,0.31,0,1.0001739908192657
12-15-2022,1471834,4498,0,1471834,0.31,0,1.000160369883623
12-16-2022,1472090,4571,0,1472090,0.31,0,1.0001739326581667
12-17-2022,1472199,4571,0,1472199,0.31,0,1.000074044385873
12-18-2022,1472301,4571,0,1472301,0.31,0,1.0000692841117267
12-19-2022,1472611,4571,0,1472611,0.31,0,1.0002105547710691
12-20-2022,1472878,4571,0,1472878,0.31,0,1.000181310610881
12-21-2022,1473207,4571,0,1473207,0.31,0,1.000223372200549
12-22-2022,1473504,4670,0,1473504,0.32,0,1.0002016009970085
12-23-2022,1473710,4670,0,1473710,0.32,0,1.0001398028101722
12-24-2022,1473848,4670,0,1473848,0.32,0,1.0000936412184216
12-25-2022,1473917,4670,0,1473917,0.32,0,1.0000468162252825
12-26-2022,1474030,4670,0,1474030,0.32,0,1.0000766664608658
12-27-2022,1474315,4670,0,1474315,0.32,0,1.0001933474895355
12-28-2022,1474517,4670,0,1474517,0.32,0,1.0001370127822073
12-29-2022,1474732,4670,0,1474732,0.32,0,1.0001458104586112
12-30-2022,1474952,4670,0,1474952,0.32,0,1.0001491796475563
12-31-2022,1475077,4670,0,1475077,0.32,0,1.00008474852063
01-01-2023,1475148,4670,0,1475148,0.32,0,1.0000481330805104
01-02-2023,1475396,4670,0,1475396,0.32,0,1.0001681187243585
01-03-2023,1475588,4770,0,1475588,0.32,0,1.0001301345537064
01-04-2023,1475786,4770,0,1475786,0.32,0,1.0001341837965612
01-05-2023,1475966,4770,0,1475966,0.32,0,1.0001219689033505
01-06-2023,1476141,4859,0,1476141,0.33,0,1.0001185664168415
01-07-2023,1476206,4859,0,1476206,0.33,0,1.0000440337339047
01-08-2023,1476255,4859,0,1476255,0.33,0,1.0000331931993232
01-09-2023,1476403,4859,0,1476403,0.33,0,1.00010025368246
01-10-2023,1476541,4859,0,1476541,0.33,0,1.0000934704142432
01-11-2023,1476667,4859,0,1476667,0.33,0,1.000085334575877
01-12-2023,1476754,4859,0,1476754,0.33,0,1.0000589164652558
01-13-2023,1476876,4963,0,1476876,0.34,0,1.0000826136242056
01-14-2023,1476917,4963,0,1476917,0.34,0,1.0000277613015582
01-15-2023,1476947,4963,0,1476947,0.34,0,1.0000203125835778
01-16-2023,1477044,4963,0,1477044,0.34,0,1.0000656760195186
01-17-2023,1477128,4963,0,1477128,0.34,0,1.0000568703437407
01-18-2023,1477205,4963,0,1477205,0.34,0,1.0000521281838812
01-19-2023,1477276,4963,0,1477276,0.34,0,1.0000480637419993
01-20-2023,1477344,5036,0,1477344,0.34,0,1.0000460306672552
01-21-2023,1477357,5036,0,1477357,0.34,0,1.0000087995754543
01-22-2023,1477383,5036,0,1477383,0.34,0,1.000017598996045
01-23-2023,1477446,5036,0,1477446,0.34,0,1.0000426429707123
01-24-2023,1477514,5036,0,1477514,0.34,0,1.0000460253708088
01-25-2023,1477567,5036,0,1477567,0.34,0,1.0000358710645043
01-26-2023,1477620,5112,0,1477620,0.35,0,1.000035869777817
01-27-2023,1477677,5112,0,1477677,0.35,0,1.0000385755471637
01-28-2023,1477715,5112,0,1477715,0.35,0,1.0000257160394321
01-29-2023,1477737,5112,0,1477737,0.35,0,1.0000148878504989
01-30-2023,1477784,5112,0,1477784,0.35,0,1.0000318053889157
01-31-2023,1477856,5112,0,1477856,0.35,0,1.0000487215993676
02-01-2023,1477902,5112,0,1477902,0.35,0,1.000031126171968
02-02-2023,1477954,5112,0,1477954,0.35,0,1.0000351850122673
02-03-2023,1478002,5137,0,1478002,0.35,0,1.000032477330147
02-04-2023,1478025,5137,0,1478025,0.35,0,1.0000155615486312
02-05-2023,1478042,5137,0,1478042,0.35,0,1.0000115018352194
02-06-2023,1478095,5137,0,1478095,0.35,0,1.0000358582503068
02-07-2023,1478148,5137,0,1478148,0.35,0,1.000035856964539
02-08-2023,1478208,5137,0,1478208,0.35,0,1.0000405913345618
02-09-2023,1478247,5137,0,1478247,0.35,0,1.000026383296532
02-10-2023,1478247,5152,0,1478247,0.35,0,1.0
02-11-2023,1478287,5152,0,1478287,0.35,0,1.0000270590774072
02-12-2023,1478328,5152,0,1478328,0.35,0,1.0000277348038642
02-13-2023,1478395,5152,0,1478395,0.35,0,1.0000453214712837
02-14-2023,1478434,5152,0,1478434,0.35,0,1.0000263799593478
02-15-2023,1478489,5152,0,1478489,0.35,0,1.0000372015253978
02-16-2023,1478536,5152,0,1478536,0.35,0,1.0000317892118238
02-17-2023,1478584,5175,0,1478584,0.35,0,1.0000324645460104
02-18-2023,1478609,5175,0,1478609,0.35,0,1.000016908068801
02-19-2023,1478634,5175,0,1478634,0.35,0,1.000016907782923
02-20-2023,1478672,5175,0,1478672,0.35,0,1.0000256993955232
02-21-2023,1478719,5175,0,1478719,0.35,0,1.0000317852776004
02-22-2023,1478767,5175,0,1478767,0.35,0,1.0000324605283357
02-23-2023,1478817,5175,0,1478817,0.35,0,1.0000338119527958
02-24-2023,1478865,5175,0,1478865,0.35,0,1.000032458377203
02-25-2023,1478888,5175,0,1478888,0.35,0,1.0000155524676018
02-26-2023,1478907,5175,0,1478907,0.35,0,1.0000128474908174
02-27-2023,1478979,5175,0,1478979,0.35,0,1.0000486846028858
02-28-2023,1479032,5175,0,1479032,0.35,0,1.0000358355324857
03-01-2023,1479087,5175,0,1479087,0.35,0,1.0000371864841329
03-02-2023,1479149,5213,0,1479149,0.35,0,1.0000419177506124
03-03-2023,1479208,5213,0,1479208,0.35,0,1.00003988780035
03-04-2023,1479235,5213,0,1479235,0.35,0,1.0000182530110708
03-05-2023,1479259,5213,0,1479259,0.35,0,1.0000162246025817
03-06-2023,1479334,5213,0,1479334,0.35,0,1.0000507010604633
03-07-2023,1479392,5213,0,1479392,0.35,0,1.0000392068322637
03-08-2023,1479453,5213,0,1479453,0.35,0,1.0000412331552422
03-09-2023,1479506,5213,0,1479506,0.35,0,1.0000358240511864
