date,total_confirmed,total_deaths,total_recovered,total_infected,mortality_rate,recovery_rate,daily_growth_rate
03-14-2020,3,0,0,3,0,0,1
03-15-2020,6,0,0,6,0,0,2.0
03-16-2020,6,0,0,6,0,0,1.0
03-17-2020,7,0,0,7,0,0,1.1666666666666667
03-18-2020,7,0,0,7,0,0,1.0
03-19-2020,11,0,0,11,0,0,1.5714285714285714
03-20-2020,16,0,0,16,0,0,1.4545454545454546
03-21-2020,19,1,0,19,5.26,0,1.1875
03-22-2020,23,1,0,23,4.35,0,1.2105263157894737
03-23-2020,27,2,0,27,7.41,0,1.1739130434782608
03-24-2020,53,2,0,53,3.77,0,1.9629629629629628
03-25-2020,93,4,0,93,4.3,0,1.7547169811320755
03-26-2020,132,4,1,131,3.03,0.76,1.4193548387096775
03-27-2020,137,4,2,135,2.92,1.46,1.0378787878787878
03-28-2020,141,5,2,139,3.55,1.42,1.0291970802919708
03-29-2020,152,5,2,150,3.29,1.32,1.0780141843971631
03-30-2020,152,5,2,150,3.29,1.32,1.0
03-31-2020,161,5,31,130,3.11,19.25,1.0592105263157894
04-01-2020,195,5,31,164,2.56,15.9,1.2111801242236024
04-02-2020,204,5,31,173,2.45,15.2,1.0461538461538462
04-03-2020,205,5,31,174,2.44,15.12,1.0049019607843137
04-04-2020,205,5,31,174,2.44,15.12,1.0
04-05-2020,214,5,31,183,2.34,14.49,1.0439024390243903
04-06-2020,214,5,31,183,2.34,14.49,1.0
04-07-2020,287,5,31,256,1.74,10.8,1.3411214953271027
04-08-2020,313,6,34,279,1.92,10.86,1.0905923344947734
04-09-2020,378,6,3,375,1.59,0.79,1.207667731629393
04-10-2020,378,6,4,374,1.59,1.06,1.0
04-11-2020,408,8,4,404,1.96,0.98,1.0793650793650793
04-12-2020,566,8,4,562,1.41,0.71,1.3872549019607843
04-13-2020,566,8,4,562,1.41,0.71,1.0
04-14-2020,636,8,17,619,1.26,2.67,1.1236749116607774
04-15-2020,636,8,17,619,1.26,2.67,1.0
04-16-2020,641,8,83,558,1.25,12.95,1.0078616352201257
04-17-2020,641,8,83,558,1.25,12.95,1.0
04-18-2020,834,9,99,735,1.08,11.87,1.3010920436817472
04-19-2020,1042,9,99,943,0.86,9.5,1.249400479616307
04-20-2020,1042,9,99,943,0.86,9.5,1.0
04-21-2020,1042,9,99,943,0.86,9.5,1.0
04-22-2020,1154,9,99,1055,0.78,8.58,1.107485604606526
04-23-2020,1154,9,99,1055,0.78,8.58,1.0
04-24-2020,1279,10,134,1145,0.78,10.48,1.108318890814558
04-25-2020,1279,10,134,1145,0.78,10.48,1.0
04-26-2020,1550,11,155,1395,0.71,10.0,1.2118842845973417
04-27-2020,1550,11,155,1395,0.71,10.0,1.0
04-28-2020,1671,16,188,1483,0.96,11.25,1.0780645161290323
04-29-2020,1671,16,188,1483,0.96,11.25,1.0
04-30-2020,2074,17,212,1862,0.82,10.22,1.2411729503291442
05-01-2020,2074,17,212,1862,0.82,10.22,1.0
05-02-2020,2169,18,229,1940,0.83,10.56,1.045805207328833
05-03-2020,2169,18,229,1940,0.83,10.56,1.0
05-04-2020,2719,18,294,2425,0.66,10.81,1.2535730751498386
05-05-2020,2719,18,294,2425,0.66,10.81,1.0
05-06-2020,3091,18,294,2797,0.58,9.51,1.136815005516734
05-07-2020,3091,18,303,2788,0.58,9.8,1.0
05-08-2020,4012,18,323,3689,0.45,8.05,1.2979618246522162
05-09-2020,4263,22,378,3885,0.52,8.87,1.0625623130608175
05-10-2020,4263,22,378,3885,0.52,8.87,1.0
05-11-2020,4700,22,494,4206,0.47,10.51,1.1025099695050433
05-12-2020,5127,22,494,4633,0.43,9.64,1.0908510638297872
05-13-2020,5408,24,514,4894,0.44,9.5,1.054807879851765
05-14-2020,5530,24,674,4856,0.43,12.19,1.0225591715976332
05-15-2020,5638,28,1460,4178,0.5,25.9,1.0195298372513562
05-16-2020,5735,29,1754,3981,0.51,30.58,1.0172046825115288
05-17-2020,5735,29,1754,3981,0.51,30.58,1.0
05-18-2020,5735,29,1754,3981,0.51,30.58,1.0
05-19-2020,6096,31,1773,4323,0.51,29.08,1.0629468177855275
05-20-2020,6269,31,1898,4371,0.49,30.28,1.0283792650918635
05-21-2020,6269,31,1898,4371,0.49,30.28,1.0
05-22-2020,6486,31,1951,4535,0.48,30.08,1.0346147710958686
05-23-2020,6617,31,1978,4639,0.47,29.89,1.0201973481344435
05-24-2020,6683,32,1998,4685,0.48,29.9,1.0099743085990631
05-25-2020,6808,32,2070,4738,0.47,30.41,1.018704174771809
05-26-2020,7117,34,2317,4800,0.48,32.56,1.0453877790834312
05-27-2020,7303,34,2412,4891,0.47,33.03,1.0261346072783477
05-28-2020,7303,34,2412,4891,0.47,33.03,1.0
05-29-2020,7616,34,2421,5195,0.45,31.79,1.0428590990004107
05-30-2020,7768,35,2540,5228,0.45,32.7,1.0199579831932772
05-31-2020,8070,36,2947,5123,0.45,36.52,1.038877445932029
06-01-2020,8070,36,2947,5123,0.45,36.52,1.0
06-02-2020,8297,38,2986,5311,0.46,35.99,1.0281288723667905
06-03-2020,8548,38,3132,5416,0.44,36.64,1.0302518982764854
06-04-2020,8885,38,3189,5696,0.43,35.89,1.0394244267664952
06-05-2020,9168,42,3457,5711,0.46,37.71,1.0318514350028138
06-06-2020,9462,44,3547,5915,0.47,37.49,1.0320680628272252
06-07-2020,9638,44,3636,6002,0.46,37.73,1.0186007186641302
06-08-2020,9910,48,3645,6265,0.48,36.78,1.0282216227433076
06-09-2020,10201,48,3755,6446,0.47,36.81,1.029364278506559
06-10-2020,10201,48,3755,6446,0.47,36.81,1.0
06-11-2020,10358,48,3824,6534,0.46,36.92,1.0153906479756887
06-12-2020,10856,48,3921,6935,0.44,36.12,1.0480787796871982
06-13-2020,11118,48,3979,7139,0.43,35.79,1.0241341193809874
06-14-2020,11964,54,4258,7706,0.45,35.59,1.076092822450081
06-15-2020,11964,54,4258,7706,0.45,35.59,1.0
06-16-2020,12193,58,4326,7867,0.48,35.48,1.0191407556001337
06-17-2020,12590,66,4410,8180,0.52,35.03,1.0325596653817763
06-18-2020,12929,66,4468,8461,0.51,34.56,1.026926131850675
06-19-2020,13203,70,4548,8655,0.53,34.45,1.0211926676463763
06-20-2020,13717,85,10074,3643,0.62,73.44,1.0389305460880103
06-21-2020,14154,85,10473,3681,0.6,73.99,1.031858278049136
06-22-2020,14154,85,10473,3681,0.6,73.99,1.0
06-23-2020,14568,95,10907,3661,0.65,74.87,1.0292496820686732
06-24-2020,15013,95,11078,3935,0.63,73.79,1.0305464030752334
06-25-2020,15473,95,11431,4042,0.61,73.88,1.0306401119030173
06-26-2020,15834,103,11755,4079,0.65,74.24,1.0233309636140373
06-27-2020,16431,103,12257,4174,0.63,74.6,1.0377036756347102
06-28-2020,16742,112,12720,4022,0.67,75.98,1.0189276367841276
06-29-2020,17351,112,12994,4357,0.65,74.89,1.0363755823676981
06-30-2020,17741,112,13268,4473,0.63,74.79,1.022477090657599
07-01-2020,18134,117,13550,4584,0.65,74.72,1.0221520771095203
07-02-2020,18134,117,13550,4584,0.65,74.72,1.0
07-03-2020,19388,117,14330,5058,0.6,73.91,1.0691518694165656
07-04-2020,19388,117,14330,5058,0.6,73.91,1.0
07-05-2020,20085,122,14870,5215,0.61,74.04,1.0359500722096142
07-06-2020,21077,129,16070,5007,0.61,76.24,1.0493900921085386
07-07-2020,21968,129,17156,4812,0.59,78.1,1.0422735683446411
07-08-2020,22822,129,17564,5258,0.57,76.96,1.0388747268754552
07-09-2020,23463,129,18622,4841,0.55,79.37,1.028086933660503
07-10-2020,23834,135,19212,4622,0.57,80.61,1.0158121297361804
07-11-2020,24248,135,19831,4417,0.56,81.78,1.0173701434924898
07-12-2020,24518,139,20187,4331,0.57,82.34,1.0111349389640383
07-13-2020,24988,139,21067,3921,0.56,84.31,1.019169589689208
07-14-2020,24988,139,21067,3921,0.56,84.31,1.0
07-15-2020,25430,139,21511,3919,0.55,84.59,1.0176884904754282
07-16-2020,26125,139,22270,3855,0.53,85.24,1.0273299252850963
07-17-2020,26572,144,22915,3657,0.54,86.24,1.01711004784689
07-18-2020,27060,145,23044,4016,0.54,85.16,1.0183651964473883
07-19-2020,27667,148,23249,4418,0.53,84.03,1.0224316334072432
07-20-2020,28430,153,24901,3529,0.54,87.59,1.0275779809881809
07-21-2020,28989,153,25331,3658,0.53,87.38,1.0196623285262048
07-22-2020,29672,153,26090,3582,0.52,87.93,1.0235606609403567
07-23-2020,29672,153,26090,3582,0.52,87.93,1.0
07-24-2020,31057,161,27801,3256,0.52,89.52,1.046677001887301
07-25-2020,31851,161,28438,3413,0.51,89.28,1.025565894967318
07-26-2020,32969,168,29494,3475,0.51,89.46,1.0351009387460361
07-27-2020,33624,168,29801,3823,0.5,88.63,1.0198671479268404
07-28-2020,34406,168,30621,3785,0.49,89.0,1.0232571972400666
07-29-2020,35142,175,31286,3856,0.5,89.03,1.0213916177410918
07-30-2020,35142,175,31286,3856,0.5,89.03,1.0
07-31-2020,35501,182,32096,3405,0.51,90.41,1.0102156963177964
08-01-2020,37014,182,33365,3649,0.49,90.14,1.0426185177882312
08-02-2020,37014,182,33365,3649,0.49,90.14,1.0
08-03-2020,37812,191,34313,3499,0.51,90.75,1.0215594099529908
08-04-2020,37812,191,34313,3499,0.51,90.75,1.0
08-05-2020,39075,199,35563,3512,0.51,91.01,1.0334020945731515
08-06-2020,39642,199,36384,3258,0.5,91.78,1.014510556621881
08-07-2020,40097,206,36638,3459,0.51,91.37,1.0114777256445184
08-08-2020,40533,206,37702,2831,0.51,93.02,1.010873631443749
08-09-2020,41003,215,38330,2673,0.52,93.48,1.011595490094491
08-10-2020,41212,215,38727,2485,0.52,93.97,1.0050971880106334
08-11-2020,41404,215,39055,2349,0.52,94.33,1.004658837231874
08-12-2020,41572,223,39320,2252,0.54,94.58,1.0040575789778765
08-13-2020,41725,223,39495,2230,0.53,94.66,1.0036803617819687
08-14-2020,41847,223,39718,2129,0.53,94.91,1.0029239065308568
08-15-2020,42210,231,40147,2063,0.55,95.11,1.008674456950319
08-16-2020,42532,231,40362,2170,0.54,94.9,1.0076285240464344
08-17-2020,42653,239,40567,2086,0.56,95.11,1.0028449167685507
08-18-2020,42993,248,40796,2197,0.58,94.89,1.0079713033080908
08-19-2020,43094,256,40963,2131,0.59,95.05,1.0023492196404067
08-20-2020,43260,261,41276,1984,0.6,95.41,1.0038520443681256
08-21-2020,43325,261,41408,1917,0.6,95.58,1.0015025427646786
08-22-2020,43325,261,41408,1917,0.6,95.58,1.0
08-23-2020,43505,261,41532,1973,0.6,95.46,1.0041546451240624
08-24-2020,43622,263,41695,1927,0.6,95.58,1.002689346052178
08-25-2020,43717,270,41843,1874,0.62,95.71,1.0021778001925634
08-26-2020,43769,270,42048,1721,0.62,96.07,1.001189468627765
08-27-2020,43841,270,42246,1595,0.62,96.36,1.001644999885764
08-28-2020,43949,270,42392,1557,0.61,96.46,1.002463447457859
08-29-2020,44118,270,42581,1537,0.61,96.52,1.0038453662199367
08-30-2020,44205,276,42777,1428,0.62,96.77,1.0019719842241261
08-31-2020,44298,276,42963,1335,0.62,96.99,1.0021038344078723
09-01-2020,44460,276,43121,1339,0.62,96.99,1.003657049979683
09-02-2020,44658,276,43478,1180,0.62,97.36,1.0044534412955466
09-03-2020,44713,280,43577,1136,0.63,97.46,1.0012315822473017
09-04-2020,44777,283,43693,1084,0.63,97.58,1.0014313510612127
09-05-2020,44777,283,43693,1084,0.63,97.58,1.0
09-06-2020,44777,283,43693,1084,0.63,97.58,1.0
09-07-2020,44869,283,43801,1068,0.63,97.62,1.0020546262590169
09-08-2020,45012,283,43898,1114,0.63,97.53,1.0031870556508948
09-09-2020,45313,283,44188,1125,0.62,97.52,1.0066871056607127
09-10-2020,45313,283,44188,1125,0.62,97.52,1.0
09-11-2020,45388,285,44267,1121,0.63,97.53,1.0016551541500232
09-12-2020,45434,286,44342,1092,0.63,97.6,1.0010134837401956
09-13-2020,45434,286,44342,1092,0.63,97.6,1.0
09-14-2020,45601,294,44679,922,0.64,97.98,1.0036756613989524
09-15-2020,45655,294,44797,858,0.64,98.12,1.0011841845573561
09-16-2020,45655,294,44797,858,0.64,98.12,1.0
09-17-2020,45714,294,44896,818,0.64,98.21,1.001292300952798
09-18-2020,45760,295,44973,787,0.64,98.28,1.0010062562891018
09-19-2020,45877,297,45081,796,0.65,98.26,1.002556818181818
09-20-2020,46004,297,45153,851,0.65,98.15,1.0027682716829784
09-21-2020,46062,297,45258,804,0.64,98.25,1.0012607599339187
09-22-2020,46062,297,45258,804,0.64,98.25,1.0
09-23-2020,46153,299,45299,854,0.65,98.15,1.0019755981068994
09-24-2020,46222,299,45417,805,0.65,98.26,1.001495027408836
09-25-2020,46222,299,45417,805,0.65,98.26,1.0
09-26-2020,46222,299,45417,805,0.65,98.26,1.0
09-27-2020,46387,299,45618,769,0.64,98.34,1.0035697287006187
09-28-2020,46444,299,45646,798,0.64,98.28,1.0012287925496368
09-29-2020,46482,301,45651,831,0.65,98.21,1.000818189647748
09-30-2020,46626,301,45757,869,0.65,98.14,1.0030979734090615
10-01-2020,46656,301,45942,714,0.65,98.47,1.0006434178355423
10-02-2020,46694,301,45945,749,0.64,98.4,1.0008144718792866
10-03-2020,46803,303,46006,797,0.65,98.3,1.0023343470253137
10-04-2020,46829,303,46060,769,0.65,98.36,1.0005555199453027
10-05-2020,46829,303,46060,769,0.65,98.36,1.0
10-06-2020,46829,303,46060,769,0.65,98.36,1.0
10-07-2020,46829,303,46060,769,0.65,98.36,1.0
10-08-2020,46947,306,46259,688,0.65,98.53,1.0025198061030558
10-09-2020,46987,306,46378,609,0.65,98.7,1.0008520246235115
10-10-2020,47005,306,46398,607,0.65,98.71,1.0003830846829975
10-11-2020,47005,306,46398,607,0.65,98.71,1.0
10-12-2020,47030,308,46424,606,0.65,98.71,1.0005318583129454
10-13-2020,47126,310,46469,657,0.66,98.61,1.0020412502657878
10-14-2020,47126,310,46469,657,0.66,98.61,1.0
10-15-2020,47173,310,46527,646,0.66,98.63,1.000997326316683
10-16-2020,47173,310,46527,646,0.66,98.63,1.0
10-17-2020,47232,310,46578,654,0.66,98.62,1.0012507154516355
10-18-2020,47310,310,46618,692,0.66,98.54,1.0016514227642277
10-19-2020,47372,310,46664,708,0.65,98.51,1.001310505178609
10-20-2020,47461,312,46752,709,0.66,98.51,1.0018787469391202
10-21-2020,47461,312,46752,709,0.66,98.51,1.0
10-22-2020,47538,312,46789,749,0.66,98.42,1.001622384694802
10-23-2020,47601,314,46824,777,0.66,98.37,1.0013252555850056
10-24-2020,47690,316,46887,803,0.66,98.32,1.001869708619567
10-25-2020,47690,316,46887,803,0.66,98.32,1.0
10-26-2020,47775,316,46971,804,0.66,98.32,1.0017823443069827
10-27-2020,47775,316,46971,804,0.66,98.32,1.0
10-28-2020,47775,316,46971,804,0.66,98.32,1.0
10-29-2020,48055,320,47169,886,0.67,98.16,1.0058608058608058
10-30-2020,48055,320,47169,886,0.67,98.16,1.0
10-31-2020,48055,320,47169,886,0.67,98.16,1.0
11-01-2020,48124,320,47215,909,0.66,98.11,1.001435854749766
11-02-2020,48200,320,47260,940,0.66,98.05,1.00157925359488
11-03-2020,48200,320,47260,940,0.66,98.05,1.0
11-04-2020,48643,320,47446,1197,0.66,97.54,1.0091908713692945
11-05-2020,48788,320,47521,1267,0.66,97.4,1.0029809016713607
11-06-2020,48788,320,47521,1267,0.66,97.4,1.0
11-07-2020,48904,320,47611,1293,0.65,97.36,1.002377633844388
11-08-2020,49102,320,47726,1376,0.65,97.2,1.0040487485686242
11-09-2020,49202,320,47726,1476,0.65,97.0,1.0020365769215103
11-10-2020,49302,320,47843,1459,0.65,97.04,1.0020324377057843
11-11-2020,49302,320,47843,1459,0.65,97.04,1.0
11-12-2020,49957,320,48096,1861,0.64,96.27,1.013285465092694
11-13-2020,50018,320,48179,1839,0.64,96.32,1.0012210501030887
11-14-2020,50018,320,48179,1839,0.64,96.32,1.0
11-15-2020,50123,322,48328,1795,0.64,96.42,1.002099244272062
11-16-2020,50376,323,48626,1750,0.64,96.53,1.0050475829459529
11-17-2020,50376,323,48626,1750,0.64,96.53,1.0
11-18-2020,50457,323,48710,1747,0.64,96.54,1.0016079085278704
11-19-2020,50631,323,49103,1528,0.64,96.98,1.0034484808847137
11-20-2020,50631,323,49103,1528,0.64,96.98,1.0
11-21-2020,50717,323,49281,1436,0.64,97.17,1.0016985641207956
11-22-2020,50874,323,49405,1469,0.63,97.11,1.0030956089674075
11-23-2020,50941,323,49599,1342,0.63,97.37,1.0013169792035224
11-24-2020,51184,323,50029,1155,0.63,97.74,1.0047702243772207
11-25-2020,51225,323,50127,1098,0.63,97.86,1.0008010315723663
11-26-2020,51225,323,50127,1098,0.63,97.86,1.0
11-27-2020,51225,323,50127,1098,0.63,97.86,1.0
11-28-2020,51379,323,50298,1081,0.63,97.9,1.003006344558321
11-29-2020,51569,323,50450,1119,0.63,97.83,1.0036980089141478
11-30-2020,51667,323,50547,1120,0.63,97.83,1.0019003664992534
12-01-2020,51667,323,50547,1120,0.63,97.83,1.0
12-02-2020,51667,323,50547,1120,0.63,97.83,1.0
12-03-2020,51667,323,50547,1120,0.63,97.83,1.0
12-04-2020,52096,325,50924,1172,0.62,97.75,1.0083031722375986
12-05-2020,52096,325,50924,1172,0.62,97.75,1.0
12-06-2020,52274,325,51063,1211,0.62,97.68,1.003416769041769
12-07-2020,52274,325,51063,1211,0.62,97.68,1.0
12-08-2020,52500,326,51319,1181,0.62,97.75,1.0043233729961358
12-09-2020,52622,326,51424,1198,0.62,97.72,1.0023238095238096
12-10-2020,52738,326,51518,1220,0.62,97.69,1.0022044012010185
12-11-2020,52738,326,51518,1220,0.62,97.69,1.0
12-12-2020,52933,327,51676,1257,0.62,97.63,1.003697523607266
12-13-2020,52933,327,51676,1257,0.62,97.63,1.0
12-14-2020,53014,327,51761,1253,0.62,97.64,1.0015302363365008
12-15-2020,53270,327,51965,1305,0.61,97.55,1.0048289131172898
12-16-2020,53386,327,52048,1338,0.61,97.49,1.0021775858832362
12-17-2020,53553,331,52266,1287,0.62,97.6,1.0031281609410707
12-18-2020,53653,331,52331,1322,0.62,97.54,1.00186730902097
12-19-2020,53653,331,52331,1322,0.62,97.54,1.0
12-20-2020,53653,331,52331,1322,0.62,97.54,1.0
12-21-2020,53954,333,52675,1279,0.62,97.63,1.0056101243173727
12-22-2020,53954,333,52675,1279,0.62,97.63,1.0
12-23-2020,54043,333,52777,1266,0.62,97.66,1.0016495533232013
12-24-2020,54043,333,52777,1266,0.62,97.66,1.0
12-25-2020,54043,333,52777,1266,0.62,97.66,1.0
12-26-2020,54286,333,53082,1204,0.61,97.78,1.0044964195177915
12-27-2020,54401,333,53180,1221,0.61,97.76,1.0021184099031057
12-28-2020,54503,333,53301,1202,0.61,97.79,1.0018749655337218
12-29-2020,54681,335,53462,1219,0.61,97.77,1.0032658752729207
12-30-2020,54771,335,53594,1177,0.61,97.85,1.0016459099138642
12-31-2020,54771,335,53594,1177,0.61,97.85,1.0
01-01-2021,54930,335,53758,1172,0.61,97.87,1.0029029961110807
01-02-2021,55064,335,53828,1236,0.61,97.76,1.0024394684143456
01-03-2021,55168,335,53928,1240,0.61,97.75,1.0018887113177393
01-04-2021,55168,335,53928,1240,0.61,97.75,1.0
01-05-2021,55168,335,53928,1240,0.61,97.75,1.0
01-06-2021,55168,335,53928,1240,0.61,97.75,1.0
01-07-2021,55461,336,54164,1297,0.61,97.66,1.0053110498839908
01-08-2021,55461,336,54164,1297,0.61,97.66,1.0
01-09-2021,55772,336,54438,1334,0.6,97.61,1.0056075440399561
01-10-2021,55772,336,54438,1334,0.6,97.61,1.0
01-11-2021,56230,338,54631,1599,0.6,97.16,1.0082120060245285
01-12-2021,56421,338,54753,1668,0.6,97.04,1.0033967632936156
01-13-2021,56981,341,55236,1745,0.6,96.94,1.0099253823930805
01-14-2021,56981,341,55236,1745,0.6,96.94,1.0
01-15-2021,56981,341,55236,1745,0.6,96.94,1.0
01-16-2021,56981,341,55236,1745,0.6,96.94,1.0
01-17-2021,57714,346,55592,2122,0.6,96.32,1.0128639371018409
01-18-2021,58065,352,55789,2276,0.61,96.08,1.0060817132758082
01-19-2021,58431,358,55899,2532,0.61,95.67,1.0063032808059933
01-20-2021,58431,358,55899,2532,0.61,95.67,1.0
01-21-2021,59480,361,56706,2774,0.61,95.34,1.0179527990279134
01-22-2021,59480,361,56706,2774,0.61,95.34,1.0
01-23-2021,60115,361,56955,3160,0.6,94.74,1.0106758574310692
01-24-2021,60794,367,57141,3653,0.6,93.99,1.011295017882392
01-25-2021,62135,372,58150,3985,0.6,93.59,1.0220580978386025
01-26-2021,62135,372,58150,3985,0.6,93.59,1.0
01-27-2021,62751,377,58561,4190,0.6,93.32,1.009913897159411
01-28-2021,63883,390,59553,4330,0.61,93.22,1.0180395531545314
01-29-2021,63883,390,59553,4330,0.61,93.22,1.0
01-30-2021,65427,405,60357,5070,0.62,92.25,1.0241691842900302
01-31-2021,67010,416,61236,5774,0.62,91.38,1.0241949042444252
02-01-2021,67010,416,61236,5774,0.62,91.38,1.0
02-02-2021,67782,424,61843,5939,0.63,91.24,1.0115206685569318
02-03-2021,68559,433,62340,6219,0.63,90.93,1.0114632203239797
02-04-2021,69255,440,62729,6526,0.64,90.58,1.0101518400210039
02-05-2021,70046,449,63502,6544,0.64,90.66,1.011421558010252
02-06-2021,70046,449,63502,6544,0.64,90.66,1.0
02-07-2021,70768,457,63959,6809,0.65,90.38,1.0103075122062644
02-08-2021,72328,472,65149,7179,0.65,90.07,1.0220438616323761
02-09-2021,73003,482,65583,7420,0.66,89.84,1.0093324853445416
02-10-2021,73003,482,65583,7420,0.66,89.84,1.0
02-11-2021,73557,494,66115,7442,0.67,89.88,1.0075887292303056
02-12-2021,74347,505,66333,8014,0.68,89.22,1.0107399703631197
02-13-2021,75836,533,67087,8749,0.7,88.46,1.020027707910205
02-14-2021,75836,533,67087,8749,0.7,88.46,1.0
02-15-2021,76492,542,68100,8392,0.71,89.03,1.0086502452661006
02-16-2021,77046,555,68713,8333,0.72,89.18,1.0072425874601265
02-17-2021,78271,565,69775,8496,0.72,89.15,1.0158995924512628
02-18-2021,78689,568,70348,8341,0.72,89.4,1.005340419823434
02-19-2021,79165,568,71025,8140,0.72,89.72,1.0060491301198389
02-20-2021,79655,572,72516,7139,0.72,91.04,1.006189603991663
02-21-2021,80253,577,73018,7235,0.72,90.98,1.00750737555709
02-22-2021,80759,582,73365,7394,0.72,90.84,1.006305060246969
02-23-2021,80759,582,73365,7394,0.72,90.84,1.0
02-24-2021,81245,584,74047,7198,0.72,91.14,1.0060179051251255
02-25-2021,81673,588,74681,6992,0.72,91.44,1.0052680164933228
02-26-2021,82586,594,76573,6013,0.72,92.72,1.0111787249152107
02-27-2021,82586,594,76573,6013,0.72,92.72,1.0
02-28-2021,84023,607,77972,6051,0.72,92.8,1.0174000435909234
03-01-2021,84023,607,77972,6051,0.72,92.8,1.0
03-02-2021,84023,607,77972,6051,0.72,92.8,1.0
03-03-2021,84349,611,78443,5906,0.72,93.0,1.003879890030111
03-04-2021,85239,629,79465,5774,0.74,93.23,1.0105513995423776
03-05-2021,85239,629,79465,5774,0.74,93.23,1.0
03-06-2021,86092,640,80619,5473,0.74,93.64,1.0100071563486197
03-07-2021,86465,647,80952,5513,0.75,93.62,1.0043325744552338
03-08-2021,86465,647,80952,5513,0.75,93.62,1.0
03-09-2021,86737,656,81299,5438,0.76,93.73,1.0031457815300988
03-10-2021,86737,656,81299,5438,0.76,93.73,1.0
03-11-2021,86737,656,81299,5438,0.76,93.73,1.0
03-12-2021,86737,656,81299,5438,0.76,93.73,1.0
03-13-2021,87480,679,82807,4673,0.78,94.66,1.0085661251830245
03-14-2021,87762,685,83169,4593,0.78,94.77,1.0032235939643348
03-15-2021,87985,691,83621,4364,0.79,95.04,1.0025409630591828
03-16-2021,88228,698,83829,4399,0.79,95.01,1.0027618344035916
03-17-2021,88421,705,84095,4326,0.8,95.11,1.0021875141678378
03-18-2021,88421,705,84095,4326,0.8,95.11,1.0
03-19-2021,89008,713,84952,4056,0.8,95.44,1.0066386944277943
03-20-2021,89276,716,85222,4054,0.8,95.46,1.0030109653064894
03-21-2021,89682,725,85761,3921,0.81,95.63,1.0045476947891931
03-22-2021,89682,725,85761,3921,0.81,95.63,1.0
03-23-2021,89893,734,86248,3645,0.82,95.95,1.0023527575210187
03-24-2021,89893,734,86248,3645,0.82,95.95,1.0
03-25-2021,89999,737,86621,3378,0.82,96.25,1.001179179691411
03-26-2021,90287,740,87137,3150,0.82,96.51,1.0032000355559507
03-27-2021,90287,740,87137,3150,0.82,96.51,1.0
03-28-2021,90287,740,87137,3150,0.82,96.51,1.0
03-29-2021,90287,740,87137,3150,0.82,96.51,1.0
03-30-2021,90287,740,87137,3150,0.82,96.51,1.0
03-31-2021,90583,743,88065,2518,0.82,97.22,1.0032784343260934
04-01-2021,90583,743,88065,2518,0.82,97.22,1.0
04-02-2021,90674,744,88426,2248,0.82,97.52,1.0010046035128004
04-03-2021,90674,744,88426,2248,0.82,97.52,1.0
04-04-2021,90782,748,88585,2197,0.82,97.58,1.0011910801332244
04-05-2021,90900,752,88674,2226,0.83,97.55,1.0012998171443679
04-06-2021,90946,752,88743,2203,0.83,97.58,1.0005060506050605
04-07-2021,91009,752,88810,2199,0.83,97.58,1.000692718756185
04-08-2021,91109,752,88971,2138,0.83,97.65,1.0010987924271226
04-09-2021,91109,752,88971,2138,0.83,97.65,1.0
04-10-2021,91260,754,89092,2168,0.83,97.62,1.0016573554753099
04-11-2021,91260,754,89092,2168,0.83,97.62,1.0
04-12-2021,91260,754,89092,2168,0.83,97.62,1.0
04-13-2021,91410,761,89219,2191,0.83,97.6,1.0016436554898094
04-14-2021,91477,763,89301,2176,0.83,97.62,1.000732961382781
04-15-2021,91545,766,89400,2145,0.84,97.66,1.0007433562534844
04-16-2021,91545,766,89400,2145,0.84,97.66,1.0
04-17-2021,91663,771,89530,2133,0.84,97.67,1.0012889835599978
04-18-2021,91709,771,89604,2105,0.84,97.7,1.0005018382553483
04-19-2021,91709,771,89604,2105,0.84,97.7,1.0
04-20-2021,91709,771,89604,2105,0.84,97.7,1.0
04-21-2021,91783,772,89661,2122,0.84,97.69,1.000806900086142
04-22-2021,91928,777,89729,2199,0.85,97.61,1.0015798132551779
04-23-2021,91928,777,89729,2199,0.85,97.61,1.0
04-24-2021,91928,777,89729,2199,0.85,97.61,1.0
04-25-2021,92166,777,89920,2246,0.84,97.56,1.002588982682099
04-26-2021,92253,777,89975,2278,0.84,97.53,1.000943948961656
04-27-2021,92464,779,90103,2361,0.84,97.45,1.002287188492515
04-28-2021,92513,779,90151,2362,0.84,97.45,1.000529935975082
04-29-2021,92562,779,90196,2366,0.84,97.44,1.0005296552916887
04-30-2021,92562,779,90196,2366,0.84,97.44,1.0
05-01-2021,92601,779,90248,2353,0.84,97.46,1.000421339210475
05-02-2021,92601,779,90248,2353,0.84,97.46,1.0
05-03-2021,92683,779,90324,2359,0.84,97.45,1.0008855195948207
05-04-2021,92740,780,90376,2364,0.84,97.45,1.000614999514474
05-05-2021,92828,783,90462,2366,0.84,97.45,1.000948889368126
05-06-2021,92828,783,90462,2366,0.84,97.45,1.0
05-07-2021,92856,783,90480,2376,0.84,97.44,1.0003016331279355
05-08-2021,92856,783,90480,2376,0.84,97.44,1.0
05-09-2021,92951,783,90568,2383,0.84,97.44,1.001023089514948
05-10-2021,93011,783,90697,2314,0.84,97.51,1.0006455013932072
05-11-2021,93011,783,90697,2314,0.84,97.51,1.0
05-12-2021,93125,783,90910,2215,0.84,97.62,1.0012256614809
05-13-2021,93159,783,90992,2167,0.84,97.67,1.000365100671141
05-14-2021,93243,783,91146,2097,0.84,97.75,1.000901684217306
05-15-2021,93243,783,91146,2097,0.84,97.75,1.0
05-16-2021,93243,783,91146,2097,0.84,97.75,1.0
05-17-2021,93333,783,91252,2081,0.84,97.77,1.0009652199092693
05-18-2021,93390,783,91299,2091,0.84,97.76,1.0006107164668445
05-19-2021,93456,783,91348,2108,0.84,97.74,1.0007067137809187
05-20-2021,93456,783,91348,2108,0.84,97.74,1.0
05-21-2021,93521,783,91458,2063,0.84,97.79,1.000695514466701
05-22-2021,93583,783,91511,2072,0.84,97.79,1.0006629527058093
05-23-2021,93620,783,91581,2039,0.84,97.82,1.0003953709541262
05-24-2021,93644,783,91602,2042,0.84,97.82,1.0002563554795985
05-25-2021,93711,783,91707,2004,0.84,97.86,1.0007154756311136
05-26-2021,93711,783,91707,2004,0.84,97.86,1.0
05-27-2021,93723,783,91743,1980,0.84,97.89,1.0001280532701604
05-28-2021,93775,784,91853,1922,0.84,97.95,1.0005548264566861
05-29-2021,93775,784,91853,1922,0.84,97.95,1.0
05-30-2021,93898,785,91961,1937,0.84,97.94,1.0013116502266062
05-31-2021,93898,785,91961,1937,0.84,97.94,1.0
06-01-2021,94011,785,92057,1954,0.84,97.92,1.001203433512961
06-02-2021,94011,785,92057,1954,0.84,97.92,1.0
06-03-2021,94011,785,92057,1954,0.84,97.92,1.0
06-04-2021,94188,786,92309,1879,0.83,98.01,1.0018827584006127
06-05-2021,94188,786,92309,1879,0.83,98.01,1.0
06-06-2021,94228,787,92362,1866,0.84,98.02,1.000424682549794
06-07-2021,94228,787,92362,1866,0.84,98.02,1.0
06-08-2021,94228,787,92362,1866,0.84,98.02,1.0
06-09-2021,94369,789,92488,1881,0.84,98.01,1.0014963705055822
06-10-2021,94369,789,92488,1881,0.84,98.01,1.0
06-11-2021,94444,789,92552,1892,0.84,98.0,1.000794752514067
06-12-2021,94493,789,92589,1904,0.83,97.99,1.0005188259709457
06-13-2021,94493,789,92589,1904,0.83,97.99,1.0
06-14-2021,94493,789,92589,1904,0.83,97.99,1.0
06-15-2021,94699,790,92696,2003,0.83,97.88,1.002180055665499
06-16-2021,94824,790,92806,2018,0.83,97.87,1.0013199716998067
06-17-2021,94824,790,92806,2018,0.83,97.87,1.0
06-18-2021,94913,793,92881,2032,0.84,97.86,1.0009385809499705
06-19-2021,94913,793,92881,2032,0.84,97.86,1.0
06-20-2021,94913,793,92881,2032,0.84,97.86,1.0
06-21-2021,95059,794,93005,2054,0.84,97.84,1.0015382508191712
06-22-2021,95236,794,93141,2095,0.83,97.8,1.001862001493809
06-23-2021,95236,794,93141,2095,0.83,97.8,1.0
06-24-2021,95259,794,93148,2111,0.83,97.78,1.0002415053131168
06-25-2021,95259,794,93148,2111,0.83,97.78,1.0
06-26-2021,95259,794,93148,2111,0.83,97.78,1.0
06-27-2021,95369,795,93212,2157,0.83,97.74,1.001154746533136
06-28-2021,95476,795,93269,2207,0.83,97.69,1.0011219578689092
06-29-2021,95642,795,93288,2354,0.83,97.54,1.0017386568352256
06-30-2021,95914,796,93444,2470,0.83,97.42,1.0028439388553145
07-01-2021,95914,796,93444,2470,0.83,97.42,1.0
07-02-2021,95914,796,93444,2470,0.83,97.42,1.0
07-03-2021,96067,796,93669,2398,0.83,97.5,1.0015951790145339
07-04-2021,96317,796,93948,2369,0.83,97.54,1.00260235044292
07-05-2021,96402,796,93987,2415,0.83,97.49,1.0008825025696397
07-06-2021,96402,796,93987,2415,0.83,97.49,1.0
07-07-2021,96708,797,94153,2555,0.82,97.36,1.0031742080039834
07-08-2021,96971,797,94281,2690,0.82,97.23,1.0027195268230136
07-09-2021,96971,797,94281,2690,0.82,97.23,1.0
07-10-2021,97130,799,94349,2781,0.82,97.14,1.0016396654669952
07-11-2021,97585,801,94537,3048,0.82,96.88,1.0046844435292905
07-12-2021,97585,801,94537,3048,0.82,96.88,1.0
07-13-2021,97728,802,94612,3116,0.82,96.81,1.0014653891479224
07-14-2021,97728,802,94612,3116,0.82,96.81,1.0
07-15-2021,98114,806,94796,3318,0.82,96.62,1.003949738048461
07-16-2021,98114,806,94796,3318,0.82,96.62,1.0
07-17-2021,98435,810,95024,3411,0.82,96.53,1.0032717043439265
07-18-2021,98817,812,95147,3670,0.82,96.29,1.0038807334789455
07-19-2021,98817,812,95147,3670,0.82,96.29,1.0
07-20-2021,99160,815,95221,3939,0.82,96.03,1.0034710626714027
07-21-2021,99160,815,95221,3939,0.82,96.03,1.0
07-22-2021,99160,815,95221,3939,0.82,96.03,1.0
07-23-2021,100250,819,95871,4379,0.82,95.63,1.0109923356192012
07-24-2021,100747,819,96115,4632,0.81,95.4,1.0049576059850374
07-25-2021,101170,821,96255,4915,0.81,95.14,1.004198636187678
07-26-2021,102103,823,96759,5344,0.81,94.77,1.0092221014134626
07-27-2021,102103,823,96759,5344,0.81,94.77,1.0
07-28-2021,103019,823,97213,5806,0.8,94.36,1.0089713328697492
07-29-2021,103019,823,97213,5806,0.8,94.36,1.0
07-30-2021,103019,823,97213,5806,0.8,94.36,1.0
07-31-2021,103019,823,97213,5806,0.8,94.36,1.0
08-01-2021,103019,823,97213,5806,0.8,94.36,1.0
08-02-2021,104994,837,98229,6765,0.8,93.56,1.0191712208427572
08-03-2021,105512,844,98392,7120,0.8,93.25,1.004933615254205
08-04-2021,106053,847,98633,7420,0.8,93.0,1.0051273788763364
08-05-2021,106434,854,0,106434,0.8,0,1.003592543350966
08-06-2021,106434,854,0,106434,0.8,0,1.0
08-07-2021,106750,859,0,106750,0.8,0,1.0029689760790725
08-08-2021,108226,874,0,108226,0.81,0,1.0138266978922716
08-09-2021,108226,874,0,108226,0.81,0,1.0
08-10-2021,108677,880,0,108677,0.81,0,1.0041672056622253
08-11-2021,109022,892,0,109022,0.82,0,1.0031745447518794
08-12-2021,109428,899,0,109428,0.82,0,1.0037240190053385
08-13-2021,109736,906,0,109736,0.83,0,1.0028146361077603
08-14-2021,110306,913,0,110306,0.83,0,1.005194284464533
08-15-2021,110710,922,0,110710,0.83,0,1.0036625387558247
08-16-2021,111232,930,0,111232,0.84,0,1.004715021226628
08-17-2021,111232,930,0,111232,0.84,0,1.0
08-18-2021,112378,945,0,112378,0.84,0,1.0103027905638664
08-19-2021,112928,945,0,112928,0.84,0,1.0048941963729556
08-20-2021,112928,945,0,112928,0.84,0,1.0
08-21-2021,113957,961,0,113957,0.84,0,1.009112000566733
08-22-2021,114584,968,0,114584,0.84,0,1.0055020753442088
08-23-2021,115102,974,0,115102,0.85,0,1.004520700970467
08-24-2021,115525,982,0,115525,0.85,0,1.0036750013031919
08-25-2021,115525,982,0,115525,0.85,0,1.0
08-26-2021,116441,991,0,116441,0.85,0,1.0079290196927073
08-27-2021,117040,1001,0,117040,0.86,0,1.005144236136756
08-28-2021,117636,1008,0,117636,0.86,0,1.0050922761449077
08-29-2021,117636,1008,0,117636,0.86,0,1.0
08-30-2021,118266,1017,0,118266,0.86,0,1.0053555034173212
08-31-2021,119436,1036,0,119436,0.87,0,1.009892953173355
09-01-2021,119436,1036,0,119436,0.87,0,1.0
09-02-2021,120003,1047,0,120003,0.87,0,1.0047473123681303
09-03-2021,120452,1052,0,120452,0.87,0,1.0037415731273385
09-04-2021,120452,1052,0,120452,0.87,0,1.0
09-05-2021,120452,1052,0,120452,0.87,0,1.0
09-06-2021,121307,1069,0,121307,0.88,0,1.007098263208581
09-07-2021,122157,1083,0,122157,0.89,0,1.0070070152588062
09-08-2021,122543,1084,0,122543,0.88,0,1.0031598680386715
09-09-2021,122543,1084,0,122543,0.88,0,1.0
09-10-2021,122779,1087,0,122779,0.89,0,1.001925854597978
09-11-2021,122779,1087,0,122779,0.89,0,1.0
09-12-2021,123521,1096,0,123521,0.89,0,1.0060433787536958
09-13-2021,123874,1098,0,123874,0.89,0,1.0028578136511201
09-14-2021,123874,1098,0,123874,0.89,0,1.0
09-15-2021,123874,1098,0,123874,0.89,0,1.0
09-16-2021,123874,1098,0,123874,0.89,0,1.0
09-17-2021,124740,1116,0,124740,0.89,0,1.0069909747000985
09-18-2021,125005,1118,0,125005,0.89,0,1.0021244187910854
09-19-2021,125261,1121,0,125261,0.89,0,1.0020479180832766
09-20-2021,125565,1125,0,125565,0.9,0,1.0024269325648048
09-21-2021,125565,1125,0,125565,0.9,0,1.0
09-22-2021,125830,1130,0,125830,0.9,0,1.0021104607175566
09-23-2021,126146,1139,0,126146,0.9,0,1.002511324803306
09-24-2021,126313,1142,0,126313,0.9,0,1.0013238628256147
09-25-2021,126621,1146,0,126621,0.91,0,1.0024383871810503
09-26-2021,126621,1146,0,126621,0.91,0,1.0
09-27-2021,127016,1150,0,127016,0.91,0,1.003119545730961
09-28-2021,127016,1150,0,127016,0.91,0,1.0
09-29-2021,127016,1150,0,127016,0.91,0,1.0
09-30-2021,127482,1156,0,127482,0.91,0,1.00366882912389
10-01-2021,127482,1156,0,127482,0.91,0,1.0
10-02-2021,127482,1156,0,127482,0.91,0,1.0
10-03-2021,127482,1156,0,127482,0.91,0,1.0
10-04-2021,127482,1156,0,127482,0.91,0,1.0
10-05-2021,127878,1157,0,127878,0.9,0,1.0031063208923612
10-06-2021,128159,1157,0,128159,0.9,0,1.002197406903455
10-07-2021,128368,1158,0,128368,0.9,0,1.0016307867570753
10-08-2021,128368,1158,0,128368,0.9,0,1.0
10-09-2021,128368,1158,0,128368,0.9,0,1.0
10-10-2021,128368,1158,0,128368,0.9,0,1.0
10-11-2021,128368,1158,0,128368,0.9,0,1.0
10-12-2021,128368,1158,0,128368,0.9,0,1.0
10-13-2021,128368,1158,0,128368,0.9,0,1.0
10-14-2021,128368,1158,0,128368,0.9,0,1.0
10-15-2021,128368,1158,0,128368,0.9,0,1.0
10-16-2021,129258,1165,0,129258,0.9,0,1.0069331920727906
10-17-2021,129440,1167,0,129440,0.9,0,1.0014080366398985
10-18-2021,129440,1167,0,129440,0.9,0,1.0
10-19-2021,129592,1169,0,129592,0.9,0,1.0011742892459827
10-20-2021,129592,1169,0,129592,0.9,0,1.0
10-21-2021,129592,1169,0,129592,0.9,0,1.0
10-22-2021,129592,1169,0,129592,0.9,0,1.0
10-23-2021,129805,1170,0,129805,0.9,0,1.0016436199765417
10-24-2021,129805,1170,0,129805,0.9,0,1.0
10-25-2021,129948,1172,0,129948,0.9,0,1.0011016524787182
10-26-2021,130008,1174,0,130008,0.9,0,1.0004617231507988
10-27-2021,130041,1174,0,130041,0.9,0,1.0002538305335056
10-28-2021,130077,1175,0,130077,0.9,0,1.0002768357671812
10-29-2021,130077,1175,0,130077,0.9,0,1.0
10-30-2021,130077,1175,0,130077,0.9,0,1.0
10-31-2021,130077,1175,0,130077,0.9,0,1.0
11-01-2021,130077,1175,0,130077,0.9,0,1.0
11-02-2021,130287,1182,0,130287,0.91,0,1.0016144283770383
11-03-2021,130287,1182,0,130287,0.91,0,1.0
11-04-2021,130287,1182,0,130287,0.91,0,1.0
11-05-2021,130391,1188,0,130391,0.91,0,1.000798237736689
11-06-2021,130391,1188,0,130391,0.91,0,1.0
11-07-2021,130391,1188,0,130391,0.91,0,1.0
11-08-2021,130391,1188,0,130391,0.91,0,1.0
11-09-2021,130608,1203,0,130608,0.92,0,1.0016642252916228
11-10-2021,130608,1203,0,130608,0.92,0,1.0
11-11-2021,130649,1206,0,130649,0.92,0,1.0003139164522847
11-12-2021,130649,1206,0,130649,0.92,0,1.0
11-13-2021,130649,1206,0,130649,0.92,0,1.0
11-14-2021,130649,1206,0,130649,0.92,0,1.0
11-15-2021,130710,1207,0,130710,0.92,0,1.0004668998614608
11-16-2021,130727,1207,0,130727,0.92,0,1.0001300589090352
11-17-2021,130727,1207,0,130727,0.92,0,1.0
11-18-2021,130727,1207,0,130727,0.92,0,1.0
11-19-2021,130727,1207,0,130727,0.92,0,1.0
11-20-2021,130727,1207,0,130727,0.92,0,1.0
11-21-2021,130827,1208,0,130827,0.92,0,1.0007649529171478
11-22-2021,130827,1208,0,130827,0.92,0,1.0
11-23-2021,130920,1209,0,130920,0.92,0,1.000710862436653
11-24-2021,130920,1209,0,130920,0.92,0,1.0
11-25-2021,130920,1209,0,130920,0.92,0,1.0
11-26-2021,130920,1209,0,130920,0.92,0,1.0
11-27-2021,130920,1209,0,130920,0.92,0,1.0
11-28-2021,130920,1209,0,130920,0.92,0,1.0
11-29-2021,130920,1209,0,130920,0.92,0,1.0
11-30-2021,130920,1209,0,130920,0.92,0,1.0
12-01-2021,130920,1209,0,130920,0.92,0,1.0
12-02-2021,130920,1209,0,130920,0.92,0,1.0
12-03-2021,130920,1209,0,130920,0.92,0,1.0
12-04-2021,130920,1209,0,130920,0.92,0,1.0
12-05-2021,130920,1209,0,130920,0.92,0,1.0
12-06-2021,131246,1228,0,131246,0.94,0,1.0024900702719217
12-07-2021,131246,1228,0,131246,0.94,0,1.0
12-08-2021,131246,1228,0,131246,0.94,0,1.0
12-09-2021,131246,1228,0,131246,0.94,0,1.0
12-10-2021,131246,1228,0,131246,0.94,0,1.0
12-11-2021,131412,1239,0,131412,0.94,0,1.0012648004510614
12-12-2021,131547,1243,0,131547,0.94,0,1.001027303442608
12-13-2021,131547,1243,0,131547,0.94,0,1.0
12-14-2021,131547,1243,0,131547,0.94,0,1.0
12-15-2021,131840,1253,0,131840,0.95,0,1.0022273407983457
12-16-2021,131911,1255,0,131911,0.95,0,1.0005385315533981
12-17-2021,131911,1255,0,131911,0.95,0,1.0
12-18-2021,131911,1255,0,131911,0.95,0,1.0
12-19-2021,131911,1255,0,131911,0.95,0,1.0
12-20-2021,132132,1257,0,132132,0.95,0,1.0016753720311422
12-21-2021,132609,1261,0,132609,0.95,0,1.0036100263372991
12-22-2021,133555,1265,0,133555,0.95,0,1.0071337541192529
12-23-2021,134555,1269,0,134555,0.94,0,1.0074875519448916
12-24-2021,134555,1269,0,134555,0.94,0,1.0
12-25-2021,134555,1269,0,134555,0.94,0,1.0
12-26-2021,136436,1274,0,136436,0.93,0,1.013979413622682
12-27-2021,138957,1280,0,138957,0.92,0,1.018477527925181
12-28-2021,140221,1283,0,140221,0.91,0,1.0090963391552783
12-29-2021,141295,1287,0,141295,0.91,0,1.0076593377596794
12-30-2021,141295,1287,0,141295,0.91,0,1.0
12-31-2021,142986,1295,0,142986,0.91,0,1.011967868643618
01-01-2022,143997,1298,0,143997,0.9,0,1.0070706222986865
01-02-2022,145052,1303,0,145052,0.9,0,1.0073265415251706
01-03-2022,146119,1306,0,146119,0.89,0,1.0073559826820726
01-04-2022,147203,1309,0,147203,0.89,0,1.007418610858273
01-05-2022,148079,1313,0,148079,0.89,0,1.005950965673254
01-06-2022,148079,1313,0,148079,0.89,0,1.0
01-07-2022,148079,1313,0,148079,0.89,0,1.0
01-08-2022,149367,1319,0,149367,0.88,0,1.0086980598194206
01-09-2022,150874,1325,0,150874,0.88,0,1.01008924327328
01-10-2022,152243,1332,0,152243,0.87,0,1.0090737966780228
01-11-2022,152243,1332,0,152243,0.87,0,1.0
01-12-2022,152729,1336,0,152729,0.87,0,1.0031922649974054
01-13-2022,152729,1336,0,152729,0.87,0,1.0
01-14-2022,152729,1336,0,152729,0.87,0,1.0
01-15-2022,153514,1343,0,153514,0.87,0,1.0051398228234323
01-16-2022,153514,1343,0,153514,0.87,0,1.0
01-17-2022,153514,1343,0,153514,0.87,0,1.0
01-18-2022,154190,1350,0,154190,0.88,0,1.0044035071719843
01-19-2022,154190,1350,0,154190,0.88,0,1.0
01-20-2022,154891,1357,0,154891,0.88,0,1.0045463389324858
01-21-2022,154891,1357,0,154891,0.88,0,1.0
01-22-2022,154891,1357,0,154891,0.88,0,1.0
01-23-2022,155496,1367,0,155496,0.88,0,1.0039059725871742
01-24-2022,155665,1370,0,155665,0.88,0,1.0010868446776766
01-25-2022,155665,1370,0,155665,0.88,0,1.0
01-26-2022,156272,1382,0,156272,0.88,0,1.0038993993511707
01-27-2022,156392,1384,0,156392,0.88,0,1.0007678918808232
01-28-2022,156515,1388,0,156515,0.89,0,1.000786485242212
01-29-2022,156690,1391,0,156690,0.89,0,1.0011181036961314
01-30-2022,156805,1393,0,156805,0.89,0,1.0007339332439849
01-31-2022,156920,1395,0,156920,0.89,0,1.0007333949810273
02-01-2022,156920,1395,0,156920,0.89,0,1.0
02-02-2022,156920,1395,0,156920,0.89,0,1.0
02-03-2022,157220,1404,0,157220,0.89,0,1.0019118021921998
02-04-2022,157220,1404,0,157220,0.89,0,1.0
02-05-2022,157541,1412,0,157541,0.9,0,1.0020417249713778
02-06-2022,157541,1412,0,157541,0.9,0,1.0
02-07-2022,157751,1419,0,157751,0.9,0,1.0013329863337164
02-08-2022,157751,1419,0,157751,0.9,0,1.0
02-09-2022,157751,1419,0,157751,0.9,0,1.0
02-10-2022,157751,1419,0,157751,0.9,0,1.0
02-11-2022,157751,1419,0,157751,0.9,0,1.0
02-12-2022,157751,1419,0,157751,0.9,0,1.0
02-13-2022,157751,1419,0,157751,0.9,0,1.0
02-14-2022,157917,1426,0,157917,0.9,0,1.001052291269152
02-15-2022,157992,1429,0,157992,0.9,0,1.0004749330344422
02-16-2022,158159,1431,0,158159,0.9,0,1.0010570155450909
02-17-2022,158220,1433,0,158220,0.91,0,1.0003856878204844
02-18-2022,158220,1433,0,158220,0.91,0,1.0
02-19-2022,158220,1433,0,158220,0.91,0,1.0
02-20-2022,158220,1433,0,158220,0.91,0,1.0
02-21-2022,158434,1438,0,158434,0.91,0,1.0013525470863356
02-22-2022,158894,1441,0,158894,0.91,0,1.002903417195804
02-23-2022,159124,1442,0,159124,0.91,0,1.001447505884426
02-24-2022,159124,1442,0,159124,0.91,0,1.0
02-25-2022,159124,1442,0,159124,0.91,0,1.0
02-26-2022,159124,1442,0,159124,0.91,0,1.0
02-27-2022,159124,1442,0,159124,0.91,0,1.0
02-28-2022,159674,1442,0,159674,0.9,0,1.0034564239209673
03-01-2022,159891,1442,0,159891,0.9,0,1.001359019001215
03-02-2022,159891,1442,0,159891,0.9,0,1.0
03-03-2022,160028,1442,0,160028,0.9,0,1.0008568337179704
03-04-2022,160028,1442,0,160028,0.9,0,1.0
03-05-2022,160028,1442,0,160028,0.9,0,1.0
03-06-2022,160028,1442,0,160028,0.9,0,1.0
03-07-2022,160028,1442,0,160028,0.9,0,1.0
03-08-2022,160640,1442,0,160640,0.9,0,1.0038243307421202
03-09-2022,160667,1444,0,160667,0.9,0,1.000168077689243
03-10-2022,160681,1445,0,160681,0.9,0,1.000087136748679
03-11-2022,160693,1445,0,160693,0.9,0,1.0000746821341664
03-12-2022,160693,1445,0,160693,0.9,0,1.0
03-13-2022,160716,1445,0,160716,0.9,0,1.0001431300678933
03-14-2022,160716,1445,0,160716,0.9,0,1.0
03-15-2022,160761,1445,0,160761,0.9,0,1.0002799970133651
03-16-2022,160761,1445,0,160761,0.9,0,1.0
03-17-2022,160775,1445,0,160775,0.9,0,1.0000870857981725
03-18-2022,160791,1445,0,160791,0.9,0,1.0000995179598817
03-19-2022,160791,1445,0,160791,0.9,0,1.0
03-20-2022,160819,1445,0,160819,0.9,0,1.0001741390998253
03-21-2022,160863,1445,0,160863,0.9,0,1.0002735995124954
03-22-2022,160870,1445,0,160870,0.9,0,1.0000435152894078
03-23-2022,160870,1445,0,160870,0.9,0,1.0
03-24-2022,160894,1445,0,160894,0.9,0,1.0001491887859764
03-25-2022,160894,1445,0,160894,0.9,0,1.0
03-26-2022,160925,1445,0,160925,0.9,0,1.0001926734371698
03-27-2022,160925,1445,0,160925,0.9,0,1.0
03-28-2022,160925,1445,0,160925,0.9,0,1.0
03-29-2022,160925,1445,0,160925,0.9,0,1.0
03-30-2022,160925,1445,0,160925,0.9,0,1.0
03-31-2022,160971,1445,0,160971,0.9,0,1.0002858474444618
04-01-2022,160971,1445,0,160971,0.9,0,1.0
04-02-2022,160971,1445,0,160971,0.9,0,1.0
04-03-2022,160971,1445,0,160971,0.9,0,1.0
04-04-2022,160971,1445,0,160971,0.9,0,1.0
04-05-2022,161014,1445,0,161014,0.9,0,1.0002671288617204
04-06-2022,161034,1445,0,161034,0.9,0,1.0001242128013712
04-07-2022,161034,1445,0,161034,0.9,0,1.0
04-08-2022,161048,1445,0,161048,0.9,0,1.0000869381621273
04-09-2022,161048,1445,0,161048,0.9,0,1.0
04-10-2022,161048,1445,0,161048,0.9,0,1.0
04-11-2022,161071,1445,0,161071,0.9,0,1.0001428145646019
04-12-2022,161071,1445,0,161071,0.9,0,1.0
04-13-2022,161071,1445,0,161071,0.9,0,1.0
04-14-2022,161086,1445,0,161086,0.9,0,1.0000931266335964
04-15-2022,161101,1445,0,161101,0.9,0,1.000093117961834
04-16-2022,161101,1445,0,161101,0.9,0,1.0
04-17-2022,161101,1445,0,161101,0.9,0,1.0
04-18-2022,161101,1445,0,161101,0.9,0,1.0
04-19-2022,161114,1445,0,161114,0.9,0,1.0000806947194616
04-20-2022,161117,1445,0,161117,0.9,0,1.0000186203557728
04-21-2022,161124,1445,0,161124,0.9,0,1.0000434466878108
04-22-2022,161124,1445,0,161124,0.9,0,1.0
04-23-2022,161124,1445,0,161124,0.9,0,1.0
04-24-2022,161124,1445,0,161124,0.9,0,1.0
04-25-2022,161157,1445,0,161157,0.9,0,1.0002048112013109
04-26-2022,161157,1445,0,161157,0.9,0,1.0
04-27-2022,161170,1445,0,161170,0.9,0,1.000080666679077
04-28-2022,161170,1445,0,161170,0.9,0,1.0
04-29-2022,161173,1445,0,161173,0.9,0,1.000018613885959
04-30-2022,161173,1445,0,161173,0.9,0,1.0
05-01-2022,161204,1445,0,161204,0.9,0,1.000192339908049
05-02-2022,161204,1445,0,161204,0.9,0,1.0
05-03-2022,161216,1445,0,161216,0.9,0,1.0000744398402024
05-04-2022,161216,1445,0,161216,0.9,0,1.0
05-05-2022,161222,1445,0,161222,0.9,0,1.0000372171496625
05-06-2022,161222,1445,0,161222,0.9,0,1.0
05-07-2022,161222,1445,0,161222,0.9,0,1.0
05-08-2022,161222,1445,0,161222,0.9,0,1.0
05-09-2022,161269,1445,0,161269,0.9,0,1.0002915234893501
05-10-2022,161271,1445,0,161271,0.9,0,1.0000124016394967
05-11-2022,161271,1445,0,161271,0.9,0,1.0
05-12-2022,161280,1445,0,161280,0.9,0,1.0000558066856409
05-13-2022,161280,1445,0,161280,0.9,0,1.0
05-14-2022,161280,1445,0,161280,0.9,0,1.0
05-15-2022,161280,1445,0,161280,0.9,0,1.0
05-16-2022,161310,1445,0,161310,0.9,0,1.0001860119047619
05-17-2022,161325,1445,0,161325,0.9,0,1.000092988655384
05-18-2022,161325,1445,0,161325,0.9,0,1.0
05-19-2022,161325,1445,0,161325,0.9,0,1.0
05-20-2022,161325,1445,0,161325,0.9,0,1.0
05-21-2022,161325,1445,0,161325,0.9,0,1.0
05-22-2022,161370,1445,0,161370,0.9,0,1.000278940027894
05-23-2022,161351,1445,0,161351,0.9,0,1.0001177418355331
05-24-2022,161370,1445,0,161370,0.9,0,1.0001177557003056
05-25-2022,161370,1445,0,161370,0.9,0,1.0
05-26-2022,161370,1445,0,161370,0.9,0,1.0
05-27-2022,161370,1445,0,161370,0.9,0,1.0
05-28-2022,161370,1445,0,161370,0.9,0,1.0
05-29-2022,161370,1445,0,161370,0.9,0,1.0
05-30-2022,161370,1445,0,161370,0.9,0,1.0
05-31-2022,161370,1445,0,161370,0.9,0,1.0
06-01-2022,161443,1445,0,161443,0.9,0,1.000452376525996
06-02-2022,161481,1445,0,161481,0.89,0,1.00023537719195
06-03-2022,161481,1445,0,161481,0.89,0,1.0
06-04-2022,161481,1445,0,161481,0.89,0,1.0
06-05-2022,161795,1445,0,161795,0.89,0,1.0019445012106687
06-06-2022,161795,1445,0,161795,0.89,0,1.0
06-07-2022,161841,1445,0,161841,0.89,0,1.000284310392781
06-08-2022,161841,1445,0,161841,0.89,0,1.0
06-09-2022,161841,1445,0,161841,0.89,0,1.0
06-10-2022,161841,1445,0,161841,0.89,0,1.0
06-11-2022,161841,1445,0,161841,0.89,0,1.0
06-12-2022,161935,1445,0,161935,0.89,0,1.000580816974685
06-13-2022,161935,1445,0,161935,0.89,0,1.0
06-14-2022,162646,1445,0,162646,0.89,0,1.004390650569673
06-15-2022,163191,1445,0,163191,0.89,0,1.0033508355569765
06-16-2022,163332,1445,0,163332,0.88,0,1.0008640182362998
06-17-2022,163332,1445,0,163332,0.88,0,1.0
06-18-2022,163332,1445,0,163332,0.88,0,1.0
06-19-2022,163666,1446,0,163666,0.88,0,1.0020449146523644
06-20-2022,164164,1448,0,164164,0.88,0,1.0030427822516588
06-21-2022,164164,1448,0,164164,0.88,0,1.0
06-22-2022,164541,1448,0,164541,0.88,0,1.0022964840038011
06-23-2022,164612,1448,0,164612,0.88,0,1.0004315033942908
06-24-2022,164843,1448,0,164843,0.88,0,1.0014032998809321
06-25-2022,164843,1448,0,164843,0.88,0,1.0
06-26-2022,164843,1448,0,164843,0.88,0,1.0
06-27-2022,165749,1449,0,165749,0.87,0,1.0054961387502048
06-28-2022,165749,1449,0,165749,0.87,0,1.0
06-29-2022,166133,1450,0,166133,0.87,0,1.0023167560588602
06-30-2022,166133,1450,0,166133,0.87,0,1.0
07-01-2022,166133,1450,0,166133,0.87,0,1.0
07-02-2022,166133,1450,0,166133,0.87,0,1.0
07-03-2022,166397,1451,0,166397,0.87,0,1.0015890882606104
07-04-2022,166546,1452,0,166546,0.87,0,1.000895448836217
07-05-2022,166546,1452,0,166546,0.87,0,1.0
07-06-2022,166546,1452,0,166546,0.87,0,1.0
07-07-2022,166816,1453,0,166816,0.87,0,1.0016211737297804
07-08-2022,166816,1453,0,166816,0.87,0,1.0
07-09-2022,166816,1453,0,166816,0.87,0,1.0
07-10-2022,166816,1453,0,166816,0.87,0,1.0
07-11-2022,166816,1453,0,166816,0.87,0,1.0
07-12-2022,167215,1456,0,167215,0.87,0,1.002391856896221
07-13-2022,167215,1456,0,167215,0.87,0,1.0
07-14-2022,167215,1456,0,167215,0.87,0,1.0
07-15-2022,167215,1456,0,167215,0.87,0,1.0
07-16-2022,167215,1456,0,167215,0.87,0,1.0
07-17-2022,167215,1456,0,167215,0.87,0,1.0
07-18-2022,167215,1456,0,167215,0.87,0,1.0
07-19-2022,167215,1456,0,167215,0.87,0,1.0
07-20-2022,167215,1456,0,167215,0.87,0,1.0
07-21-2022,167215,1456,0,167215,0.87,0,1.0
07-22-2022,167215,1456,0,167215,0.87,0,1.0
07-23-2022,167215,1456,0,167215,0.87,0,1.0
07-24-2022,167215,1456,0,167215,0.87,0,1.0
07-25-2022,167215,1456,0,167215,0.87,0,1.0
07-26-2022,167215,1456,0,167215,0.87,0,1.0
07-27-2022,167215,1456,0,167215,0.87,0,1.0
07-28-2022,168007,1457,0,168007,0.87,0,1.0047364171874533
07-29-2022,168007,1457,0,168007,0.87,0,1.0
07-30-2022,168007,1457,0,168007,0.87,0,1.0
07-31-2022,168007,1457,0,168007,0.87,0,1.0
08-01-2022,168127,1457,0,168127,0.87,0,1.000714255953621
08-02-2022,168127,1457,0,168127,0.87,0,1.0
08-03-2022,168127,1457,0,168127,0.87,0,1.0
08-04-2022,168127,1457,0,168127,0.87,0,1.0
08-05-2022,168306,1458,0,168306,0.87,0,1.0010646713496345
08-06-2022,168306,1458,0,168306,0.87,0,1.0
08-07-2022,168306,1458,0,168306,0.87,0,1.0
08-08-2022,168350,1458,0,168350,0.87,0,1.0002614285884044
08-09-2022,168350,1458,0,168350,0.87,0,1.0
08-10-2022,168350,1458,0,168350,0.87,0,1.0
08-11-2022,168350,1458,0,168350,0.87,0,1.0
08-12-2022,168350,1458,0,168350,0.87,0,1.0
08-13-2022,168350,1458,0,168350,0.87,0,1.0
08-14-2022,168350,1458,0,168350,0.87,0,1.0
08-15-2022,168457,1459,0,168457,0.87,0,1.0006355806355807
08-16-2022,168457,1459,0,168457,0.87,0,1.0
08-17-2022,168457,1459,0,168457,0.87,0,1.0
08-18-2022,168457,1459,0,168457,0.87,0,1.0
08-19-2022,168457,1459,0,168457,0.87,0,1.0
08-20-2022,168457,1459,0,168457,0.87,0,1.0
08-21-2022,168457,1459,0,168457,0.87,0,1.0
08-22-2022,168457,1459,0,168457,0.87,0,1.0
08-23-2022,168457,1459,0,168457,0.87,0,1.0
08-24-2022,168457,1459,0,168457,0.87,0,1.0
08-25-2022,168457,1459,0,168457,0.87,0,1.0
08-26-2022,168565,1459,0,168565,0.87,0,1.0006411131624093
08-27-2022,168565,1459,0,168565,0.87,0,1.0
08-28-2022,168565,1459,0,168565,0.87,0,1.0
08-29-2022,168580,1459,0,168580,0.87,0,1.0000889864443983
08-30-2022,168580,1459,0,168580,0.87,0,1.0
08-31-2022,168580,1459,0,168580,0.87,0,1.0
09-01-2022,168580,1459,0,168580,0.87,0,1.0
09-02-2022,168580,1459,0,168580,0.87,0,1.0
09-03-2022,168580,1459,0,168580,0.87,0,1.0
09-04-2022,168580,1459,0,168580,0.87,0,1.0
09-05-2022,168580,1459,0,168580,0.87,0,1.0
09-06-2022,168580,1459,0,168580,0.87,0,1.0
09-07-2022,168580,1459,0,168580,0.87,0,1.0
09-08-2022,168580,1459,0,168580,0.87,0,1.0
09-09-2022,168580,1459,0,168580,0.87,0,1.0
09-10-2022,168616,1459,0,168616,0.87,0,1.0002135484636374
09-11-2022,168616,1459,0,168616,0.87,0,1.0
09-12-2022,168616,1459,0,168616,0.87,0,1.0
09-13-2022,168616,1459,0,168616,0.87,0,1.0
09-14-2022,168616,1459,0,168616,0.87,0,1.0
09-15-2022,168616,1459,0,168616,0.87,0,1.0
09-16-2022,168616,1459,0,168616,0.87,0,1.0
09-17-2022,168616,1459,0,168616,0.87,0,1.0
09-18-2022,168616,1459,0,168616,0.87,0,1.0
09-19-2022,168813,1459,0,168813,0.86,0,1.0011683351520615
09-20-2022,168813,1459,0,168813,0.86,0,1.0
09-21-2022,168813,1459,0,168813,0.86,0,1.0
09-22-2022,168813,1459,0,168813,0.86,0,1.0
09-23-2022,168813,1459,0,168813,0.86,0,1.0
09-24-2022,168813,1459,0,168813,0.86,0,1.0
09-25-2022,168813,1459,0,168813,0.86,0,1.0
09-26-2022,169100,1459,0,169100,0.86,0,1.001700106034488
09-27-2022,169100,1459,0,169100,0.86,0,1.0
09-28-2022,169100,1459,0,169100,0.86,0,1.0
09-29-2022,169100,1459,0,169100,0.86,0,1.0
09-30-2022,169100,1459,0,169100,0.86,0,1.0
10-01-2022,169385,1459,0,169385,0.86,0,1.0016853932584269
10-02-2022,169385,1459,0,169385,0.86,0,1.0
10-03-2022,169685,1459,0,169685,0.86,0,1.0017711131446114
10-04-2022,169685,1459,0,169685,0.86,0,1.0
10-05-2022,169685,1459,0,169685,0.86,0,1.0
10-06-2022,169685,1459,0,169685,0.86,0,1.0
10-07-2022,169685,1459,0,169685,0.86,0,1.0
10-08-2022,169685,1459,0,169685,0.86,0,1.0
10-09-2022,169685,1459,0,169685,0.86,0,1.0
10-10-2022,169685,1459,0,169685,0.86,0,1.0
10-11-2022,170103,1459,0,170103,0.86,0,1.0024633880425495
10-12-2022,170103,1459,0,170103,0.86,0,1.0
10-13-2022,170177,1460,0,170177,0.86,0,1.0004350305403198
10-14-2022,170177,1460,0,170177,0.86,0,1.0
10-15-2022,170177,1460,0,170177,0.86,0,1.0
10-16-2022,170321,1460,0,170321,0.86,0,1.0008461778031108
10-17-2022,170321,1460,0,170321,0.86,0,1.0
10-18-2022,170321,1460,0,170321,0.86,0,1.0
10-19-2022,170321,1460,0,170321,0.86,0,1.0
10-20-2022,170421,1460,0,170421,0.86,0,1.0005871266608346
10-21-2022,170421,1460,0,170421,0.86,0,1.0
10-22-2022,170421,1460,0,170421,0.86,0,1.0
10-23-2022,170573,1460,0,170573,0.86,0,1.000891908860997
10-24-2022,170573,1460,0,170573,0.86,0,1.0
10-25-2022,170573,1460,0,170573,0.86,0,1.0
10-26-2022,170573,1460,0,170573,0.86,0,1.0
10-27-2022,170573,1460,0,170573,0.86,0,1.0
10-28-2022,170707,1460,0,170707,0.86,0,1.0007855874024612
10-29-2022,170707,1460,0,170707,0.86,0,1.0
10-30-2022,170707,1460,0,170707,0.86,0,1.0
10-31-2022,170707,1460,0,170707,0.86,0,1.0
11-01-2022,170707,1460,0,170707,0.86,0,1.0
11-02-2022,170707,1460,0,170707,0.86,0,1.0
11-03-2022,170894,1460,0,170894,0.85,0,1.0010954442407165
11-04-2022,170894,1460,0,170894,0.85,0,1.0
11-05-2022,170894,1460,0,170894,0.85,0,1.0
11-06-2022,170894,1460,0,170894,0.85,0,1.0
11-07-2022,170894,1460,0,170894,0.85,0,1.0
11-08-2022,170894,1460,0,170894,0.85,0,1.0
11-09-2022,170894,1460,0,170894,0.85,0,1.0
11-10-2022,170894,1460,0,170894,0.85,0,1.0
11-11-2022,170894,1460,0,170894,0.85,0,1.0
11-12-2022,170894,1460,0,170894,0.85,0,1.0
11-13-2022,170894,1460,0,170894,0.85,0,1.0
11-14-2022,170972,1461,0,170972,0.85,0,1.000456423279928
11-15-2022,170972,1461,0,170972,0.85,0,1.0
11-16-2022,170972,1461,0,170972,0.85,0,1.0
11-17-2022,170972,1461,0,170972,0.85,0,1.0
11-18-2022,170972,1461,0,170972,0.85,0,1.0
11-19-2022,170972,1461,0,170972,0.85,0,1.0
11-20-2022,170996,1461,0,170996,0.85,0,1.0001403738623869
11-21-2022,170996,1461,0,170996,0.85,0,1.0
11-22-2022,170996,1461,0,170996,0.85,0,1.0
11-23-2022,170996,1461,0,170996,0.85,0,1.0
11-24-2022,171009,1461,0,171009,0.85,0,1.0000760251701795
11-25-2022,171009,1461,0,171009,0.85,0,1.0
11-26-2022,171009,1461,0,171009,0.85,0,1.0
11-27-2022,171009,1461,0,171009,0.85,0,1.0
11-28-2022,171009,1461,0,171009,0.85,0,1.0
11-29-2022,171009,1461,0,171009,0.85,0,1.0
11-30-2022,171009,1461,0,171009,0.85,0,1.0
12-01-2022,171009,1461,0,171009,0.85,0,1.0
12-02-2022,171018,1461,0,171018,0.85,0,1.0000526288090101
12-03-2022,171018,1461,0,171018,0.85,0,1.0
12-04-2022,171023,1461,0,171023,0.85,0,1.0000292366885357
12-05-2022,171023,1461,0,171023,0.85,0,1.0
12-06-2022,171023,1461,0,171023,0.85,0,1.0
12-07-2022,171023,1461,0,171023,0.85,0,1.0
12-08-2022,171023,1461,0,171023,0.85,0,1.0
12-09-2022,171023,1461,0,171023,0.85,0,1.0
12-10-2022,171023,1461,0,171023,0.85,0,1.0
12-11-2022,171023,1461,0,171023,0.85,0,1.0
12-12-2022,171023,1461,0,171023,0.85,0,1.0
12-13-2022,171023,1461,0,171023,0.85,0,1.0
12-14-2022,171023,1461,0,171023,0.85,0,1.0
12-15-2022,171023,1461,0,171023,0.85,0,1.0
12-16-2022,171023,1461,0,171023,0.85,0,1.0
12-17-2022,171023,1461,0,171023,0.85,0,1.0
12-18-2022,171023,1461,0,171023,0.85,0,1.0
12-19-2022,171038,1461,0,171038,0.85,0,1.0000877075013301
12-20-2022,171038,1461,0,171038,0.85,0,1.0
12-21-2022,171038,1461,0,171038,0.85,0,1.0
12-22-2022,171038,1461,0,171038,0.85,0,1.0
12-23-2022,171038,1461,0,171038,0.85,0,1.0
12-24-2022,171038,1461,0,171038,0.85,0,1.0
12-25-2022,171038,1461,0,171038,0.85,0,1.0
12-26-2022,171038,1461,0,171038,0.85,0,1.0
12-27-2022,171038,1461,0,171038,0.85,0,1.0
12-28-2022,171038,1461,0,171038,0.85,0,1.0
12-29-2022,171038,1461,0,171038,0.85,0,1.0
12-30-2022,171048,1461,0,171048,0.85,0,1.0000584665395993
12-31-2022,171048,1461,0,171048,0.85,0,1.0
01-01-2023,171048,1461,0,171048,0.85,0,1.0
01-02-2023,171048,1461,0,171048,0.85,0,1.0
01-03-2023,171065,1461,0,171065,0.85,0,1.0000993873064872
01-04-2023,171065,1461,0,171065,0.85,0,1.0
01-05-2023,171065,1461,0,171065,0.85,0,1.0
01-06-2023,171065,1461,0,171065,0.85,0,1.0
01-07-2023,171065,1461,0,171065,0.85,0,1.0
01-08-2023,171065,1461,0,171065,0.85,0,1.0
01-09-2023,171065,1461,0,171065,0.85,0,1.0
01-10-2023,171065,1461,0,171065,0.85,0,1.0
01-11-2023,171070,1461,0,171070,0.85,0,1.0000292286557741
01-12-2023,171080,1461,0,171080,0.85,0,1.0000584556029695
01-13-2023,171088,1462,0,171088,0.85,0,1.0000467617488895
01-14-2023,171089,1462,0,171089,0.85,0,1.0000058449452913
01-15-2023,171089,1462,0,171089,0.85,0,1.0
01-16-2023,171089,1462,0,171089,0.85,0,1.0
01-17-2023,171099,1462,0,171099,0.85,0,1.0000584491112812
01-18-2023,171099,1462,0,171099,0.85,0,1.0
01-19-2023,171099,1462,0,171099,0.85,0,1.0
01-20-2023,171102,1462,0,171102,0.85,0,1.0000175337085546
01-21-2023,171102,1462,0,171102,0.85,0,1.0
01-22-2023,171102,1462,0,171102,0.85,0,1.0
01-23-2023,171112,1462,0,171112,0.85,0,1.0000584446704306
01-24-2023,171112,1462,0,171112,0.85,0,1.0
01-25-2023,171112,1462,0,171112,0.85,0,1.0
01-26-2023,171112,1462,0,171112,0.85,0,1.0
01-27-2023,171112,1462,0,171112,0.85,0,1.0
01-28-2023,171112,1462,0,171112,0.85,0,1.0
01-29-2023,171112,1462,0,171112,0.85,0,1.0
01-30-2023,171112,1462,0,171112,0.85,0,1.0
01-31-2023,171112,1462,0,171112,0.85,0,1.0
02-01-2023,171112,1462,0,171112,0.85,0,1.0
02-02-2023,171112,1462,0,171112,0.85,0,1.0
02-03-2023,171112,1462,0,171112,0.85,0,1.0
02-04-2023,171112,1462,0,171112,0.85,0,1.0
02-05-2023,171112,1462,0,171112,0.85,0,1.0
02-06-2023,171112,1462,0,171112,0.85,0,1.0
02-07-2023,171140,1462,0,171140,0.85,0,1.0001636355135817
02-08-2023,171140,1462,0,171140,0.85,0,1.0
02-09-2023,171140,1462,0,171140,0.85,0,1.0
02-10-2023,171140,1462,0,171140,0.85,0,1.0
02-11-2023,171140,1462,0,171140,0.85,0,1.0
02-12-2023,171152,1462,0,171152,0.85,0,1.0000701180320206
02-13-2023,171152,1462,0,171152,0.85,0,1.0
02-14-2023,171152,1462,0,171152,0.85,0,1.0
02-15-2023,171152,1462,0,171152,0.85,0,1.0
02-16-2023,171152,1462,0,171152,0.85,0,1.0
02-17-2023,171152,1462,0,171152,0.85,0,1.0
02-18-2023,171160,1462,0,171160,0.85,0,1.0000467420772179
02-19-2023,171160,1462,0,171160,0.85,0,1.0
02-20-2023,171160,1462,0,171160,0.85,0,1.0
02-21-2023,171160,1462,0,171160,0.85,0,1.0
02-22-2023,171167,1462,0,171167,0.85,0,1.000040897405936
02-23-2023,171167,1462,0,171167,0.85,0,1.0
02-24-2023,171172,1462,0,171172,0.85,0,1.0000292112381475
02-25-2023,171172,1462,0,171172,0.85,0,1.0
02-26-2023,171172,1462,0,171172,0.85,0,1.0
02-27-2023,171172,1462,0,171172,0.85,0,1.0
02-28-2023,171172,1462,0,171172,0.85,0,1.0
03-01-2023,171172,1462,0,171172,0.85,0,1.0
03-02-2023,171172,1462,0,171172,0.85,0,1.0
03-03-2023,171172,1462,0,171172,0.85,0,1.0
03-04-2023,171172,1462,0,171172,0.85,0,1.0
03-05-2023,171209,1462,0,171209,0.85,0,1.0002161568480827
03-06-2023,171209,1462,0,171209,0.85,0,1.0
03-07-2023,171229,1462,0,171229,0.85,0,1.0001168162888634
03-08-2023,171229,1462,0,171229,0.85,0,1.0
03-09-2023,171229,1462,0,171229,0.85,0,1.0
