date,total_confirmed,total_deaths,total_recovered,total_infected,mortality_rate,recovery_rate,daily_growth_rate
03-08-2020,1,0,0,1,0.0,0.0,1
03-09-2020,1,0,0,1,0.0,0.0,1.0
03-10-2020,1,0,0,1,0.0,0.0,1.0
03-11-2020,5,0,0,5,0.0,0.0,5.0
03-12-2020,5,0,0,5,0.0,0.0,1.0
03-13-2020,6,0,0,6,0.0,0.0,1.2
03-14-2020,6,0,0,6,0.0,0.0,1.0
03-15-2020,6,0,0,6,0.0,0.0,1.0
03-16-2020,8,0,0,8,0.0,0.0,1.3333333333333333
03-17-2020,9,0,0,9,0.0,0.0,1.125
03-18-2020,11,0,0,11,0.0,0.0,1.2222222222222223
03-19-2020,11,0,0,11,0.0,0.0,1.0
03-20-2020,13,0,0,13,0.0,0.0,1.1818181818181819
03-21-2020,18,1,0,18,5.56,0.0,1.3846153846153846
03-22-2020,22,1,0,22,4.55,0.0,1.2222222222222223
03-23-2020,22,1,0,22,4.55,0.0,1.0
03-24-2020,27,2,0,27,7.41,0.0,1.2272727272727273
03-25-2020,37,3,0,37,8.11,0.0,1.3703703703703702
03-26-2020,41,3,0,41,7.32,0.0,1.1081081081081081
03-27-2020,52,3,1,51,5.77,1.92,1.2682926829268293
03-28-2020,56,3,1,55,5.36,1.79,1.0769230769230769
03-29-2020,59,3,1,58,5.08,1.69,1.0535714285714286
03-30-2020,64,3,1,63,4.69,1.56,1.0847457627118644
03-31-2020,65,3,1,64,4.62,1.54,1.015625
04-01-2020,69,3,1,68,4.35,1.45,1.0615384615384615
04-02-2020,77,3,2,75,3.9,2.6,1.1159420289855073
04-03-2020,92,3,6,86,3.26,6.52,1.1948051948051948
04-04-2020,96,3,12,84,3.13,12.5,1.0434782608695652
04-05-2020,104,3,12,92,2.88,11.54,1.0833333333333333
04-06-2020,113,5,12,101,4.42,10.62,1.0865384615384615
04-07-2020,115,5,15,100,4.35,13.04,1.0176991150442478
04-08-2020,119,5,15,104,4.2,12.61,1.0347826086956522
04-09-2020,124,5,18,106,4.03,14.52,1.0420168067226891
04-10-2020,129,6,18,111,4.65,13.95,1.0403225806451613
04-11-2020,133,6,18,115,4.51,13.53,1.0310077519379846
04-12-2020,134,6,22,112,4.48,16.42,1.0075187969924813
04-13-2020,147,6,22,125,4.08,14.97,1.0970149253731343
04-14-2020,159,7,22,137,4.4,13.84,1.0816326530612246
04-15-2020,161,8,23,138,4.97,14.29,1.0125786163522013
04-16-2020,174,8,30,144,4.6,17.24,1.0807453416149069
04-17-2020,199,8,30,169,4.02,15.08,1.1436781609195403
04-18-2020,202,8,35,167,3.96,17.33,1.015075376884422
04-19-2020,206,8,41,165,3.88,19.9,1.0198019801980198
04-20-2020,208,8,46,162,3.85,22.12,1.0097087378640777
04-21-2020,208,8,53,155,3.85,25.48,1.0
04-22-2020,213,9,62,151,4.23,29.11,1.0240384615384615
04-23-2020,213,9,67,146,4.23,31.46,1.0
04-24-2020,223,9,78,145,4.04,34.98,1.0469483568075117
04-25-2020,228,9,85,143,3.95,37.28,1.0224215246636772
04-26-2020,228,9,85,143,3.95,37.28,1.0
04-27-2020,228,9,93,135,3.95,40.79,1.0
04-28-2020,239,9,102,137,3.77,42.68,1.0482456140350878
04-29-2020,239,9,102,137,3.77,42.68,1.0
04-30-2020,266,10,113,153,3.76,42.48,1.112970711297071
05-01-2020,333,10,115,218,3.0,34.53,1.2518796992481203
05-02-2020,370,10,119,251,2.7,32.16,1.1111111111111112
05-03-2020,396,10,126,270,2.53,31.82,1.0702702702702702
05-04-2020,415,10,130,285,2.41,31.33,1.047979797979798
05-05-2020,431,10,135,296,2.32,31.32,1.03855421686747
05-06-2020,440,10,142,298,2.27,32.27,1.0208816705336428
05-07-2020,462,10,148,314,2.16,32.03,1.05
05-08-2020,563,10,152,411,1.78,27.0,1.2186147186147187
05-09-2020,689,10,155,534,1.45,22.5,1.2238010657193605
05-10-2020,713,10,165,548,1.4,23.14,1.034833091436865
05-11-2020,724,10,170,554,1.38,23.48,1.0154277699859748
05-12-2020,737,10,173,564,1.36,23.47,1.0179558011049723
05-13-2020,740,11,182,558,1.49,24.59,1.0040705563093624
05-14-2020,754,11,184,570,1.46,24.4,1.018918918918919
05-15-2020,759,11,193,566,1.45,25.43,1.006631299734748
05-16-2020,778,11,198,580,1.41,25.45,1.0250329380764163
05-17-2020,786,11,202,584,1.4,25.7,1.0102827763496145
05-18-2020,788,11,219,569,1.4,27.79,1.0025445292620865
05-19-2020,829,11,230,599,1.33,27.74,1.0520304568527918
05-20-2020,833,11,242,591,1.32,29.05,1.0048250904704463
05-21-2020,836,11,256,580,1.32,30.62,1.0036014405762306
05-22-2020,838,11,264,574,1.31,31.5,1.0023923444976077
05-23-2020,850,11,298,552,1.29,35.06,1.0143198090692125
05-24-2020,862,11,307,555,1.28,35.61,1.0141176470588236
05-25-2020,865,11,344,521,1.27,39.77,1.0034802784222738
05-26-2020,877,11,382,495,1.25,43.56,1.0138728323699422
05-27-2020,884,11,392,492,1.24,44.34,1.007981755986317
05-28-2020,900,11,402,498,1.22,44.67,1.0180995475113122
05-29-2020,917,11,413,504,1.2,45.04,1.018888888888889
05-30-2020,964,11,466,498,1.14,48.34,1.0512540894220284
05-31-2020,986,11,477,509,1.12,48.38,1.0228215767634854
06-01-2020,995,11,488,507,1.11,49.05,1.0091277890466532
06-02-2020,1013,11,498,515,1.09,49.16,1.0180904522613066
06-03-2020,1070,11,511,559,1.03,47.76,1.0562685093780848
06-04-2020,1086,11,511,575,1.01,47.05,1.0149532710280373
06-05-2020,1087,11,516,571,1.01,47.47,1.0009208103130756
06-06-2020,1090,11,532,558,1.01,48.81,1.0027598896044159
06-07-2020,1135,11,575,560,0.97,50.66,1.0412844036697249
06-08-2020,1145,11,603,542,0.96,52.66,1.0088105726872247
06-09-2020,1187,11,604,583,0.93,50.88,1.0366812227074236
06-10-2020,1202,11,619,583,0.92,51.5,1.012636899747262
06-11-2020,1230,11,624,606,0.89,50.73,1.0232945091514143
06-12-2020,1254,11,633,621,0.88,50.48,1.0195121951219512
06-13-2020,1261,11,647,614,0.87,51.31,1.0055821371610845
06-14-2020,1289,11,650,639,0.85,50.43,1.022204599524187
06-15-2020,1296,12,673,623,0.93,51.93,1.0054305663304888
06-16-2020,1303,13,699,604,1.0,53.65,1.0054012345679013
06-17-2020,1308,13,711,597,0.99,54.36,1.0038372985418265
06-18-2020,1330,13,717,613,0.98,53.91,1.0168195718654434
06-19-2020,1336,13,741,595,0.97,55.46,1.0045112781954888
06-20-2020,1362,13,791,571,0.95,58.08,1.0194610778443114
06-21-2020,1379,13,871,508,0.94,63.16,1.012481644640235
06-22-2020,1392,13,903,489,0.93,64.87,1.009427121102248
06-23-2020,1422,13,926,496,0.91,65.12,1.021551724137931
06-24-2020,1528,13,944,584,0.85,61.78,1.0745428973277074
06-25-2020,1569,13,976,593,0.83,62.21,1.0268324607329844
06-26-2020,1711,13,1013,698,0.76,59.21,1.0905035054174634
06-27-2020,1942,15,1045,897,0.77,53.81,1.135008766803039
06-28-2020,2127,15,1065,1062,0.71,50.07,1.0952626158599381
06-29-2020,2191,16,1080,1111,0.73,49.29,1.0300893276915843
06-30-2020,2221,17,1089,1132,0.77,49.03,1.0136923779096303
07-01-2020,2260,19,1102,1158,0.84,48.76,1.0175596578117965
07-02-2020,2303,19,1108,1195,0.83,48.11,1.0190265486725665
07-03-2020,2349,19,1113,1236,0.81,47.38,1.0199739470256188
07-04-2020,2385,20,1134,1251,0.84,47.55,1.0153256704980842
07-05-2020,2427,20,1166,1261,0.82,48.04,1.0176100628930818
07-06-2020,2456,20,1180,1276,0.81,48.05,1.011948908117017
07-07-2020,2502,20,1193,1309,0.8,47.68,1.018729641693811
07-08-2020,2554,20,1212,1342,0.78,47.45,1.020783373301359
07-09-2020,2638,20,1229,1409,0.76,46.59,1.0328895849647612
07-10-2020,2736,20,1256,1480,0.73,45.91,1.0371493555724034
07-11-2020,2820,21,1261,1559,0.74,44.72,1.030701754385965
07-12-2020,2948,22,1275,1673,0.75,43.25,1.0453900709219859
07-13-2020,2980,25,1293,1687,0.84,43.39,1.010854816824966
07-14-2020,3074,25,1308,1766,0.81,42.55,1.0315436241610738
07-15-2020,3198,25,1338,1860,0.78,41.84,1.040338321405335
07-16-2020,3342,27,1379,1963,0.81,41.26,1.0450281425891181
07-17-2020,3457,28,1481,1976,0.81,42.84,1.0344105326152004
07-18-2020,3629,29,1643,1986,0.8,45.27,1.04975412207116
07-19-2020,3721,31,1918,1803,0.83,51.55,1.025351336456324
07-20-2020,3748,33,2171,1577,0.88,57.92,1.0072561139478635
07-21-2020,3817,35,2307,1510,0.92,60.44,1.018409818569904
07-22-2020,4000,36,2391,1609,0.9,59.78,1.047943411055803
07-23-2020,4113,36,2487,1626,0.88,60.47,1.02825
07-24-2020,4224,38,2596,1628,0.9,61.46,1.0269876002917577
07-25-2020,4328,40,2679,1649,0.92,61.9,1.0246212121212122
07-26-2020,4444,41,2794,1650,0.92,62.87,1.0268022181146026
07-27-2020,4548,43,2905,1643,0.95,63.87,1.0234023402340233
07-28-2020,4674,45,3039,1635,0.96,65.02,1.0277044854881265
07-29-2020,4866,46,3169,1697,0.95,65.13,1.0410783055198973
07-30-2020,5207,47,3250,1957,0.9,62.42,1.070078092889437
07-31-2020,5338,49,3548,1790,0.92,66.47,1.0251584405607836
08-01-2020,5485,52,3786,1699,0.95,69.02,1.0275384038965905
08-02-2020,5644,52,3966,1678,0.92,70.27,1.0289881494986326
08-03-2020,5724,55,4249,1475,0.96,74.23,1.0141743444365698
08-04-2020,5852,59,4645,1207,1.01,79.37,1.0223619846261356
08-05-2020,6060,61,4839,1221,1.01,79.85,1.0355434039644567
08-06-2020,6375,66,4974,1401,1.04,78.02,1.051980198019802
08-07-2020,6508,69,5123,1385,1.06,78.72,1.0208627450980392
08-08-2020,6705,72,5181,1524,1.07,77.27,1.0302704363859865
08-09-2020,6907,75,5222,1685,1.09,75.6,1.0301267710663684
08-10-2020,7234,82,5276,1958,1.13,72.93,1.0473432749384681
08-11-2020,7519,86,5326,2193,1.14,70.83,1.0393972905722975
08-12-2020,8018,93,5384,2634,1.16,67.15,1.0663652081393802
08-13-2020,8389,97,5516,2873,1.16,65.75,1.046270890496383
08-14-2020,9022,108,5657,3365,1.2,62.7,1.0754559542257718
08-15-2020,9381,127,5841,3540,1.35,62.26,1.0397916204832631
08-16-2020,9791,138,6034,3757,1.41,61.63,1.0437053619017163
08-17-2020,10135,145,6210,3925,1.43,61.27,1.0351343070166479
08-18-2020,10606,161,6402,4204,1.52,60.36,1.0464726196349285
08-19-2020,11133,165,6582,4551,1.48,59.12,1.0496888553648878
08-20-2020,11817,170,6783,5034,1.44,57.4,1.0614389652384801
08-21-2020,12536,182,7007,5529,1.45,55.9,1.0608445459930609
08-22-2020,12974,192,7197,5777,1.48,55.47,1.0349393746011486
08-23-2020,13233,205,7417,5816,1.55,56.05,1.0199630029289348
08-24-2020,13602,219,7649,5953,1.61,56.23,1.0278848333711177
08-25-2020,14228,231,7883,6345,1.62,55.4,1.0460226437288633
08-26-2020,14872,247,8134,6738,1.66,54.69,1.0452628619623279
08-27-2020,15290,265,8348,6942,1.73,54.6,1.0281065088757397
08-28-2020,15873,280,8595,7278,1.76,54.15,1.0381294964028778
08-29-2020,16474,294,8854,7620,1.78,53.75,1.0378630378630378
08-30-2020,17105,308,9146,7959,1.8,53.47,1.0383027801384
08-31-2020,17662,326,9421,8241,1.85,53.34,1.0325635779011986
09-01-2020,18338,348,9721,8617,1.9,53.01,1.0382742611255804
09-02-2020,19138,358,9981,9157,1.87,52.15,1.0436252590249755
09-03-2020,19959,373,10251,9708,1.87,51.36,1.0428989445083081
09-04-2020,20654,398,10523,10131,1.93,50.95,1.0348213838368656
09-05-2020,21871,412,10810,11061,1.88,49.43,1.0589232110002904
09-06-2020,22486,435,11133,11353,1.93,49.51,1.0281194275524668
09-07-2020,23353,449,11524,11829,1.92,49.35,1.0385573245575024
09-08-2020,24214,463,11920,12294,1.91,49.23,1.0368689247634137
09-09-2020,25026,474,12309,12717,1.89,49.18,1.0335343189890147
09-10-2020,25631,485,12729,12902,1.89,49.66,1.0241748581475265
09-11-2020,26512,496,13181,13331,1.87,49.72,1.034372439623893
09-12-2020,27324,514,13679,13645,1.88,50.06,1.0306276403138201
09-13-2020,27817,525,14288,13529,1.89,51.36,1.018042746303616
09-14-2020,28367,539,14814,13553,1.9,52.22,1.0197720818204694
09-15-2020,29298,552,15261,14037,1.88,52.09,1.0328198258539854
09-16-2020,30419,566,15740,14679,1.86,51.74,1.0382619974059664
09-17-2020,31113,584,16313,14800,1.88,52.43,1.0228146881883033
09-18-2020,32127,611,16921,15206,1.9,52.67,1.0325908784109536
09-19-2020,33015,636,17535,15480,1.93,53.11,1.0276403025492575
09-20-2020,33520,659,18117,15403,1.97,54.05,1.015296077540512
09-21-2020,34260,676,18629,15631,1.97,54.38,1.022076372315036
09-22-2020,34828,705,19257,15571,2.02,55.29,1.016579100992411
09-23-2020,35571,727,19867,15704,2.04,55.85,1.0213334099000804
09-24-2020,36404,743,20502,15902,2.04,56.32,1.0234179528267409
09-25-2020,37226,761,21117,16109,2.04,56.73,1.0225799362707395
09-26-2020,37922,782,21757,16165,2.06,57.37,1.018696609896309
09-27-2020,38684,803,22419,16265,2.08,57.95,1.0200938769052266
09-28-2020,39432,818,23063,16369,2.07,58.49,1.0193361596525696
09-29-2020,40101,841,23748,16353,2.1,59.22,1.0169659160073037
09-30-2020,40758,857,24449,16309,2.1,59.99,1.0163836313308896
10-01-2020,41799,869,25167,16632,2.08,60.21,1.0255409980862653
10-02-2020,42684,890,25803,16881,2.09,60.45,1.0211727553290748
10-03-2020,43452,913,26512,16940,2.1,61.01,1.0179926904694967
10-04-2020,44182,929,27203,16979,2.1,61.57,1.0168001472889625
10-05-2020,44715,947,27887,16828,2.12,62.37,1.0120637363632248
10-06-2020,45647,966,28546,17101,2.12,62.54,1.0208431175220842
10-07-2020,46435,989,29270,17165,2.13,63.03,1.0172629088439546
10-08-2020,47316,1012,29976,17340,2.14,63.35,1.018972757618176
10-09-2020,48275,1045,30643,17632,2.16,63.48,1.020267985459464
10-10-2020,48978,1065,31351,17627,2.17,64.01,1.0145624029000517
10-11-2020,49675,1077,32090,17585,2.17,64.6,1.0142308791702397
10-12-2020,50344,1096,32751,17593,2.18,65.05,1.0134675390035228
10-13-2020,51197,1108,33325,17872,2.16,65.09,1.0169434292070554
10-14-2020,51845,1131,33921,17924,2.18,65.43,1.0126569916206027
10-15-2020,52596,1150,34427,18169,2.19,65.46,1.0144854855820233
10-16-2020,53482,1165,34927,18555,2.18,65.31,1.0168453874819379
10-17-2020,54015,1179,35524,18491,2.18,65.77,1.009965969859018
10-18-2020,54724,1188,36068,18656,2.17,65.91,1.0131259835230955
10-19-2020,55452,1207,36663,18789,2.18,66.12,1.0133031211168775
10-20-2020,56073,1231,37167,18906,2.2,66.28,1.0111988747024454
10-21-2020,56819,1250,37673,19146,2.2,66.3,1.0133040857453677
10-22-2020,57526,1262,38187,19339,2.19,66.38,1.0124430208205002
10-23-2020,58259,1278,38797,19462,2.19,66.59,1.0127420644578105
10-24-2020,59043,1293,39214,19829,2.19,66.42,1.0134571482517722
10-25-2020,59594,1309,39735,19859,2.2,66.68,1.009332181630337
10-26-2020,60109,1333,40247,19862,2.22,66.96,1.0086418095781455
10-27-2020,60557,1347,40748,19809,2.22,67.29,1.007453126819611
10-28-2020,61290,1359,41288,20002,2.22,67.36,1.0121042984295787
10-29-2020,62050,1373,41800,20250,2.21,67.37,1.0124000652635015
10-30-2020,62596,1387,42337,20259,2.22,67.64,1.008799355358582
10-31-2020,63185,1404,42900,20285,2.22,67.9,1.0094095469359063
11-01-2020,63731,1418,43403,20328,2.22,68.1,1.0086412914457545
11-02-2020,64156,1429,44006,20150,2.23,68.59,1.0066686541871304
11-03-2020,64628,1441,44523,20105,2.23,68.89,1.0073570671488248
11-04-2020,65258,1454,45123,20135,2.23,69.15,1.0097480968001484
11-05-2020,65778,1462,45794,19984,2.22,69.62,1.0079683716938919
11-06-2020,66481,1472,46466,20015,2.21,69.89,1.0106874638937031
11-07-2020,66941,1479,47154,19787,2.21,70.44,1.0069192701674163
11-08-2020,67589,1490,47822,19767,2.2,70.75,1.009680166116431
11-09-2020,67948,1502,48437,19511,2.21,71.29,1.0053115151873826
11-10-2020,68497,1516,49039,19458,2.21,71.59,1.0080797080120092
11-11-2020,69106,1532,49545,19561,2.22,71.69,1.0088909003314013
11-12-2020,69653,1543,50045,19608,2.22,71.85,1.0079153763783173
11-13-2020,70392,1556,50514,19878,2.21,71.76,1.010609736838327
11-14-2020,71065,1569,50965,20100,2.21,71.72,1.009560745539266
11-15-2020,71574,1587,51375,20199,2.22,71.78,1.0071624569056497
11-16-2020,72099,1602,51776,20323,2.22,71.81,1.007335065806019
11-17-2020,72857,1613,52182,20675,2.21,71.62,1.0105133219600826
11-18-2020,73639,1624,52608,21031,2.21,71.44,1.0107333543791261
11-19-2020,74495,1636,53060,21435,2.2,71.23,1.0116242751802713
11-20-2020,75058,1647,53502,21556,2.19,71.28,1.0075575541982684
11-21-2020,75857,1652,53988,21869,2.18,71.17,1.0106451011217992
11-22-2020,76476,1657,54491,21985,2.17,71.25,1.0081600906969692
11-23-2020,77072,1665,55046,22026,2.16,71.42,1.00779329462838
11-24-2020,77891,1677,55531,22360,2.15,71.29,1.0106264272368695
11-25-2020,78878,1691,56025,22853,2.14,71.03,1.0126715538380557
11-26-2020,79517,1704,56510,23007,2.14,71.07,1.0081011181825097
11-27-2020,80436,1720,56991,23445,2.14,70.85,1.0115572770602512
11-28-2020,81131,1731,57496,23635,2.13,70.87,1.0086404097667712
11-29-2020,81906,1743,57947,23959,2.13,70.75,1.0095524522069246
11-30-2020,82424,1756,58453,23971,2.13,70.92,1.0063243230044197
12-01-2020,83479,1771,58949,24530,2.12,70.62,1.0127996699990294
12-02-2020,84482,1783,59465,25017,2.11,70.39,1.0120149977838737
12-03-2020,85477,1796,60086,25391,2.1,70.29,1.011777656778959
12-04-2020,86499,1813,60644,25855,2.1,70.11,1.0119564327245927
12-05-2020,87213,1833,61283,25930,2.1,70.27,1.00825443068706
12-06-2020,87920,1853,61948,25972,2.11,70.46,1.0081065896139336
12-07-2020,88723,1872,62603,26120,2.11,70.56,1.0091333030027299
12-08-2020,89421,1887,63243,26178,2.11,70.72,1.0078671821286476
12-09-2020,90146,1901,63891,26255,2.11,70.88,1.0081077151899442
12-10-2020,90958,1914,64527,26431,2.1,70.94,1.0090076098773102
12-11-2020,92113,1927,65176,26937,2.09,70.76,1.0126981683854086
12-12-2020,92913,1937,65852,27061,2.08,70.87,1.0086849847469956
12-13-2020,93582,1953,66543,27039,2.09,71.11,1.007200284136773
12-14-2020,94223,1971,67242,26981,2.09,71.36,1.0068496078305658
12-15-2020,95353,1991,67953,27400,2.09,71.26,1.0119928255309214
12-16-2020,96209,2014,68658,27551,2.09,71.36,1.0089771690455465
12-17-2020,97028,2032,69351,27677,2.09,71.48,1.0085127171054684
12-18-2020,98296,2050,70101,28195,2.09,71.32,1.013068392628932
12-19-2020,99157,2072,70943,28214,2.09,71.55,1.0087592577520956
12-20-2020,99789,2088,71807,27982,2.09,71.96,1.006373730548524
12-21-2020,100612,2103,72721,27891,2.09,72.28,1.0082474020182586
12-22-2020,101544,2120,73646,27898,2.09,72.53,1.0092633085516638
12-23-2020,102371,2138,74573,27798,2.09,72.85,1.0081442527377296
12-24-2020,103329,2154,75509,27820,2.08,73.08,1.0093581189985446
12-25-2020,103888,2154,75509,28379,2.07,72.68,1.0054099042863087
12-26-2020,104162,2174,77359,26803,2.09,74.27,1.0026374557215463
12-27-2020,104422,2188,78262,26160,2.1,74.95,1.0024961118258098
12-28-2020,105374,2202,79171,26203,2.09,75.13,1.009116852770489
12-29-2020,106136,2220,80097,26039,2.09,75.47,1.0072313853512251
12-30-2020,106958,2242,81034,25924,2.1,75.76,1.0077447802819024
12-31-2020,107932,2262,81977,25955,2.1,75.95,1.0091063782045289
01-01-2021,108349,2262,81977,26372,2.09,75.66,1.003863543712708
01-02-2021,108718,2279,83880,24838,2.1,77.15,1.00340566133513
01-03-2021,109073,2292,84837,24236,2.1,77.78,1.0032653286484299
01-04-2021,109837,2305,85800,24037,2.1,78.12,1.007004483235998
01-05-2021,110796,2321,86786,24010,2.09,78.33,1.0087311197501752
01-06-2021,111694,2337,87747,23947,2.09,78.56,1.0081049857395574
01-07-2021,112856,2352,88724,24132,2.08,78.62,1.0104034236395867
01-08-2021,113994,2372,89646,24348,2.08,78.64,1.0100836464166725
01-09-2021,115026,2387,90547,24479,2.08,78.72,1.009053108058319
01-10-2021,115733,2405,91443,24290,2.08,79.01,1.0061464364578443
01-11-2021,116535,2420,92324,24211,2.08,79.22,1.0069297434612428
01-12-2021,117590,2437,93258,24332,2.07,79.31,1.0090530741837216
01-13-2021,118592,2451,94140,24452,2.07,79.38,1.0085211327493835
01-14-2021,119640,2466,94983,24657,2.06,79.39,1.0088370210469508
01-15-2021,120789,2479,95815,24974,2.05,79.32,1.009603811434303
01-16-2021,121648,2495,96687,24961,2.05,79.48,1.007111574729487
01-17-2021,122160,2505,97588,24572,2.05,79.89,1.0042088649217413
01-18-2021,122588,2518,98465,24123,2.05,80.32,1.0035036018336607
01-19-2021,123359,2535,99303,24056,2.05,80.5,1.0062893594805364
01-20-2021,124447,2556,100085,24362,2.05,80.42,1.0088197861526116
01-21-2021,125518,2570,100848,24670,2.05,80.35,1.0086060732681383
01-22-2021,126370,2585,101599,24771,2.05,80.4,1.0067878710623177
01-23-2021,127081,2607,102344,24737,2.05,80.53,1.0056263353644062
01-24-2021,127652,2617,103083,24569,2.05,80.75,1.0044931972521463
01-25-2021,128366,2632,103811,24555,2.05,80.87,1.0055933318710244
01-26-2021,129394,2651,104570,24824,2.05,80.82,1.0080083511210134
01-27-2021,130163,2668,105353,24810,2.05,80.94,1.0059430885512466
01-28-2021,130917,2681,106109,24808,2.05,81.05,1.005792736799244
01-29-2021,131886,2693,106883,25003,2.04,81.04,1.0074016361511493
01-30-2021,132548,2704,107634,24914,2.04,81.2,1.0050194865262423
01-31-2021,133227,2718,108426,24801,2.04,81.38,1.005122672541268
02-01-2021,133781,2733,109227,24554,2.04,81.65,1.0041583162572152
02-02-2021,134482,2750,110041,24441,2.04,81.83,1.0052399070122064
02-03-2021,135229,2765,110832,24397,2.04,81.96,1.00555464671852
02-04-2021,136023,2779,111667,24356,2.04,82.09,1.005871521641068
02-05-2021,136890,2791,112488,24402,2.04,82.17,1.0063739220572991
02-06-2021,137603,2807,113366,24237,2.04,82.39,1.005208561618818
02-07-2021,138118,2826,114258,23860,2.05,82.72,1.0037426509596448
02-08-2021,138945,2846,115157,23788,2.05,82.88,1.005987633762435
02-09-2021,139819,2862,116060,23759,2.05,83.01,1.006290258735471
02-10-2021,140797,2876,116951,23846,2.04,83.06,1.006994757507921
02-11-2021,141775,2891,117855,23920,2.04,83.13,1.0069461707280696
02-12-2021,142598,2904,118750,23848,2.04,83.28,1.0058049726679599
02-13-2021,143443,2920,119669,23774,2.04,83.43,1.005925749309247
02-14-2021,144042,2936,120611,23431,2.04,83.73,1.0041758747377008
02-15-2021,145095,2953,121542,23553,2.04,83.77,1.0073103678093889
02-16-2021,146216,2971,122493,23723,2.03,83.78,1.007725972638616
02-17-2021,147253,2991,123293,23960,2.03,83.73,1.0070922470865022
02-18-2021,148622,3008,124105,24517,2.02,83.5,1.0092969243411
02-19-2021,149684,3026,125028,24656,2.02,83.53,1.007145644655569
02-20-2021,150731,3045,125967,24764,2.02,83.57,1.0069947355762807
02-21-2021,151718,3065,126919,24799,2.02,83.65,1.0065480889797056
02-22-2021,152658,3080,127819,24839,2.02,83.73,1.0061957051898918
02-23-2021,153790,3101,128731,25059,2.02,83.71,1.0074152681156572
02-24-2021,154904,3119,129631,25273,2.01,83.68,1.0072436439300345
02-25-2021,156189,3135,130531,25658,2.01,83.57,1.008295460414192
02-26-2021,157603,3152,131461,26142,2.0,83.41,1.0090531343436477
02-27-2021,158537,3167,132445,26092,2.0,83.54,1.0059262831291282
02-28-2021,159474,3181,133435,26039,1.99,83.67,1.0059102922346204
03-01-2021,160448,3198,134392,26056,1.99,83.76,1.0061075786648608
03-02-2021,161530,3218,135373,26157,1.99,83.81,1.006743617869964
03-03-2021,162871,3239,136366,26505,1.99,83.73,1.0083018634309415
03-04-2021,164310,3256,137368,26942,1.98,83.6,1.0088352131441447
03-05-2021,165811,3278,138383,27428,1.98,83.46,1.0091351713225
03-06-2021,166969,3294,139483,27486,1.97,83.54,1.0069838551121457
03-07-2021,168043,3318,140561,27482,1.97,83.65,1.006432331750205
03-08-2021,169860,3343,141682,28178,1.97,83.41,1.0108127086519523
03-09-2021,171985,3360,142893,29092,1.95,83.08,1.012510302602143
03-10-2021,174013,3387,144144,29869,1.95,82.84,1.0117917260226184
03-11-2021,175827,3411,145470,30357,1.94,82.73,1.0104245085137318
03-12-2021,177593,3436,146771,30822,1.93,82.64,1.0100439636688336
03-13-2021,179072,3456,148121,30951,1.93,82.72,1.0083280309471656
03-14-2021,180014,3476,149429,30585,1.93,83.01,1.0052604538956398
03-15-2021,181414,3517,150870,30544,1.94,83.16,1.0077771728865532
03-16-2021,183348,3554,152280,31068,1.94,83.06,1.010660698733284
03-17-2021,185888,3588,153781,32107,1.93,82.73,1.013853437179571
03-18-2021,188493,3620,155244,33249,1.92,82.36,1.0140138147701843
03-19-2021,190499,3662,156754,33745,1.92,82.29,1.0106423050192845
03-20-2021,192599,3695,158244,34355,1.92,82.16,1.0110236799143302
03-21-2021,194122,3730,159774,34348,1.92,82.31,1.007907621534899
03-22-2021,196112,3769,161319,34793,1.92,82.26,1.010251285274209
03-23-2021,198135,3818,162879,35256,1.93,82.21,1.0103155339805825
03-24-2021,200823,3869,164401,36422,1.93,81.86,1.0135665076841547
03-25-2021,202700,3910,166002,36698,1.93,81.9,1.0093465389920477
03-26-2021,204704,3958,167603,37101,1.93,81.88,1.0098865318204242
03-27-2021,206597,4003,169197,37400,1.94,81.9,1.0092474988275755
03-28-2021,208655,4063,170802,37853,1.95,81.86,1.0099614224795133
03-29-2021,210425,4113,172386,38039,1.95,81.92,1.0084829023986963
03-30-2021,212691,4161,173994,38697,1.96,81.81,1.0107686824284188
03-31-2021,214667,4206,175614,39053,1.96,81.81,1.0092904730336498
04-01-2021,216278,4250,177202,39076,1.97,81.93,1.007504646731915
04-02-2021,217886,4294,178804,39082,1.97,82.06,1.0074348754843303
04-03-2021,219393,4344,180369,39024,1.98,82.21,1.0069164609015724
04-04-2021,221207,4399,181949,39258,1.99,82.25,1.0082682674470016
04-05-2021,222663,4463,183552,39111,2.0,82.43,1.0065820701876522
04-06-2021,224736,4522,185131,39605,2.01,82.38,1.0093100335484566
04-07-2021,227116,4584,186730,40386,2.02,82.22,1.010590203616688
04-08-2021,229595,4644,188340,41255,2.02,82.03,1.0109151270716286
04-09-2021,232142,4698,189971,42171,2.02,81.83,1.0110934471569504
04-10-2021,233745,4749,191614,42131,2.03,81.98,1.0069052562655616
04-11-2021,235292,4827,193286,42006,2.05,82.15,1.0066183233865964
04-12-2021,237542,4889,194987,42555,2.06,82.09,1.0095625860632746
